---------- 1: r2_h1 ----------
Offset(%)	Offset(pix)	Profile	Background
0.0000	0	62.0000	62.0000
0.3788	1	62.0000	63.0000
0.7576	2	64.0000	64.0000
1.1364	3	66.0000	64.4444
1.5152	4	65.0000	64.8889
1.8939	5	63.0000	65.3333
2.2727	6	63.0000	65.7778
2.6515	7	62.0000	66.2222
3.0303	8	67.0000	66.6667
3.4091	9	77.0000	67.1111
3.7879	10	79.0000	67.5556
4.1667	11	70.0000	68.0000
4.5455	12	67.0000	68.4444
4.9242	13	70.0000	68.8889
5.3030	14	73.0000	69.3333
5.6818	15	83.0000	69.7778
6.0606	16	90.0000	70.2222
6.4394	17	86.0000	70.6667
6.8182	18	80.0000	71.1111
7.1970	19	80.0000	71.5556
7.5758	20	79.0000	72.0000
7.9545	21	78.0000	72.4444
8.3333	22	76.0000	72.8889
8.7121	23	76.0000	73.3333
9.0909	24	76.0000	73.7778
9.4697	25	77.0000	74.2222
9.8485	26	77.0000	74.6667
10.2273	27	77.0000	75.1111
10.6061	28	78.0000	75.5556
10.9848	29	76.0000	76.0000
11.3636	30	79.0000	75.8070
11.7424	31	78.0000	75.6140
12.1212	32	78.0000	75.4211
12.5000	33	79.0000	75.2281
12.8788	34	79.0000	75.0351
13.2576	35	80.0000	74.8421
13.6364	36	82.0000	74.6491
14.0152	37	83.0000	74.4561
14.3939	38	86.0000	74.2632
14.7727	39	89.0000	74.0702
15.1515	40	94.0000	73.8772
15.5303	41	103.0000	73.6842
15.9091	42	116.0000	73.4912
16.2879	43	135.0000	73.2982
16.6667	44	166.0000	73.1053
17.0455	45	196.0000	72.9123
17.4242	46	199.0000	72.7193
17.8030	47	184.0000	72.5263
18.1818	48	164.0000	72.3333
18.5606	49	143.0000	72.1404
18.9394	50	131.0000	71.9474
19.3182	51	116.0000	71.7544
19.6970	52	108.0000	71.5614
20.0758	53	103.0000	71.3684
20.4545	54	94.0000	71.1754
20.8333	55	92.0000	70.9825
21.2121	56	87.0000	70.7895
21.5909	57	85.0000	70.5965
21.9697	58	83.0000	70.4035
22.3485	59	79.0000	70.2105
22.7273	60	80.0000	70.0175
23.1061	61	77.0000	69.8246
23.4848	62	75.0000	69.6316
23.8636	63	74.0000	69.4386
24.2424	64	73.0000	69.2456
24.6212	65	72.0000	69.0526
25.0000	66	73.0000	68.8596
25.3788	67	72.0000	68.6667
25.7576	68	70.0000	68.4737
26.1364	69	70.0000	68.2807
26.5152	70	71.0000	68.0877
26.8939	71	69.0000	67.8947
27.2727	72	68.0000	67.7018
27.6515	73	68.0000	67.5088
28.0303	74	69.0000	67.3158
28.4091	75	67.0000	67.1228
28.7879	76	68.0000	66.9298
29.1667	77	67.0000	66.7368
29.5455	78	68.0000	66.5439
29.9242	79	67.0000	66.3509
30.3030	80	67.0000	66.1579
30.6818	81	66.0000	65.9649
31.0606	82	66.0000	65.7719
31.4394	83	67.0000	65.5789
31.8182	84	67.0000	65.3860
32.1970	85	67.0000	65.1930
32.5758	86	65.0000	65.0000
32.9545	87	66.0000	65.0000
33.3333	88	67.0000	65.0000
33.7121	89	65.0000	65.0000
34.0909	90	66.0000	65.0556
34.4697	91	66.0000	65.1111
34.8485	92	66.0000	65.1667
35.2273	93	66.0000	65.2222
35.6061	94	67.0000	65.2778
35.9848	95	66.0000	65.3333
36.3636	96	66.0000	65.3889
36.7424	97	66.0000	65.4444
37.1212	98	67.0000	65.5000
37.5000	99	67.0000	65.5556
37.8788	100	67.0000	65.6111
38.2576	101	67.0000	65.6667
38.6364	102	66.0000	65.7222
39.0152	103	68.0000	65.7778
39.3939	104	67.0000	65.8333
39.7727	105	68.0000	65.8889
40.1515	106	67.0000	65.9444
40.5303	107	68.0000	66.0000
40.9091	108	67.0000	66.0556
41.2879	109	66.0000	66.1111
41.6667	110	68.0000	66.1667
42.0455	111	68.0000	66.2222
42.4242	112	67.0000	66.2778
42.8030	113	67.0000	66.3333
43.1818	114	68.0000	66.3889
43.5606	115	68.0000	66.4444
43.9394	116	69.0000	66.5000
44.3182	117	69.0000	66.5556
44.6970	118	67.0000	66.6111
45.0758	119	68.0000	66.6667
45.4545	120	67.0000	66.7222
45.8333	121	68.0000	66.7778
46.2121	122	67.0000	66.8333
46.5909	123	69.0000	66.8889
46.9697	124	70.0000	66.9444
47.3485	125	67.0000	67.0000
47.7273	126	69.0000	67.0800
48.1061	127	69.0000	67.1600
48.4848	128	69.0000	67.2400
48.8636	129	67.0000	67.3200
49.2424	130	69.0000	67.4000
49.6212	131	69.0000	67.4800
50.0000	132	69.0000	67.5600
50.3788	133	70.0000	67.6400
50.7576	134	68.0000	67.7200
51.1364	135	69.0000	67.8000
51.5152	136	70.0000	67.8800
51.8939	137	70.0000	67.9600
52.2727	138	71.0000	68.0400
52.6515	139	67.0000	68.1200
53.0303	140	70.0000	68.2000
53.4091	141	69.0000	68.2800
53.7879	142	70.0000	68.3600
54.1667	143	69.0000	68.4400
54.5455	144	70.0000	68.5200
54.9242	145	70.0000	68.6000
55.3030	146	71.0000	68.6800
55.6818	147	70.0000	68.7600
56.0606	148	69.0000	68.8400
56.4394	149	69.0000	68.9200
56.8182	150	69.0000	69.0000
57.1970	151	70.0000	69.1154
57.5758	152	69.0000	69.2308
57.9545	153	69.0000	69.3462
58.3333	154	70.0000	69.4615
58.7121	155	71.0000	69.5769
59.0909	156	71.0000	69.6923
59.4697	157	70.0000	69.8077
59.8485	158	70.0000	69.9231
60.2273	159	71.0000	70.0385
60.6061	160	71.0000	70.1538
60.9848	161	71.0000	70.2692
61.3636	162	70.0000	70.3846
61.7424	163	71.0000	70.5000
62.1212	164	70.0000	70.6154
62.5000	165	72.0000	70.7308
62.8788	166	72.0000	70.8462
63.2576	167	71.0000	70.9615
63.6364	168	71.0000	71.0769
64.0152	169	72.0000	71.1923
64.3939	170	72.0000	71.3077
64.7727	171	73.0000	71.4231
65.1515	172	72.0000	71.5385
65.5303	173	73.0000	71.6538
65.9091	174	72.0000	71.7692
66.2879	175	74.0000	71.8846
66.6667	176	72.0000	72.0000
67.0455	177	72.0000	72.2667
67.4242	178	72.0000	72.5333
67.8030	179	73.0000	72.8000
68.1818	180	74.0000	73.0667
68.5606	181	73.0000	73.3333
68.9394	182	73.0000	73.6000
69.3182	183	73.0000	73.8667
69.6970	184	74.0000	74.1333
70.0758	185	74.0000	74.4000
70.4545	186	73.0000	74.6667
70.8333	187	75.0000	74.9333
71.2121	188	74.0000	75.2000
71.5909	189	76.0000	75.4667
71.9697	190	75.0000	75.7333
72.3485	191	77.0000	76.0000
72.7273	192	75.0000	76.2667
73.1061	193	76.0000	76.5333
73.4848	194	76.0000	76.8000
73.8636	195	76.0000	77.0667
74.2424	196	77.0000	77.3333
74.6212	197	76.0000	77.6000
75.0000	198	77.0000	77.8667
75.3788	199	78.0000	78.1333
75.7576	200	79.0000	78.4000
76.1364	201	77.0000	78.6667
76.5152	202	80.0000	78.9333
76.8939	203	79.0000	79.2000
77.2727	204	80.0000	79.4667
77.6515	205	80.0000	79.7333
78.0303	206	80.0000	80.0000
78.4091	207	80.0000	79.9464
78.7879	208	81.0000	79.8929
79.1667	209	79.0000	79.8393
79.5455	210	82.0000	79.7857
79.9242	211	84.0000	79.7321
80.3030	212	82.0000	79.6786
80.6818	213	83.0000	79.6250
81.0606	214	83.0000	79.5714
81.4394	215	83.0000	79.5179
81.8182	216	83.0000	79.4643
82.1970	217	83.0000	79.4107
82.5758	218	84.0000	79.3571
82.9545	219	86.0000	79.3036
83.3333	220	82.0000	79.2500
83.7121	221	84.0000	79.1964
84.0909	222	82.0000	79.1429
84.4697	223	85.0000	79.0893
84.8485	224	86.0000	79.0357
85.2273	225	83.0000	78.9821
85.6061	226	84.0000	78.9286
85.9848	227	86.0000	78.8750
86.3636	228	84.0000	78.8214
86.7424	229	86.0000	78.7679
87.1212	230	88.0000	78.7143
87.5000	231	87.0000	78.6607
87.8788	232	82.0000	78.6071
88.2576	233	84.0000	78.5536
88.6364	234	86.0000	78.5000
89.0152	235	83.0000	78.4464
89.3939	236	86.0000	78.3929
89.7727	237	83.0000	78.3393
90.1515	238	85.0000	78.2857
90.5303	239	86.0000	78.2321
90.9091	240	84.0000	78.1786
91.2879	241	84.0000	78.1250
91.6667	242	84.0000	78.0714
92.0455	243	83.0000	78.0179
92.4242	244	81.0000	77.9643
92.8030	245	81.0000	77.9107
93.1818	246	82.0000	77.8571
93.5606	247	83.0000	77.8036
93.9394	248	81.0000	77.7500
94.3182	249	81.0000	77.6964
94.6970	250	81.0000	77.6429
95.0758	251	80.0000	77.5893
95.4545	252	79.0000	77.5357
95.8333	253	79.0000	77.4821
96.2121	254	79.0000	77.4286
96.5909	255	79.0000	77.3750
96.9697	256	78.0000	77.3214
97.3485	257	78.0000	77.2679
97.7273	258	79.0000	77.2143
98.1061	259	79.0000	77.1607
98.4848	260	79.0000	77.1071
98.8636	261	76.0000	77.0536
99.2424	262	77.0000	77.0000
99.6212	263	76.0000	76.5000
100.0000	264	76.0000	76.0000
---------- 2: r2_h2 ----------
Offset(%)	Offset(pix)	Profile	Background
0.0000	0	62.0000	62.0000
0.3788	1	61.0000	61.0000
0.7576	2	62.0000	61.2018
1.1364	3	68.0000	61.4037
1.5152	4	66.0000	61.6055
1.8939	5	65.0000	61.8073
2.2727	6	62.0000	62.0092
2.6515	7	63.0000	62.2110
3.0303	8	63.0000	62.4128
3.4091	9	67.0000	62.6147
3.7879	10	70.0000	62.8165
4.1667	11	69.0000	63.0183
4.5455	12	66.0000	63.2202
4.9242	13	64.0000	63.4220
5.3030	14	65.0000	63.6239
5.6818	15	66.0000	63.8257
6.0606	16	67.0000	64.0275
6.4394	17	68.0000	64.2294
6.8182	18	67.0000	64.4312
7.1970	19	67.0000	64.6330
7.5758	20	67.0000	64.8349
7.9545	21	68.0000	65.0367
8.3333	22	66.0000	65.2385
8.7121	23	67.0000	65.4404
9.0909	24	67.0000	65.6422
9.4697	25	67.0000	65.8440
9.8485	26	68.0000	66.0459
10.2273	27	67.0000	66.2477
10.6061	28	68.0000	66.4495
10.9848	29	67.0000	66.6514
11.3636	30	68.0000	66.8532
11.7424	31	68.0000	67.0550
12.1212	32	69.0000	67.2569
12.5000	33	68.0000	67.4587
12.8788	34	67.0000	67.6606
13.2576	35	68.0000	67.8624
13.6364	36	69.0000	68.0642
14.0152	37	70.0000	68.2661
14.3939	38	71.0000	68.4679
14.7727	39	70.0000	68.6697
15.1515	40	70.0000	68.8716
15.5303	41	72.0000	69.0734
15.9091	42	74.0000	69.2752
16.2879	43	75.0000	69.4771
16.6667	44	75.0000	69.6789
17.0455	45	78.0000	69.8807
17.4242	46	81.0000	70.0826
17.8030	47	83.0000	70.2844
18.1818	48	89.0000	70.4862
18.5606	49	92.0000	70.6881
18.9394	50	95.0000	70.8899
19.3182	51	100.0000	71.0917
19.6970	52	100.0000	71.2936
20.0758	53	104.0000	71.4954
20.4545	54	105.0000	71.6973
20.8333	55	103.0000	71.8991
21.2121	56	105.0000	72.1009
21.5909	57	103.0000	72.3027
21.9697	58	103.0000	72.5046
22.3485	59	106.0000	72.7064
22.7273	60	101.0000	72.9083
23.1061	61	102.0000	73.1101
23.4848	62	102.0000	73.3119
23.8636	63	101.0000	73.5138
24.2424	64	98.0000	73.7156
24.6212	65	96.0000	73.9174
25.0000	66	98.0000	74.1193
25.3788	67	97.0000	74.3211
25.7576	68	99.0000	74.5229
26.1364	69	94.0000	74.7248
26.5152	70	93.0000	74.9266
26.8939	71	96.0000	75.1284
27.2727	72	94.0000	75.3303
27.6515	73	95.0000	75.5321
28.0303	74	95.0000	75.7339
28.4091	75	93.0000	75.9358
28.7879	76	92.0000	76.1376
29.1667	77	91.0000	76.3394
29.5455	78	91.0000	76.5413
29.9242	79	87.0000	76.7431
30.3030	80	89.0000	76.9450
30.6818	81	89.0000	77.1468
31.0606	82	88.0000	77.3486
31.4394	83	88.0000	77.5505
31.8182	84	88.0000	77.7523
32.1970	85	89.0000	77.9541
32.5758	86	87.0000	78.1560
32.9545	87	87.0000	78.3578
33.3333	88	85.0000	78.5596
33.7121	89	88.0000	78.7615
34.0909	90	85.0000	78.9633
34.4697	91	84.0000	79.1651
34.8485	92	86.0000	79.3670
35.2273	93	85.0000	79.5688
35.6061	94	86.0000	79.7706
35.9848	95	87.0000	79.9725
36.3636	96	86.0000	80.1743
36.7424	97	85.0000	80.3761
37.1212	98	85.0000	80.5780
37.5000	99	86.0000	80.7798
37.8788	100	84.0000	80.9817
38.2576	101	83.0000	81.1835
38.6364	102	85.0000	81.3853
39.0152	103	84.0000	81.5872
39.3939	104	85.0000	81.7890
39.7727	105	86.0000	81.9908
40.1515	106	84.0000	82.1927
40.5303	107	86.0000	82.3945
40.9091	108	85.0000	82.5963
41.2879	109	82.0000	82.7982
41.6667	110	83.0000	83.0000
42.0455	111	85.0000	82.8800
42.4242	112	82.0000	82.7600
42.8030	113	83.0000	82.6400
43.1818	114	83.0000	82.5200
43.5606	115	84.0000	82.4000
43.9394	116	84.0000	82.2800
44.3182	117	83.0000	82.1600
44.6970	118	82.0000	82.0400
45.0758	119	84.0000	81.9200
45.4545	120	84.0000	81.8000
45.8333	121	81.0000	81.6800
46.2121	122	84.0000	81.5600
46.5909	123	83.0000	81.4400
46.9697	124	82.0000	81.3200
47.3485	125	82.0000	81.2000
47.7273	126	83.0000	81.0800
48.1061	127	84.0000	80.9600
48.4848	128	82.0000	80.8400
48.8636	129	82.0000	80.7200
49.2424	130	85.0000	80.6000
49.6212	131	81.0000	80.4800
50.0000	132	83.0000	80.3600
50.3788	133	82.0000	80.2400
50.7576	134	84.0000	80.1200
51.1364	135	80.0000	80.0000
51.5152	136	83.0000	79.9603
51.8939	137	82.0000	79.9206
52.2727	138	81.0000	79.8810
52.6515	139	83.0000	79.8413
53.0303	140	83.0000	79.8016
53.4091	141	81.0000	79.7619
53.7879	142	82.0000	79.7222
54.1667	143	82.0000	79.6825
54.5455	144	83.0000	79.6429
54.9242	145	81.0000	79.6032
55.3030	146	79.0000	79.5635
55.6818	147	81.0000	79.5238
56.0606	148	79.0000	79.4841
56.4394	149	82.0000	79.4444
56.8182	150	80.0000	79.4048
57.1970	151	81.0000	79.3651
57.5758	152	80.0000	79.3254
57.9545	153	81.0000	79.2857
58.3333	154	82.0000	79.2460
58.7121	155	79.0000	79.2064
59.0909	156	80.0000	79.1667
59.4697	157	81.0000	79.1270
59.8485	158	80.0000	79.0873
60.2273	159	82.0000	79.0476
60.6061	160	80.0000	79.0079
60.9848	161	79.0000	78.9683
61.3636	162	82.0000	78.9286
61.7424	163	81.0000	78.8889
62.1212	164	79.0000	78.8492
62.5000	165	81.0000	78.8095
62.8788	166	81.0000	78.7698
63.2576	167	81.0000	78.7302
63.6364	168	81.0000	78.6905
64.0152	169	80.0000	78.6508
64.3939	170	79.0000	78.6111
64.7727	171	81.0000	78.5714
65.1515	172	82.0000	78.5317
65.5303	173	81.0000	78.4921
65.9091	174	82.0000	78.4524
66.2879	175	83.0000	78.4127
66.6667	176	81.0000	78.3730
67.0455	177	83.0000	78.3333
67.4242	178	84.0000	78.2936
67.8030	179	82.0000	78.2540
68.1818	180	82.0000	78.2143
68.5606	181	81.0000	78.1746
68.9394	182	82.0000	78.1349
69.3182	183	82.0000	78.0952
69.6970	184	82.0000	78.0556
70.0758	185	80.0000	78.0159
70.4545	186	81.0000	77.9762
70.8333	187	82.0000	77.9365
71.2121	188	81.0000	77.8968
71.5909	189	80.0000	77.8571
71.9697	190	81.0000	77.8175
72.3485	191	80.0000	77.7778
72.7273	192	81.0000	77.7381
73.1061	193	80.0000	77.6984
73.4848	194	80.0000	77.6587
73.8636	195	82.0000	77.6190
74.2424	196	82.0000	77.5794
74.6212	197	81.0000	77.5397
75.0000	198	81.0000	77.5000
75.3788	199	81.0000	77.4603
75.7576	200	80.0000	77.4206
76.1364	201	82.0000	77.3810
76.5152	202	82.0000	77.3413
76.8939	203	79.0000	77.3016
77.2727	204	81.0000	77.2619
77.6515	205	81.0000	77.2222
78.0303	206	82.0000	77.1825
78.4091	207	82.0000	77.1429
78.7879	208	81.0000	77.1032
79.1667	209	81.0000	77.0635
79.5455	210	81.0000	77.0238
79.9242	211	80.0000	76.9841
80.3030	212	80.0000	76.9444
80.6818	213	80.0000	76.9048
81.0606	214	79.0000	76.8651
81.4394	215	81.0000	76.8254
81.8182	216	80.0000	76.7857
82.1970	217	79.0000	76.7460
82.5758	218	80.0000	76.7064
82.9545	219	78.0000	76.6667
83.3333	220	80.0000	76.6270
83.7121	221	78.0000	76.5873
84.0909	222	80.0000	76.5476
84.4697	223	78.0000	76.5079
84.8485	224	79.0000	76.4683
85.2273	225	78.0000	76.4286
85.6061	226	78.0000	76.3889
85.9848	227	77.0000	76.3492
86.3636	228	77.0000	76.3095
86.7424	229	76.0000	76.2698
87.1212	230	79.0000	76.2302
87.5000	231	77.0000	76.1905
87.8788	232	77.0000	76.1508
88.2576	233	77.0000	76.1111
88.6364	234	76.0000	76.0714
89.0152	235	78.0000	76.0317
89.3939	236	77.0000	75.9921
89.7727	237	76.0000	75.9524
90.1515	238	77.0000	75.9127
90.5303	239	76.0000	75.8730
90.9091	240	78.0000	75.8333
91.2879	241	77.0000	75.7936
91.6667	242	75.0000	75.7540
92.0455	243	77.0000	75.7143
92.4242	244	76.0000	75.6746
92.8030	245	76.0000	75.6349
93.1818	246	76.0000	75.5952
93.5606	247	76.0000	75.5556
93.9394	248	77.0000	75.5159
94.3182	249	75.0000	75.4762
94.6970	250	75.0000	75.4365
95.0758	251	75.0000	75.3968
95.4545	252	75.0000	75.3571
95.8333	253	75.0000	75.3175
96.2121	254	77.0000	75.2778
96.5909	255	76.0000	75.2381
96.9697	256	75.0000	75.1984
97.3485	257	75.0000	75.1587
97.7273	258	76.0000	75.1190
98.1061	259	77.0000	75.0794
98.4848	260	76.0000	75.0397
98.8636	261	75.0000	75.0000
99.2424	262	76.0000	75.6667
99.6212	263	76.0000	76.3333
100.0000	264	77.0000	77.0000
---------- 3: r2_h3 ----------
Offset(%)	Offset(pix)	Profile	Background
0.0000	0	62.0000	62.0000
0.3788	1	63.0000	61.8333
0.7576	2	65.0000	61.6667
1.1364	3	66.0000	61.5000
1.5152	4	66.0000	61.3333
1.8939	5	65.0000	61.1667
2.2727	6	61.0000	61.0000
2.6515	7	61.0000	61.0593
3.0303	8	64.0000	61.1186
3.4091	9	69.0000	61.1779
3.7879	10	75.0000	61.2372
4.1667	11	68.0000	61.2964
4.5455	12	65.0000	61.3557
4.9242	13	62.0000	61.4150
5.3030	14	65.0000	61.4743
5.6818	15	66.0000	61.5336
6.0606	16	67.0000	61.5929
6.4394	17	66.0000	61.6522
6.8182	18	66.0000	61.7115
7.1970	19	66.0000	61.7708
7.5758	20	68.0000	61.8300
7.9545	21	68.0000	61.8893
8.3333	22	68.0000	61.9486
8.7121	23	68.0000	62.0079
9.0909	24	68.0000	62.0672
9.4697	25	67.0000	62.1265
9.8485	26	68.0000	62.1858
10.2273	27	68.0000	62.2451
10.6061	28	68.0000	62.3043
10.9848	29	69.0000	62.3636
11.3636	30	70.0000	62.4229
11.7424	31	69.0000	62.4822
12.1212	32	68.0000	62.5415
12.5000	33	71.0000	62.6008
12.8788	34	70.0000	62.6601
13.2576	35	68.0000	62.7194
13.6364	36	68.0000	62.7787
14.0152	37	71.0000	62.8379
14.3939	38	71.0000	62.8972
14.7727	39	73.0000	62.9565
15.1515	40	73.0000	63.0158
15.5303	41	74.0000	63.0751
15.9091	42	74.0000	63.1344
16.2879	43	77.0000	63.1937
16.6667	44	78.0000	63.2530
17.0455	45	81.0000	63.3123
17.4242	46	84.0000	63.3715
17.8030	47	88.0000	63.4308
18.1818	48	96.0000	63.4901
18.5606	49	96.0000	63.5494
18.9394	50	98.0000	63.6087
19.3182	51	102.0000	63.6680
19.6970	52	104.0000	63.7273
20.0758	53	107.0000	63.7866
20.4545	54	109.0000	63.8458
20.8333	55	106.0000	63.9051
21.2121	56	107.0000	63.9644
21.5909	57	107.0000	64.0237
21.9697	58	107.0000	64.0830
22.3485	59	108.0000	64.1423
22.7273	60	106.0000	64.2016
23.1061	61	106.0000	64.2609
23.4848	62	105.0000	64.3202
23.8636	63	103.0000	64.3794
24.2424	64	104.0000	64.4387
24.6212	65	98.0000	64.4980
25.0000	66	100.0000	64.5573
25.3788	67	101.0000	64.6166
25.7576	68	102.0000	64.6759
26.1364	69	97.0000	64.7352
26.5152	70	99.0000	64.7945
26.8939	71	98.0000	64.8538
27.2727	72	99.0000	64.9130
27.6515	73	99.0000	64.9723
28.0303	74	96.0000	65.0316
28.4091	75	96.0000	65.0909
28.7879	76	95.0000	65.1502
29.1667	77	93.0000	65.2095
29.5455	78	95.0000	65.2688
29.9242	79	95.0000	65.3281
30.3030	80	92.0000	65.3874
30.6818	81	93.0000	65.4466
31.0606	82	91.0000	65.5059
31.4394	83	93.0000	65.5652
31.8182	84	92.0000	65.6245
32.1970	85	90.0000	65.6838
32.5758	86	92.0000	65.7431
32.9545	87	89.0000	65.8024
33.3333	88	89.0000	65.8617
33.7121	89	89.0000	65.9210
34.0909	90	88.0000	65.9802
34.4697	91	87.0000	66.0395
34.8485	92	88.0000	66.0988
35.2273	93	89.0000	66.1581
35.6061	94	88.0000	66.2174
35.9848	95	87.0000	66.2767
36.3636	96	84.0000	66.3360
36.7424	97	89.0000	66.3953
37.1212	98	88.0000	66.4545
37.5000	99	87.0000	66.5138
37.8788	100	87.0000	66.5731
38.2576	101	87.0000	66.6324
38.6364	102	86.0000	66.6917
39.0152	103	88.0000	66.7510
39.3939	104	85.0000	66.8103
39.7727	105	88.0000	66.8696
40.1515	106	90.0000	66.9289
40.5303	107	85.0000	66.9881
40.9091	108	86.0000	67.0474
41.2879	109	86.0000	67.1067
41.6667	110	86.0000	67.1660
42.0455	111	88.0000	67.2253
42.4242	112	86.0000	67.2846
42.8030	113	86.0000	67.3439
43.1818	114	88.0000	67.4032
43.5606	115	85.0000	67.4624
43.9394	116	87.0000	67.5217
44.3182	117	86.0000	67.5810
44.6970	118	86.0000	67.6403
45.0758	119	85.0000	67.6996
45.4545	120	84.0000	67.7589
45.8333	121	87.0000	67.8182
46.2121	122	84.0000	67.8775
46.5909	123	88.0000	67.9368
46.9697	124	85.0000	67.9960
47.3485	125	87.0000	68.0553
47.7273	126	85.0000	68.1146
48.1061	127	84.0000	68.1739
48.4848	128	82.0000	68.2332
48.8636	129	84.0000	68.2925
49.2424	130	84.0000	68.3518
49.6212	131	80.0000	68.4111
50.0000	132	81.0000	68.4704
50.3788	133	85.0000	68.5296
50.7576	134	83.0000	68.5889
51.1364	135	82.0000	68.6482
51.5152	136	85.0000	68.7075
51.8939	137	82.0000	68.7668
52.2727	138	80.0000	68.8261
52.6515	139	81.0000	68.8854
53.0303	140	82.0000	68.9447
53.4091	141	81.0000	69.0040
53.7879	142	77.0000	69.0632
54.1667	143	82.0000	69.1225
54.5455	144	81.0000	69.1818
54.9242	145	80.0000	69.2411
55.3030	146	84.0000	69.3004
55.6818	147	80.0000	69.3597
56.0606	148	83.0000	69.4190
56.4394	149	79.0000	69.4783
56.8182	150	81.0000	69.5376
57.1970	151	81.0000	69.5968
57.5758	152	83.0000	69.6561
57.9545	153	80.0000	69.7154
58.3333	154	82.0000	69.7747
58.7121	155	84.0000	69.8340
59.0909	156	77.0000	69.8933
59.4697	157	82.0000	69.9526
59.8485	158	79.0000	70.0119
60.2273	159	83.0000	70.0711
60.6061	160	80.0000	70.1304
60.9848	161	78.0000	70.1897
61.3636	162	79.0000	70.2490
61.7424	163	78.0000	70.3083
62.1212	164	79.0000	70.3676
62.5000	165	79.0000	70.4269
62.8788	166	78.0000	70.4862
63.2576	167	78.0000	70.5455
63.6364	168	80.0000	70.6047
64.0152	169	82.0000	70.6640
64.3939	170	80.0000	70.7233
64.7727	171	81.0000	70.7826
65.1515	172	82.0000	70.8419
65.5303	173	85.0000	70.9012
65.9091	174	83.0000	70.9605
66.2879	175	82.0000	71.0198
66.6667	176	83.0000	71.0790
67.0455	177	83.0000	71.1383
67.4242	178	84.0000	71.1976
67.8030	179	84.0000	71.2569
68.1818	180	83.0000	71.3162
68.5606	181	82.0000	71.3755
68.9394	182	84.0000	71.4348
69.3182	183	82.0000	71.4941
69.6970	184	82.0000	71.5534
70.0758	185	83.0000	71.6126
70.4545	186	81.0000	71.6719
70.8333	187	82.0000	71.7312
71.2121	188	84.0000	71.7905
71.5909	189	83.0000	71.8498
71.9697	190	83.0000	71.9091
72.3485	191	82.0000	71.9684
72.7273	192	83.0000	72.0277
73.1061	193	84.0000	72.0870
73.4848	194	81.0000	72.1462
73.8636	195	83.0000	72.2055
74.2424	196	84.0000	72.2648
74.6212	197	82.0000	72.3241
75.0000	198	84.0000	72.3834
75.3788	199	82.0000	72.4427
75.7576	200	81.0000	72.5020
76.1364	201	84.0000	72.5613
76.5152	202	84.0000	72.6206
76.8939	203	82.0000	72.6798
77.2727	204	82.0000	72.7391
77.6515	205	82.0000	72.7984
78.0303	206	84.0000	72.8577
78.4091	207	81.0000	72.9170
78.7879	208	81.0000	72.9763
79.1667	209	80.0000	73.0356
79.5455	210	80.0000	73.0949
79.9242	211	81.0000	73.1542
80.3030	212	81.0000	73.2134
80.6818	213	80.0000	73.2727
81.0606	214	81.0000	73.3320
81.4394	215	80.0000	73.3913
81.8182	216	81.0000	73.4506
82.1970	217	80.0000	73.5099
82.5758	218	79.0000	73.5692
82.9545	219	78.0000	73.6285
83.3333	220	77.0000	73.6877
83.7121	221	79.0000	73.7470
84.0909	222	79.0000	73.8063
84.4697	223	77.0000	73.8656
84.8485	224	77.0000	73.9249
85.2273	225	77.0000	73.9842
85.6061	226	78.0000	74.0435
85.9848	227	78.0000	74.1028
86.3636	228	75.0000	74.1621
86.7424	229	77.0000	74.2213
87.1212	230	77.0000	74.2806
87.5000	231	78.0000	74.3399
87.8788	232	75.0000	74.3992
88.2576	233	76.0000	74.4585
88.6364	234	76.0000	74.5178
89.0152	235	76.0000	74.5771
89.3939	236	76.0000	74.6364
89.7727	237	78.0000	74.6956
90.1515	238	76.0000	74.7549
90.5303	239	76.0000	74.8142
90.9091	240	76.0000	74.8735
91.2879	241	77.0000	74.9328
91.6667	242	76.0000	74.9921
92.0455	243	77.0000	75.0514
92.4242	244	75.0000	75.1107
92.8030	245	76.0000	75.1700
93.1818	246	77.0000	75.2292
93.5606	247	77.0000	75.2885
93.9394	248	76.0000	75.3478
94.3182	249	75.0000	75.4071
94.6970	250	75.0000	75.4664
95.0758	251	75.0000	75.5257
95.4545	252	75.0000	75.5850
95.8333	253	75.0000	75.6443
96.2121	254	74.0000	75.7036
96.5909	255	76.0000	75.7628
96.9697	256	77.0000	75.8221
97.3485	257	75.0000	75.8814
97.7273	258	74.0000	75.9407
98.1061	259	76.0000	76.0000
98.4848	260	75.0000	75.3333
98.8636	261	76.0000	74.6667
99.2424	262	74.0000	74.0000
99.6212	263	74.0000	75.0000
100.0000	264	76.0000	76.0000
---------- 4: r2_h4 ----------
Offset(%)	Offset(pix)	Profile	Background
0.0000	0	61.0000	61.0000
0.3788	1	61.0000	62.5000
0.7576	2	64.0000	64.0000
1.1364	3	66.0000	64.0247
1.5152	4	64.0000	64.0494
1.8939	5	62.0000	64.0741
2.2727	6	61.0000	64.0988
2.6515	7	62.0000	64.1235
3.0303	8	66.0000	64.1481
3.4091	9	76.0000	64.1728
3.7879	10	75.0000	64.1975
4.1667	11	67.0000	64.2222
4.5455	12	69.0000	64.2469
4.9242	13	72.0000	64.2716
5.3030	14	80.0000	64.2963
5.6818	15	88.0000	64.3210
6.0606	16	91.0000	64.3457
6.4394	17	84.0000	64.3704
6.8182	18	79.0000	64.3951
7.1970	19	80.0000	64.4198
7.5758	20	78.0000	64.4444
7.9545	21	79.0000	64.4691
8.3333	22	78.0000	64.4938
8.7121	23	80.0000	64.5185
9.0909	24	77.0000	64.5432
9.4697	25	77.0000	64.5679
9.8485	26	79.0000	64.5926
10.2273	27	79.0000	64.6173
10.6061	28	80.0000	64.6420
10.9848	29	80.0000	64.6667
11.3636	30	81.0000	64.6914
11.7424	31	82.0000	64.7160
12.1212	32	80.0000	64.7407
12.5000	33	82.0000	64.7654
12.8788	34	83.0000	64.7901
13.2576	35	84.0000	64.8148
13.6364	36	88.0000	64.8395
14.0152	37	87.0000	64.8642
14.3939	38	90.0000	64.8889
14.7727	39	96.0000	64.9136
15.1515	40	98.0000	64.9383
15.5303	41	106.0000	64.9630
15.9091	42	119.0000	64.9877
16.2879	43	141.0000	65.0123
16.6667	44	176.0000	65.0370
17.0455	45	196.0000	65.0617
17.4242	46	188.0000	65.0864
17.8030	47	172.0000	65.1111
18.1818	48	153.0000	65.1358
18.5606	49	138.0000	65.1605
18.9394	50	128.0000	65.1852
19.3182	51	118.0000	65.2099
19.6970	52	109.0000	65.2346
20.0758	53	102.0000	65.2593
20.4545	54	98.0000	65.2840
20.8333	55	92.0000	65.3086
21.2121	56	88.0000	65.3333
21.5909	57	84.0000	65.3580
21.9697	58	84.0000	65.3827
22.3485	59	81.0000	65.4074
22.7273	60	78.0000	65.4321
23.1061	61	80.0000	65.4568
23.4848	62	75.0000	65.4815
23.8636	63	75.0000	65.5062
24.2424	64	74.0000	65.5309
24.6212	65	72.0000	65.5556
25.0000	66	73.0000	65.5802
25.3788	67	72.0000	65.6049
25.7576	68	72.0000	65.6296
26.1364	69	69.0000	65.6543
26.5152	70	72.0000	65.6790
26.8939	71	70.0000	65.7037
27.2727	72	70.0000	65.7284
27.6515	73	70.0000	65.7531
28.0303	74	69.0000	65.7778
28.4091	75	67.0000	65.8025
28.7879	76	67.0000	65.8272
29.1667	77	67.0000	65.8519
29.5455	78	68.0000	65.8765
29.9242	79	69.0000	65.9012
30.3030	80	68.0000	65.9259
30.6818	81	66.0000	65.9506
31.0606	82	67.0000	65.9753
31.4394	83	66.0000	66.0000
31.8182	84	66.0000	66.0909
32.1970	85	66.0000	66.1818
32.5758	86	66.0000	66.2727
32.9545	87	66.0000	66.3636
33.3333	88	65.0000	66.4545
33.7121	89	67.0000	66.5455
34.0909	90	67.0000	66.6364
34.4697	91	65.0000	66.7273
34.8485	92	67.0000	66.8182
35.2273	93	67.0000	66.9091
35.6061	94	67.0000	67.0000
35.9848	95	67.0000	67.0909
36.3636	96	67.0000	67.1818
36.7424	97	66.0000	67.2727
37.1212	98	69.0000	67.3636
37.5000	99	66.0000	67.4545
37.8788	100	66.0000	67.5455
38.2576	101	68.0000	67.6364
38.6364	102	67.0000	67.7273
39.0152	103	68.0000	67.8182
39.3939	104	68.0000	67.9091
39.7727	105	67.0000	68.0000
40.1515	106	69.0000	68.0909
40.5303	107	68.0000	68.1818
40.9091	108	69.0000	68.2727
41.2879	109	69.0000	68.3636
41.6667	110	68.0000	68.4545
42.0455	111	68.0000	68.5455
42.4242	112	70.0000	68.6364
42.8030	113	69.0000	68.7273
43.1818	114	68.0000	68.8182
43.5606	115	69.0000	68.9091
43.9394	116	70.0000	69.0000
44.3182	117	69.0000	69.0909
44.6970	118	70.0000	69.1818
45.0758	119	70.0000	69.2727
45.4545	120	69.0000	69.3636
45.8333	121	70.0000	69.4545
46.2121	122	71.0000	69.5455
46.5909	123	69.0000	69.6364
46.9697	124	69.0000	69.7273
47.3485	125	70.0000	69.8182
47.7273	126	69.0000	69.9091
48.1061	127	70.0000	70.0000
48.4848	128	70.0000	70.0000
48.8636	129	71.0000	70.0000
49.2424	130	70.0000	70.0000
49.6212	131	70.0000	70.0000
50.0000	132	70.0000	70.0000
50.3788	133	70.0000	70.0000
50.7576	134	70.0000	70.0000
51.1364	135	70.0000	70.0000
51.5152	136	70.0000	70.0000
51.8939	137	71.0000	70.0000
52.2727	138	71.0000	70.0000
52.6515	139	69.0000	70.0000
53.0303	140	70.0000	70.0000
53.4091	141	71.0000	70.0000
53.7879	142	69.0000	70.0000
54.1667	143	72.0000	70.0000
54.5455	144	70.0000	70.0000
54.9242	145	70.0000	70.0000
55.3030	146	71.0000	70.0000
55.6818	147	72.0000	70.0000
56.0606	148	71.0000	70.0000
56.4394	149	70.0000	70.0000
56.8182	150	71.0000	70.0000
57.1970	151	70.0000	70.0000
57.5758	152	71.0000	70.1111
57.9545	153	70.0000	70.2222
58.3333	154	72.0000	70.3333
58.7121	155	71.0000	70.4444
59.0909	156	72.0000	70.5556
59.4697	157	70.0000	70.6667
59.8485	158	72.0000	70.7778
60.2273	159	71.0000	70.8889
60.6061	160	73.0000	71.0000
60.9848	161	72.0000	71.1111
61.3636	162	72.0000	71.2222
61.7424	163	71.0000	71.3333
62.1212	164	72.0000	71.4444
62.5000	165	72.0000	71.5556
62.8788	166	73.0000	71.6667
63.2576	167	72.0000	71.7778
63.6364	168	72.0000	71.8889
64.0152	169	72.0000	72.0000
64.3939	170	72.0000	72.1111
64.7727	171	73.0000	72.2222
65.1515	172	71.0000	72.3333
65.5303	173	74.0000	72.4444
65.9091	174	73.0000	72.5556
66.2879	175	73.0000	72.6667
66.6667	176	73.0000	72.7778
67.0455	177	73.0000	72.8889
67.4242	178	73.0000	73.0000
67.8030	179	74.0000	73.0494
68.1818	180	73.0000	73.0988
68.5606	181	74.0000	73.1481
68.9394	182	74.0000	73.1975
69.3182	183	74.0000	73.2469
69.6970	184	75.0000	73.2963
70.0758	185	74.0000	73.3457
70.4545	186	73.0000	73.3951
70.8333	187	77.0000	73.4444
71.2121	188	76.0000	73.4938
71.5909	189	76.0000	73.5432
71.9697	190	75.0000	73.5926
72.3485	191	77.0000	73.6420
72.7273	192	76.0000	73.6914
73.1061	193	77.0000	73.7407
73.4848	194	78.0000	73.7901
73.8636	195	76.0000	73.8395
74.2424	196	77.0000	73.8889
74.6212	197	78.0000	73.9383
75.0000	198	76.0000	73.9877
75.3788	199	78.0000	74.0370
75.7576	200	79.0000	74.0864
76.1364	201	78.0000	74.1358
76.5152	202	78.0000	74.1852
76.8939	203	80.0000	74.2346
77.2727	204	80.0000	74.2840
77.6515	205	79.0000	74.3333
78.0303	206	78.0000	74.3827
78.4091	207	81.0000	74.4321
78.7879	208	81.0000	74.4815
79.1667	209	80.0000	74.5309
79.5455	210	80.0000	74.5802
79.9242	211	81.0000	74.6296
80.3030	212	82.0000	74.6790
80.6818	213	84.0000	74.7284
81.0606	214	81.0000	74.7778
81.4394	215	85.0000	74.8272
81.8182	216	85.0000	74.8765
82.1970	217	83.0000	74.9259
82.5758	218	84.0000	74.9753
82.9545	219	83.0000	75.0247
83.3333	220	85.0000	75.0741
83.7121	221	81.0000	75.1235
84.0909	222	82.0000	75.1728
84.4697	223	83.0000	75.2222
84.8485	224	84.0000	75.2716
85.2273	225	84.0000	75.3210
85.6061	226	81.0000	75.3704
85.9848	227	86.0000	75.4198
86.3636	228	82.0000	75.4691
86.7424	229	85.0000	75.5185
87.1212	230	84.0000	75.5679
87.5000	231	85.0000	75.6173
87.8788	232	83.0000	75.6667
88.2576	233	83.0000	75.7160
88.6364	234	84.0000	75.7654
89.0152	235	81.0000	75.8148
89.3939	236	83.0000	75.8642
89.7727	237	82.0000	75.9136
90.1515	238	83.0000	75.9630
90.5303	239	82.0000	76.0123
90.9091	240	80.0000	76.0617
91.2879	241	82.0000	76.1111
91.6667	242	80.0000	76.1605
92.0455	243	81.0000	76.2099
92.4242	244	82.0000	76.2593
92.8030	245	80.0000	76.3086
93.1818	246	80.0000	76.3580
93.5606	247	80.0000	76.4074
93.9394	248	80.0000	76.4568
94.3182	249	80.0000	76.5062
94.6970	250	77.0000	76.5556
95.0758	251	78.0000	76.6049
95.4545	252	79.0000	76.6543
95.8333	253	76.0000	76.7037
96.2121	254	77.0000	76.7531
96.5909	255	76.0000	76.8025
96.9697	256	74.0000	76.8519
97.3485	257	77.0000	76.9012
97.7273	258	77.0000	76.9506
98.1061	259	77.0000	77.0000
98.4848	260	75.0000	76.2500
98.8636	261	76.0000	75.5000
99.2424	262	76.0000	74.7500
99.6212	263	74.0000	74.0000
100.0000	264	77.0000	77.0000
---------- 5: r2_h5 ----------
Offset(%)	Offset(pix)	Profile	Background
0.0000	0	59.0000	59.0000
0.3788	1	60.0000	58.8571
0.7576	2	64.0000	58.7143
1.1364	3	66.0000	58.5714
1.5152	4	63.0000	58.4286
1.8939	5	62.0000	58.2857
2.2727	6	60.0000	58.1429
2.6515	7	58.0000	58.0000
3.0303	8	63.0000	58.2653
3.4091	9	67.0000	58.5306
3.7879	10	71.0000	58.7959
4.1667	11	68.0000	59.0612
4.5455	12	65.0000	59.3265
4.9242	13	63.0000	59.5918
5.3030	14	65.0000	59.8571
5.6818	15	67.0000	60.1224
6.0606	16	66.0000	60.3878
6.4394	17	67.0000	60.6531
6.8182	18	66.0000	60.9184
7.1970	19	66.0000	61.1837
7.5758	20	65.0000	61.4490
7.9545	21	67.0000	61.7143
8.3333	22	66.0000	61.9796
8.7121	23	69.0000	62.2449
9.0909	24	67.0000	62.5102
9.4697	25	68.0000	62.7755
9.8485	26	69.0000	63.0408
10.2273	27	70.0000	63.3061
10.6061	28	70.0000	63.5714
10.9848	29	73.0000	63.8367
11.3636	30	71.0000	64.1020
11.7424	31	71.0000	64.3673
12.1212	32	70.0000	64.6327
12.5000	33	70.0000	64.8980
12.8788	34	70.0000	65.1633
13.2576	35	70.0000	65.4286
13.6364	36	72.0000	65.6939
14.0152	37	73.0000	65.9592
14.3939	38	74.0000	66.2245
14.7727	39	74.0000	66.4898
15.1515	40	77.0000	66.7551
15.5303	41	78.0000	67.0204
15.9091	42	81.0000	67.2857
16.2879	43	80.0000	67.5510
16.6667	44	86.0000	67.8163
17.0455	45	91.0000	68.0816
17.4242	46	95.0000	68.3469
17.8030	47	99.0000	68.6122
18.1818	48	105.0000	68.8775
18.5606	49	111.0000	69.1429
18.9394	50	113.0000	69.4082
19.3182	51	119.0000	69.6735
19.6970	52	118.0000	69.9388
20.0758	53	115.0000	70.2041
20.4545	54	116.0000	70.4694
20.8333	55	114.0000	70.7347
21.2121	56	117.0000	71.0000
21.5909	57	115.0000	71.2653
21.9697	58	116.0000	71.5306
22.3485	59	112.0000	71.7959
22.7273	60	110.0000	72.0612
23.1061	61	109.0000	72.3265
23.4848	62	110.0000	72.5918
23.8636	63	106.0000	72.8571
24.2424	64	103.0000	73.1225
24.6212	65	104.0000	73.3878
25.0000	66	102.0000	73.6531
25.3788	67	103.0000	73.9184
25.7576	68	98.0000	74.1837
26.1364	69	98.0000	74.4490
26.5152	70	96.0000	74.7143
26.8939	71	98.0000	74.9796
27.2727	72	93.0000	75.2449
27.6515	73	95.0000	75.5102
28.0303	74	94.0000	75.7755
28.4091	75	90.0000	76.0408
28.7879	76	91.0000	76.3061
29.1667	77	90.0000	76.5714
29.5455	78	90.0000	76.8367
29.9242	79	90.0000	77.1020
30.3030	80	87.0000	77.3673
30.6818	81	88.0000	77.6327
31.0606	82	88.0000	77.8980
31.4394	83	86.0000	78.1633
31.8182	84	83.0000	78.4286
32.1970	85	87.0000	78.6939
32.5758	86	85.0000	78.9592
32.9545	87	84.0000	79.2245
33.3333	88	83.0000	79.4898
33.7121	89	85.0000	79.7551
34.0909	90	83.0000	80.0204
34.4697	91	81.0000	80.2857
34.8485	92	83.0000	80.5510
35.2273	93	84.0000	80.8163
35.6061	94	83.0000	81.0816
35.9848	95	83.0000	81.3469
36.3636	96	84.0000	81.6122
36.7424	97	82.0000	81.8775
37.1212	98	80.0000	82.1429
37.5000	99	83.0000	82.4082
37.8788	100	83.0000	82.6735
38.2576	101	81.0000	82.9388
38.6364	102	81.0000	83.2041
39.0152	103	82.0000	83.4694
39.3939	104	82.0000	83.7347
39.7727	105	84.0000	84.0000
40.1515	106	81.0000	83.9143
40.5303	107	81.0000	83.8286
40.9091	108	81.0000	83.7429
41.2879	109	84.0000	83.6571
41.6667	110	82.0000	83.5714
42.0455	111	82.0000	83.4857
42.4242	112	80.0000	83.4000
42.8030	113	82.0000	83.3143
43.1818	114	83.0000	83.2286
43.5606	115	81.0000	83.1429
43.9394	116	82.0000	83.0571
44.3182	117	82.0000	82.9714
44.6970	118	82.0000	82.8857
45.0758	119	81.0000	82.8000
45.4545	120	81.0000	82.7143
45.8333	121	82.0000	82.6286
46.2121	122	80.0000	82.5429
46.5909	123	81.0000	82.4571
46.9697	124	81.0000	82.3714
47.3485	125	81.0000	82.2857
47.7273	126	81.0000	82.2000
48.1061	127	80.0000	82.1143
48.4848	128	82.0000	82.0286
48.8636	129	81.0000	81.9429
49.2424	130	81.0000	81.8571
49.6212	131	81.0000	81.7714
50.0000	132	81.0000	81.6857
50.3788	133	82.0000	81.6000
50.7576	134	81.0000	81.5143
51.1364	135	79.0000	81.4286
51.5152	136	79.0000	81.3429
51.8939	137	80.0000	81.2571
52.2727	138	79.0000	81.1714
52.6515	139	80.0000	81.0857
53.0303	140	81.0000	81.0000
53.4091	141	81.0000	80.9143
53.7879	142	80.0000	80.8286
54.1667	143	82.0000	80.7429
54.5455	144	79.0000	80.6571
54.9242	145	79.0000	80.5714
55.3030	146	81.0000	80.4857
55.6818	147	80.0000	80.4000
56.0606	148	79.0000	80.3143
56.4394	149	80.0000	80.2286
56.8182	150	81.0000	80.1429
57.1970	151	81.0000	80.0571
57.5758	152	78.0000	79.9714
57.9545	153	79.0000	79.8857
58.3333	154	80.0000	79.8000
58.7121	155	79.0000	79.7143
59.0909	156	79.0000	79.6286
59.4697	157	78.0000	79.5429
59.8485	158	81.0000	79.4571
60.2273	159	78.0000	79.3714
60.6061	160	78.0000	79.2857
60.9848	161	79.0000	79.2000
61.3636	162	77.0000	79.1143
61.7424	163	80.0000	79.0286
62.1212	164	79.0000	78.9429
62.5000	165	78.0000	78.8571
62.8788	166	77.0000	78.7714
63.2576	167	81.0000	78.6857
63.6364	168	79.0000	78.6000
64.0152	169	79.0000	78.5143
64.3939	170	79.0000	78.4286
64.7727	171	80.0000	78.3429
65.1515	172	78.0000	78.2571
65.5303	173	80.0000	78.1714
65.9091	174	80.0000	78.0857
66.2879	175	78.0000	78.0000
66.6667	176	80.0000	78.0000
67.0455	177	81.0000	78.0000
67.4242	178	83.0000	78.0000
67.8030	179	82.0000	78.0000
68.1818	180	83.0000	78.0000
68.5606	181	82.0000	78.0000
68.9394	182	83.0000	78.0000
69.3182	183	82.0000	78.0000
69.6970	184	82.0000	78.0000
70.0758	185	82.0000	78.0000
70.4545	186	82.0000	78.0000
70.8333	187	82.0000	78.0000
71.2121	188	80.0000	78.0000
71.5909	189	81.0000	78.0000
71.9697	190	82.0000	78.0000
72.3485	191	81.0000	78.0000
72.7273	192	82.0000	78.0000
73.1061	193	82.0000	78.0000
73.4848	194	81.0000	78.0000
73.8636	195	81.0000	78.0000
74.2424	196	83.0000	78.0000
74.6212	197	81.0000	78.0000
75.0000	198	80.0000	78.0000
75.3788	199	81.0000	78.0000
75.7576	200	82.0000	78.0000
76.1364	201	83.0000	78.0000
76.5152	202	83.0000	78.0000
76.8939	203	79.0000	78.0000
77.2727	204	81.0000	78.0000
77.6515	205	82.0000	78.0000
78.0303	206	83.0000	78.0000
78.4091	207	81.0000	78.0000
78.7879	208	82.0000	78.0000
79.1667	209	80.0000	78.0000
79.5455	210	81.0000	78.0000
79.9242	211	81.0000	78.0000
80.3030	212	81.0000	78.0000
80.6818	213	80.0000	78.0000
81.0606	214	80.0000	78.0000
81.4394	215	81.0000	78.0000
81.8182	216	79.0000	78.0000
82.1970	217	79.0000	78.0000
82.5758	218	78.0000	78.0000
82.9545	219	78.0000	78.0000
83.3333	220	79.0000	78.0000
83.7121	221	78.0000	78.0000
84.0909	222	79.0000	78.0000
84.4697	223	76.0000	78.0000
84.8485	224	79.0000	78.0000
85.2273	225	77.0000	78.0000
85.6061	226	79.0000	78.0000
85.9848	227	78.0000	78.0000
86.3636	228	76.0000	77.9143
86.7424	229	76.0000	77.8286
87.1212	230	77.0000	77.7429
87.5000	231	76.0000	77.6571
87.8788	232	76.0000	77.5714
88.2576	233	76.0000	77.4857
88.6364	234	76.0000	77.4000
89.0152	235	76.0000	77.3143
89.3939	236	74.0000	77.2286
89.7727	237	75.0000	77.1429
90.1515	238	74.0000	77.0571
90.5303	239	75.0000	76.9714
90.9091	240	75.0000	76.8857
91.2879	241	75.0000	76.8000
91.6667	242	73.0000	76.7143
92.0455	243	74.0000	76.6286
92.4242	244	74.0000	76.5429
92.8030	245	75.0000	76.4571
93.1818	246	73.0000	76.3714
93.5606	247	75.0000	76.2857
93.9394	248	74.0000	76.2000
94.3182	249	73.0000	76.1143
94.6970	250	74.0000	76.0286
95.0758	251	74.0000	75.9429
95.4545	252	73.0000	75.8571
95.8333	253	73.0000	75.7714
96.2121	254	74.0000	75.6857
96.5909	255	75.0000	75.6000
96.9697	256	74.0000	75.5143
97.3485	257	74.0000	75.4286
97.7273	258	75.0000	75.3429
98.1061	259	74.0000	75.2571
98.4848	260	74.0000	75.1714
98.8636	261	74.0000	75.0857
99.2424	262	75.0000	75.0000
99.6212	263	74.0000	74.5000
100.0000	264	74.0000	74.0000
---------- 6: r2_h6 ----------
Offset(%)	Offset(pix)	Profile	Background
0.0000	0	62.0000	62.0000
0.3788	1	60.0000	61.4286
0.7576	2	64.0000	60.8571
1.1364	3	65.0000	60.2857
1.5152	4	64.0000	59.7143
1.8939	5	62.0000	59.1429
2.2727	6	59.0000	58.5714
2.6515	7	58.0000	58.0000
3.0303	8	61.0000	58.1616
3.4091	9	69.0000	58.3232
3.7879	10	71.0000	58.4848
4.1667	11	67.0000	58.6465
4.5455	12	63.0000	58.8081
4.9242	13	67.0000	58.9697
5.3030	14	69.0000	59.1313
5.6818	15	71.0000	59.2929
6.0606	16	68.0000	59.4545
6.4394	17	68.0000	59.6162
6.8182	18	68.0000	59.7778
7.1970	19	68.0000	59.9394
7.5758	20	69.0000	60.1010
7.9545	21	69.0000	60.2626
8.3333	22	68.0000	60.4242
8.7121	23	69.0000	60.5859
9.0909	24	69.0000	60.7475
9.4697	25	71.0000	60.9091
9.8485	26	70.0000	61.0707
10.2273	27	70.0000	61.2323
10.6061	28	69.0000	61.3939
10.9848	29	73.0000	61.5556
11.3636	30	71.0000	61.7172
11.7424	31	71.0000	61.8788
12.1212	32	73.0000	62.0404
12.5000	33	73.0000	62.2020
12.8788	34	73.0000	62.3636
13.2576	35	73.0000	62.5253
13.6364	36	75.0000	62.6869
14.0152	37	79.0000	62.8485
14.3939	38	81.0000	63.0101
14.7727	39	81.0000	63.1717
15.1515	40	85.0000	63.3333
15.5303	41	88.0000	63.4949
15.9091	42	91.0000	63.6566
16.2879	43	101.0000	63.8182
16.6667	44	107.0000	63.9798
17.0455	45	124.0000	64.1414
17.4242	46	137.0000	64.3030
17.8030	47	144.0000	64.4646
18.1818	48	153.0000	64.6263
18.5606	49	151.0000	64.7879
18.9394	50	149.0000	64.9495
19.3182	51	147.0000	65.1111
19.6970	52	148.0000	65.2727
20.0758	53	143.0000	65.4343
20.4545	54	138.0000	65.5960
20.8333	55	134.0000	65.7576
21.2121	56	129.0000	65.9192
21.5909	57	125.0000	66.0808
21.9697	58	124.0000	66.2424
22.3485	59	115.0000	66.4040
22.7273	60	113.0000	66.5657
23.1061	61	110.0000	66.7273
23.4848	62	107.0000	66.8889
23.8636	63	105.0000	67.0505
24.2424	64	103.0000	67.2121
24.6212	65	101.0000	67.3737
25.0000	66	98.0000	67.5354
25.3788	67	97.0000	67.6970
25.7576	68	93.0000	67.8586
26.1364	69	91.0000	68.0202
26.5152	70	89.0000	68.1818
26.8939	71	88.0000	68.3434
27.2727	72	87.0000	68.5051
27.6515	73	87.0000	68.6667
28.0303	74	85.0000	68.8283
28.4091	75	86.0000	68.9899
28.7879	76	84.0000	69.1515
29.1667	77	85.0000	69.3131
29.5455	78	82.0000	69.4747
29.9242	79	80.0000	69.6364
30.3030	80	82.0000	69.7980
30.6818	81	79.0000	69.9596
31.0606	82	81.0000	70.1212
31.4394	83	79.0000	70.2828
31.8182	84	78.0000	70.4444
32.1970	85	79.0000	70.6061
32.5758	86	77.0000	70.7677
32.9545	87	78.0000	70.9293
33.3333	88	77.0000	71.0909
33.7121	89	76.0000	71.2525
34.0909	90	76.0000	71.4141
34.4697	91	76.0000	71.5758
34.8485	92	77.0000	71.7374
35.2273	93	77.0000	71.8990
35.6061	94	75.0000	72.0606
35.9848	95	75.0000	72.2222
36.3636	96	76.0000	72.3838
36.7424	97	75.0000	72.5455
37.1212	98	76.0000	72.7071
37.5000	99	74.0000	72.8687
37.8788	100	76.0000	73.0303
38.2576	101	76.0000	73.1919
38.6364	102	76.0000	73.3535
39.0152	103	73.0000	73.5152
39.3939	104	74.0000	73.6768
39.7727	105	76.0000	73.8384
40.1515	106	74.0000	74.0000
40.5303	107	76.0000	74.1207
40.9091	108	74.0000	74.2414
41.2879	109	73.0000	74.3621
41.6667	110	76.0000	74.4828
42.0455	111	77.0000	74.6034
42.4242	112	75.0000	74.7241
42.8030	113	74.0000	74.8448
43.1818	114	75.0000	74.9655
43.5606	115	77.0000	75.0862
43.9394	116	75.0000	75.2069
44.3182	117	75.0000	75.3276
44.6970	118	75.0000	75.4483
45.0758	119	77.0000	75.5690
45.4545	120	76.0000	75.6897
45.8333	121	77.0000	75.8103
46.2121	122	76.0000	75.9310
46.5909	123	77.0000	76.0517
46.9697	124	76.0000	76.1724
47.3485	125	76.0000	76.2931
47.7273	126	75.0000	76.4138
48.1061	127	76.0000	76.5345
48.4848	128	76.0000	76.6552
48.8636	129	76.0000	76.7759
49.2424	130	76.0000	76.8966
49.6212	131	76.0000	77.0172
50.0000	132	76.0000	77.1379
50.3788	133	77.0000	77.2586
50.7576	134	77.0000	77.3793
51.1364	135	77.0000	77.5000
51.5152	136	78.0000	77.6207
51.8939	137	77.0000	77.7414
52.2727	138	77.0000	77.8621
52.6515	139	78.0000	77.9828
53.0303	140	78.0000	78.1034
53.4091	141	78.0000	78.2241
53.7879	142	78.0000	78.3448
54.1667	143	77.0000	78.4655
54.5455	144	80.0000	78.5862
54.9242	145	79.0000	78.7069
55.3030	146	79.0000	78.8276
55.6818	147	78.0000	78.9483
56.0606	148	79.0000	79.0690
56.4394	149	79.0000	79.1897
56.8182	150	81.0000	79.3103
57.1970	151	80.0000	79.4310
57.5758	152	79.0000	79.5517
57.9545	153	79.0000	79.6724
58.3333	154	81.0000	79.7931
58.7121	155	80.0000	79.9138
59.0909	156	79.0000	80.0345
59.4697	157	78.0000	80.1552
59.8485	158	79.0000	80.2759
60.2273	159	80.0000	80.3966
60.6061	160	79.0000	80.5172
60.9848	161	79.0000	80.6379
61.3636	162	80.0000	80.7586
61.7424	163	80.0000	80.8793
62.1212	164	81.0000	81.0000
62.5000	165	80.0000	80.9231
62.8788	166	80.0000	80.8462
63.2576	167	78.0000	80.7692
63.6364	168	80.0000	80.6923
64.0152	169	79.0000	80.6154
64.3939	170	78.0000	80.5385
64.7727	171	78.0000	80.4615
65.1515	172	78.0000	80.3846
65.5303	173	79.0000	80.3077
65.9091	174	81.0000	80.2308
66.2879	175	80.0000	80.1538
66.6667	176	81.0000	80.0769
67.0455	177	80.0000	80.0000
67.4242	178	80.0000	79.9615
67.8030	179	82.0000	79.9231
68.1818	180	80.0000	79.8846
68.5606	181	83.0000	79.8462
68.9394	182	81.0000	79.8077
69.3182	183	82.0000	79.7692
69.6970	184	83.0000	79.7308
70.0758	185	81.0000	79.6923
70.4545	186	83.0000	79.6538
70.8333	187	81.0000	79.6154
71.2121	188	83.0000	79.5769
71.5909	189	84.0000	79.5385
71.9697	190	83.0000	79.5000
72.3485	191	83.0000	79.4615
72.7273	192	84.0000	79.4231
73.1061	193	84.0000	79.3846
73.4848	194	82.0000	79.3462
73.8636	195	82.0000	79.3077
74.2424	196	82.0000	79.2692
74.6212	197	84.0000	79.2308
75.0000	198	82.0000	79.1923
75.3788	199	83.0000	79.1538
75.7576	200	84.0000	79.1154
76.1364	201	83.0000	79.0769
76.5152	202	84.0000	79.0385
76.8939	203	85.0000	79.0000
77.2727	204	84.0000	78.9615
77.6515	205	82.0000	78.9231
78.0303	206	83.0000	78.8846
78.4091	207	83.0000	78.8462
78.7879	208	83.0000	78.8077
79.1667	209	81.0000	78.7692
79.5455	210	83.0000	78.7308
79.9242	211	82.0000	78.6923
80.3030	212	83.0000	78.6538
80.6818	213	82.0000	78.6154
81.0606	214	82.0000	78.5769
81.4394	215	80.0000	78.5385
81.8182	216	83.0000	78.5000
82.1970	217	80.0000	78.4615
82.5758	218	80.0000	78.4231
82.9545	219	80.0000	78.3846
83.3333	220	79.0000	78.3462
83.7121	221	79.0000	78.3077
84.0909	222	81.0000	78.2692
84.4697	223	80.0000	78.2308
84.8485	224	78.0000	78.1923
85.2273	225	79.0000	78.1538
85.6061	226	80.0000	78.1154
85.9848	227	78.0000	78.0769
86.3636	228	77.0000	78.0385
86.7424	229	78.0000	78.0000
87.1212	230	77.0000	77.8571
87.5000	231	78.0000	77.7143
87.8788	232	77.0000	77.5714
88.2576	233	77.0000	77.4286
88.6364	234	76.0000	77.2857
89.0152	235	76.0000	77.1429
89.3939	236	76.0000	77.0000
89.7727	237	77.0000	76.8571
90.1515	238	75.0000	76.7143
90.5303	239	76.0000	76.5714
90.9091	240	76.0000	76.4286
91.2879	241	74.0000	76.2857
91.6667	242	76.0000	76.1429
92.0455	243	74.0000	76.0000
92.4242	244	75.0000	75.8571
92.8030	245	76.0000	75.7143
93.1818	246	75.0000	75.5714
93.5606	247	76.0000	75.4286
93.9394	248	75.0000	75.2857
94.3182	249	74.0000	75.1429
94.6970	250	74.0000	75.0000
95.0758	251	74.0000	74.8571
95.4545	252	73.0000	74.7143
95.8333	253	72.0000	74.5714
96.2121	254	75.0000	74.4286
96.5909	255	74.0000	74.2857
96.9697	256	74.0000	74.1429
97.3485	257	73.0000	74.0000
97.7273	258	74.0000	73.8571
98.1061	259	74.0000	73.7143
98.4848	260	74.0000	73.5714
98.8636	261	74.0000	73.4286
99.2424	262	75.0000	73.2857
99.6212	263	75.0000	73.1429
100.0000	264	73.0000	73.0000
