---------- 1: r2b_e1 ----------
Offset(%)	Offset(pix)	Profile	Background
0.0000	0	71.0000	71.0000
0.2119	1	71.0000	70.7143
0.4237	2	71.0000	70.4286
0.6356	3	72.0000	70.1429
0.8475	4	71.0000	69.8571
1.0593	5	73.0000	69.5714
1.2712	6	71.0000	69.2857
1.4831	7	71.0000	69.0000
1.6949	8	71.0000	68.7143
1.9068	9	72.0000	68.4286
2.1186	10	71.0000	68.1429
2.3305	11	71.0000	67.8571
2.5424	12	71.0000	67.5714
2.7542	13	72.0000	67.2857
2.9661	14	72.0000	67.0000
3.1780	15	72.0000	66.7143
3.3898	16	71.0000	66.4286
3.6017	17	70.0000	66.1429
3.8136	18	67.0000	65.8571
4.0254	19	66.0000	65.5714
4.2373	20	68.0000	65.2857
4.4492	21	73.0000	65.0000
4.6610	22	76.0000	64.7143
4.8729	23	74.0000	64.4286
5.0847	24	72.0000	64.1429
5.2966	25	68.0000	63.8571
5.5085	26	66.0000	63.5714
5.7203	27	65.0000	63.2857
5.9322	28	63.0000	63.0000
6.1441	29	66.0000	63.0800
6.3559	30	69.0000	63.1600
6.5678	31	82.0000	63.2400
6.7797	32	95.0000	63.3200
6.9915	33	103.0000	63.4000
7.2034	34	101.0000	63.4800
7.4153	35	92.0000	63.5600
7.6271	36	88.0000	63.6400
7.8390	37	78.0000	63.7200
8.0508	38	75.0000	63.8000
8.2627	39	80.0000	63.8800
8.4746	40	85.0000	63.9600
8.6864	41	94.0000	64.0400
8.8983	42	97.0000	64.1200
9.1102	43	99.0000	64.2000
9.3220	44	94.0000	64.2800
9.5339	45	90.0000	64.3600
9.7458	46	91.0000	64.4400
9.9576	47	88.0000	64.5200
10.1695	48	88.0000	64.6000
10.3814	49	87.0000	64.6800
10.5932	50	87.0000	64.7600
10.8051	51	86.0000	64.8400
11.0169	52	85.0000	64.9200
11.2288	53	84.0000	65.0000
11.4407	54	87.0000	65.0800
11.6525	55	84.0000	65.1600
11.8644	56	85.0000	65.2400
12.0763	57	84.0000	65.3200
12.2881	58	84.0000	65.4000
12.5000	59	85.0000	65.4800
12.7119	60	86.0000	65.5600
12.9237	61	86.0000	65.6400
13.1356	62	85.0000	65.7200
13.3475	63	86.0000	65.8000
13.5593	64	86.0000	65.8800
13.7712	65	89.0000	65.9600
13.9831	66	87.0000	66.0400
14.1949	67	87.0000	66.1200
14.4068	68	88.0000	66.2000
14.6186	69	89.0000	66.2800
14.8305	70	90.0000	66.3600
15.0424	71	90.0000	66.4400
15.2542	72	91.0000	66.5200
15.4661	73	91.0000	66.6000
15.6780	74	91.0000	66.6800
15.8898	75	95.0000	66.7600
16.1017	76	95.0000	66.8400
16.3136	77	96.0000	66.9200
16.5254	78	101.0000	67.0000
16.7373	79	100.0000	67.0800
16.9492	80	105.0000	67.1600
17.1610	81	108.0000	67.2400
17.3729	82	114.0000	67.3200
17.5847	83	122.0000	67.4000
17.7966	84	128.0000	67.4800
18.0085	85	145.0000	67.5600
18.2203	86	157.0000	67.6400
18.4322	87	180.0000	67.7200
18.6441	88	198.0000	67.8000
18.8559	89	208.0000	67.8800
19.0678	90	209.0000	67.9600
19.2797	91	202.0000	68.0400
19.4915	92	196.0000	68.1200
19.7034	93	186.0000	68.2000
19.9153	94	176.0000	68.2800
20.1271	95	167.0000	68.3600
20.3390	96	160.0000	68.4400
20.5508	97	152.0000	68.5200
20.7627	98	146.0000	68.6000
20.9746	99	138.0000	68.6800
21.1864	100	132.0000	68.7600
21.3983	101	126.0000	68.8400
21.6102	102	123.0000	68.9200
21.8220	103	116.0000	69.0000
22.0339	104	114.0000	69.0800
22.2458	105	109.0000	69.1600
22.4576	106	107.0000	69.2400
22.6695	107	103.0000	69.3200
22.8814	108	102.0000	69.4000
23.0932	109	101.0000	69.4800
23.3051	110	98.0000	69.5600
23.5169	111	97.0000	69.6400
23.7288	112	94.0000	69.7200
23.9407	113	94.0000	69.8000
24.1525	114	93.0000	69.8800
24.3644	115	91.0000	69.9600
24.5763	116	91.0000	70.0400
24.7881	117	90.0000	70.1200
25.0000	118	89.0000	70.2000
25.2119	119	88.0000	70.2800
25.4237	120	86.0000	70.3600
25.6356	121	86.0000	70.4400
25.8475	122	86.0000	70.5200
26.0593	123	85.0000	70.6000
26.2712	124	83.0000	70.6800
26.4831	125	84.0000	70.7600
26.6949	126	84.0000	70.8400
26.9068	127	83.0000	70.9200
27.1186	128	81.0000	71.0000
27.3305	129	81.0000	71.0800
27.5424	130	80.0000	71.1600
27.7542	131	81.0000	71.2400
27.9661	132	82.0000	71.3200
28.1780	133	79.0000	71.4000
28.3898	134	80.0000	71.4800
28.6017	135	78.0000	71.5600
28.8136	136	78.0000	71.6400
29.0254	137	79.0000	71.7200
29.2373	138	77.0000	71.8000
29.4492	139	78.0000	71.8800
29.6610	140	78.0000	71.9600
29.8729	141	76.0000	72.0400
30.0847	142	77.0000	72.1200
30.2966	143	77.0000	72.2000
30.5085	144	76.0000	72.2800
30.7203	145	76.0000	72.3600
30.9322	146	76.0000	72.4400
31.1441	147	76.0000	72.5200
31.3559	148	75.0000	72.6000
31.5678	149	76.0000	72.6800
31.7797	150	74.0000	72.7600
31.9915	151	76.0000	72.8400
32.2034	152	75.0000	72.9200
32.4153	153	73.0000	73.0000
32.6271	154	74.0000	72.9667
32.8390	155	74.0000	72.9333
33.0508	156	75.0000	72.9000
33.2627	157	75.0000	72.8667
33.4746	158	73.0000	72.8333
33.6864	159	73.0000	72.8000
33.8983	160	74.0000	72.7667
34.1102	161	74.0000	72.7333
34.3220	162	74.0000	72.7000
34.5339	163	73.0000	72.6667
34.7458	164	73.0000	72.6333
34.9576	165	74.0000	72.6000
35.1695	166	73.0000	72.5667
35.3814	167	72.0000	72.5333
35.5932	168	73.0000	72.5000
35.8051	169	74.0000	72.4667
36.0169	170	73.0000	72.4333
36.2288	171	72.0000	72.4000
36.4407	172	72.0000	72.3667
36.6525	173	72.0000	72.3333
36.8644	174	72.0000	72.3000
37.0763	175	73.0000	72.2667
37.2881	176	73.0000	72.2333
37.5000	177	73.0000	72.2000
37.7119	178	72.0000	72.1667
37.9237	179	73.0000	72.1333
38.1356	180	72.0000	72.1000
38.3475	181	73.0000	72.0667
38.5593	182	72.0000	72.0333
38.7712	183	72.0000	72.0000
38.9831	184	72.0000	71.9737
39.1949	185	72.0000	71.9474
39.4068	186	72.0000	71.9211
39.6186	187	73.0000	71.8947
39.8305	188	72.0000	71.8684
40.0424	189	73.0000	71.8421
40.2542	190	73.0000	71.8158
40.4661	191	72.0000	71.7895
40.6780	192	72.0000	71.7632
40.8898	193	72.0000	71.7368
41.1017	194	73.0000	71.7105
41.3136	195	74.0000	71.6842
41.5254	196	73.0000	71.6579
41.7373	197	73.0000	71.6316
41.9492	198	72.0000	71.6053
42.1610	199	74.0000	71.5789
42.3729	200	74.0000	71.5526
42.5847	201	72.0000	71.5263
42.7966	202	73.0000	71.5000
43.0085	203	72.0000	71.4737
43.2203	204	74.0000	71.4474
43.4322	205	73.0000	71.4211
43.6441	206	72.0000	71.3947
43.8559	207	72.0000	71.3684
44.0678	208	72.0000	71.3421
44.2797	209	72.0000	71.3158
44.4915	210	73.0000	71.2895
44.7034	211	72.0000	71.2632
44.9153	212	71.0000	71.2368
45.1271	213	72.0000	71.2105
45.3390	214	73.0000	71.1842
45.5508	215	72.0000	71.1579
45.7627	216	73.0000	71.1316
45.9746	217	72.0000	71.1053
46.1864	218	73.0000	71.0789
46.3983	219	73.0000	71.0526
46.6102	220	73.0000	71.0263
46.8220	221	71.0000	71.0000
47.0339	222	73.0000	71.0328
47.2458	223	72.0000	71.0656
47.4576	224	73.0000	71.0984
47.6695	225	72.0000	71.1311
47.8814	226	72.0000	71.1639
48.0932	227	74.0000	71.1967
48.3051	228	73.0000	71.2295
48.5169	229	73.0000	71.2623
48.7288	230	73.0000	71.2951
48.9407	231	72.0000	71.3279
49.1525	232	71.0000	71.3607
49.3644	233	73.0000	71.3934
49.5763	234	74.0000	71.4262
49.7881	235	72.0000	71.4590
50.0000	236	72.0000	71.4918
50.2119	237	73.0000	71.5246
50.4237	238	73.0000	71.5574
50.6356	239	74.0000	71.5902
50.8475	240	73.0000	71.6229
51.0593	241	73.0000	71.6557
51.2712	242	74.0000	71.6885
51.4831	243	73.0000	71.7213
51.6949	244	73.0000	71.7541
51.9068	245	74.0000	71.7869
52.1186	246	72.0000	71.8197
52.3305	247	73.0000	71.8525
52.5424	248	73.0000	71.8852
52.7542	249	73.0000	71.9180
52.9661	250	72.0000	71.9508
53.1780	251	73.0000	71.9836
53.3898	252	72.0000	72.0164
53.6017	253	72.0000	72.0492
53.8136	254	73.0000	72.0820
54.0254	255	72.0000	72.1148
54.2373	256	74.0000	72.1475
54.4492	257	73.0000	72.1803
54.6610	258	73.0000	72.2131
54.8729	259	73.0000	72.2459
55.0847	260	72.0000	72.2787
55.2966	261	73.0000	72.3115
55.5085	262	73.0000	72.3443
55.7203	263	72.0000	72.3771
55.9322	264	72.0000	72.4098
56.1441	265	74.0000	72.4426
56.3559	266	73.0000	72.4754
56.5678	267	72.0000	72.5082
56.7797	268	73.0000	72.5410
56.9915	269	73.0000	72.5738
57.2034	270	73.0000	72.6066
57.4153	271	72.0000	72.6393
57.6271	272	72.0000	72.6721
57.8390	273	73.0000	72.7049
58.0508	274	73.0000	72.7377
58.2627	275	72.0000	72.7705
58.4746	276	72.0000	72.8033
58.6864	277	72.0000	72.8361
58.8983	278	73.0000	72.8689
59.1102	279	73.0000	72.9016
59.3220	280	72.0000	72.9344
59.5339	281	73.0000	72.9672
59.7458	282	73.0000	73.0000
59.9576	283	73.0000	73.0448
60.1695	284	73.0000	73.0896
60.3814	285	73.0000	73.1343
60.5932	286	72.0000	73.1791
60.8051	287	73.0000	73.2239
61.0169	288	72.0000	73.2687
61.2288	289	73.0000	73.3134
61.4407	290	72.0000	73.3582
61.6525	291	72.0000	73.4030
61.8644	292	73.0000	73.4478
62.0763	293	74.0000	73.4925
62.2881	294	73.0000	73.5373
62.5000	295	73.0000	73.5821
62.7119	296	73.0000	73.6269
62.9237	297	74.0000	73.6716
63.1356	298	73.0000	73.7164
63.3475	299	75.0000	73.7612
63.5593	300	73.0000	73.8060
63.7712	301	72.0000	73.8507
63.9831	302	73.0000	73.8955
64.1949	303	74.0000	73.9403
64.4068	304	73.0000	73.9851
64.6186	305	73.0000	74.0299
64.8305	306	72.0000	74.0746
65.0424	307	75.0000	74.1194
65.2542	308	74.0000	74.1642
65.4661	309	74.0000	74.2090
65.6780	310	73.0000	74.2537
65.8898	311	75.0000	74.2985
66.1017	312	74.0000	74.3433
66.3136	313	75.0000	74.3881
66.5254	314	75.0000	74.4328
66.7373	315	77.0000	74.4776
66.9492	316	76.0000	74.5224
67.1610	317	76.0000	74.5672
67.3729	318	77.0000	74.6119
67.5847	319	77.0000	74.6567
67.7966	320	77.0000	74.7015
68.0085	321	76.0000	74.7463
68.2203	322	75.0000	74.7910
68.4322	323	75.0000	74.8358
68.6441	324	75.0000	74.8806
68.8559	325	74.0000	74.9254
69.0678	326	75.0000	74.9701
69.2797	327	74.0000	75.0149
69.4915	328	75.0000	75.0597
69.7034	329	74.0000	75.1045
69.9153	330	75.0000	75.1493
70.1271	331	74.0000	75.1940
70.3390	332	73.0000	75.2388
70.5508	333	74.0000	75.2836
70.7627	334	73.0000	75.3284
70.9746	335	74.0000	75.3731
71.1864	336	76.0000	75.4179
71.3983	337	74.0000	75.4627
71.6102	338	73.0000	75.5075
71.8220	339	75.0000	75.5522
72.0339	340	74.0000	75.5970
72.2458	341	75.0000	75.6418
72.4576	342	73.0000	75.6866
72.6695	343	74.0000	75.7313
72.8814	344	74.0000	75.7761
73.0932	345	73.0000	75.8209
73.3051	346	75.0000	75.8657
73.5169	347	73.0000	75.9104
73.7288	348	73.0000	75.9552
73.9407	349	76.0000	76.0000
74.1525	350	76.0000	75.8788
74.3644	351	73.0000	75.7576
74.5763	352	73.0000	75.6364
74.7881	353	73.0000	75.5152
75.0000	354	74.0000	75.3939
75.2119	355	73.0000	75.2727
75.4237	356	74.0000	75.1515
75.6356	357	73.0000	75.0303
75.8475	358	73.0000	74.9091
76.0593	359	74.0000	74.7879
76.2712	360	73.0000	74.6667
76.4831	361	72.0000	74.5455
76.6949	362	72.0000	74.4242
76.9068	363	75.0000	74.3030
77.1186	364	73.0000	74.1818
77.3305	365	74.0000	74.0606
77.5424	366	71.0000	73.9394
77.7542	367	73.0000	73.8182
77.9661	368	72.0000	73.6970
78.1780	369	73.0000	73.5758
78.3898	370	72.0000	73.4545
78.6017	371	72.0000	73.3333
78.8136	372	73.0000	73.2121
79.0254	373	74.0000	73.0909
79.2373	374	74.0000	72.9697
79.4492	375	72.0000	72.8485
79.6610	376	73.0000	72.7273
79.8729	377	71.0000	72.6061
80.0847	378	73.0000	72.4848
80.2966	379	72.0000	72.3636
80.5085	380	72.0000	72.2424
80.7203	381	72.0000	72.1212
80.9322	382	72.0000	72.0000
81.1441	383	72.0000	71.8788
81.3559	384	74.0000	71.7576
81.5678	385	71.0000	71.6364
81.7797	386	71.0000	71.5152
81.9915	387	73.0000	71.3939
82.2034	388	72.0000	71.2727
82.4153	389	71.0000	71.1515
82.6271	390	72.0000	71.0303
82.8390	391	72.0000	70.9091
83.0508	392	70.0000	70.7879
83.2627	393	72.0000	70.6667
83.4746	394	71.0000	70.5455
83.6864	395	71.0000	70.4242
83.8983	396	70.0000	70.3030
84.1102	397	71.0000	70.1818
84.3220	398	70.0000	70.0606
84.5339	399	70.0000	69.9394
84.7458	400	69.0000	69.8182
84.9576	401	69.0000	69.6970
85.1695	402	70.0000	69.5758
85.3814	403	70.0000	69.4545
85.5932	404	70.0000	69.3333
85.8051	405	70.0000	69.2121
86.0169	406	70.0000	69.0909
86.2288	407	69.0000	68.9697
86.4407	408	69.0000	68.8485
86.6525	409	69.0000	68.7273
86.8644	410	69.0000	68.6061
87.0763	411	70.0000	68.4848
87.2881	412	69.0000	68.3636
87.5000	413	69.0000	68.2424
87.7119	414	69.0000	68.1212
87.9237	415	68.0000	68.0000
88.1356	416	69.0000	68.0000
88.3475	417	69.0000	68.0000
88.5593	418	69.0000	68.0000
88.7712	419	68.0000	68.0000
88.9831	420	68.0000	68.0000
89.1949	421	70.0000	68.0000
89.4068	422	70.0000	68.0000
89.6186	423	68.0000	68.0000
89.8305	424	69.0000	68.0000
90.0424	425	68.0000	68.0000
90.2542	426	70.0000	68.0000
90.4661	427	69.0000	68.0000
90.6780	428	69.0000	68.0000
90.8898	429	69.0000	68.0000
91.1017	430	69.0000	68.0000
91.3136	431	70.0000	68.0000
91.5254	432	69.0000	68.0000
91.7373	433	69.0000	68.0000
91.9492	434	68.0000	68.0000
92.1610	435	68.0000	68.0000
92.3729	436	68.0000	68.0000
92.5847	437	69.0000	68.0000
92.7966	438	69.0000	68.0000
93.0085	439	68.0000	68.0000
93.2203	440	68.0000	68.0000
93.4322	441	68.0000	68.0000
93.6441	442	69.0000	68.0000
93.8559	443	70.0000	68.0000
94.0678	444	68.0000	68.0000
94.2797	445	69.0000	68.0000
94.4915	446	70.0000	68.0000
94.7034	447	69.0000	68.0000
94.9153	448	69.0000	68.0000
95.1271	449	69.0000	68.0000
95.3390	450	69.0000	68.0000
95.5508	451	70.0000	68.0000
95.7627	452	69.0000	68.0000
95.9746	453	69.0000	68.0000
96.1864	454	69.0000	68.0000
96.3983	455	69.0000	68.0000
96.6102	456	69.0000	68.0000
96.8220	457	70.0000	68.0000
97.0339	458	70.0000	68.0000
97.2458	459	69.0000	68.0000
97.4576	460	69.0000	68.0000
97.6695	461	70.0000	68.0000
97.8814	462	68.0000	68.0000
98.0932	463	70.0000	68.0000
98.3051	464	69.0000	68.0000
98.5169	465	70.0000	68.0000
98.7288	466	68.0000	68.0000
98.9407	467	68.0000	68.0000
99.1525	468	69.0000	68.0000
99.3644	469	68.0000	68.0000
99.5763	470	69.0000	68.3333
99.7881	471	69.0000	68.6667
100.0000	472	69.0000	69.0000
---------- 2: r2b_e2 ----------
Offset(%)	Offset(pix)	Profile	Background
0.0000	0	72.0000	72.0000
0.2119	1	72.0000	71.6897
0.4237	2	72.0000	71.3793
0.6356	3	72.0000	71.0690
0.8475	4	71.0000	70.7586
1.0593	5	73.0000	70.4483
1.2712	6	72.0000	70.1379
1.4831	7	73.0000	69.8276
1.6949	8	73.0000	69.5172
1.9068	9	74.0000	69.2069
2.1186	10	72.0000	68.8966
2.3305	11	73.0000	68.5862
2.5424	12	73.0000	68.2759
2.7542	13	73.0000	67.9655
2.9661	14	71.0000	67.6552
3.1780	15	74.0000	67.3448
3.3898	16	71.0000	67.0345
3.6017	17	68.0000	66.7241
3.8136	18	65.0000	66.4138
4.0254	19	67.0000	66.1034
4.2373	20	70.0000	65.7931
4.4492	21	74.0000	65.4828
4.6610	22	73.0000	65.1724
4.8729	23	70.0000	64.8621
5.0847	24	70.0000	64.5517
5.2966	25	68.0000	64.2414
5.5085	26	67.0000	63.9310
5.7203	27	65.0000	63.6207
5.9322	28	65.0000	63.3103
6.1441	29	63.0000	63.0000
6.3559	30	67.0000	63.2903
6.5678	31	75.0000	63.5806
6.7797	32	83.0000	63.8710
6.9915	33	98.0000	64.1613
7.2034	34	94.0000	64.4516
7.4153	35	88.0000	64.7419
7.6271	36	80.0000	65.0323
7.8390	37	74.0000	65.3226
8.0508	38	74.0000	65.6129
8.2627	39	74.0000	65.9032
8.4746	40	75.0000	66.1936
8.6864	41	73.0000	66.4839
8.8983	42	75.0000	66.7742
9.1102	43	74.0000	67.0645
9.3220	44	74.0000	67.3548
9.5339	45	74.0000	67.6452
9.7458	46	73.0000	67.9355
9.9576	47	73.0000	68.2258
10.1695	48	73.0000	68.5161
10.3814	49	73.0000	68.8064
10.5932	50	73.0000	69.0968
10.8051	51	70.0000	69.3871
11.0169	52	73.0000	69.6774
11.2288	53	72.0000	69.9677
11.4407	54	73.0000	70.2581
11.6525	55	72.0000	70.5484
11.8644	56	73.0000	70.8387
12.0763	57	73.0000	71.1290
12.2881	58	72.0000	71.4194
12.5000	59	73.0000	71.7097
12.7119	60	72.0000	72.0000
12.9237	61	73.0000	72.1277
13.1356	62	72.0000	72.2553
13.3475	63	73.0000	72.3830
13.5593	64	73.0000	72.5106
13.7712	65	74.0000	72.6383
13.9831	66	73.0000	72.7660
14.1949	67	72.0000	72.8936
14.4068	68	72.0000	73.0213
14.6186	69	74.0000	73.1489
14.8305	70	74.0000	73.2766
15.0424	71	73.0000	73.4043
15.2542	72	74.0000	73.5319
15.4661	73	74.0000	73.6596
15.6780	74	74.0000	73.7872
15.8898	75	76.0000	73.9149
16.1017	76	74.0000	74.0426
16.3136	77	76.0000	74.1702
16.5254	78	77.0000	74.2979
16.7373	79	75.0000	74.4255
16.9492	80	75.0000	74.5532
17.1610	81	77.0000	74.6808
17.3729	82	78.0000	74.8085
17.5847	83	79.0000	74.9362
17.7966	84	78.0000	75.0638
18.0085	85	78.0000	75.1915
18.2203	86	80.0000	75.3192
18.4322	87	81.0000	75.4468
18.6441	88	82.0000	75.5745
18.8559	89	84.0000	75.7021
19.0678	90	85.0000	75.8298
19.2797	91	86.0000	75.9574
19.4915	92	89.0000	76.0851
19.7034	93	92.0000	76.2128
19.9153	94	92.0000	76.3404
20.1271	95	95.0000	76.4681
20.3390	96	92.0000	76.5957
20.5508	97	95.0000	76.7234
20.7627	98	99.0000	76.8511
20.9746	99	100.0000	76.9787
21.1864	100	100.0000	77.1064
21.3983	101	99.0000	77.2340
21.6102	102	98.0000	77.3617
21.8220	103	101.0000	77.4894
22.0339	104	101.0000	77.6170
22.2458	105	98.0000	77.7447
22.4576	106	97.0000	77.8723
22.6695	107	102.0000	78.0000
22.8814	108	98.0000	78.1277
23.0932	109	98.0000	78.2553
23.3051	110	100.0000	78.3830
23.5169	111	98.0000	78.5106
23.7288	112	99.0000	78.6383
23.9407	113	99.0000	78.7660
24.1525	114	97.0000	78.8936
24.3644	115	96.0000	79.0213
24.5763	116	98.0000	79.1489
24.7881	117	97.0000	79.2766
25.0000	118	100.0000	79.4043
25.2119	119	97.0000	79.5319
25.4237	120	97.0000	79.6596
25.6356	121	97.0000	79.7872
25.8475	122	97.0000	79.9149
26.0593	123	95.0000	80.0426
26.2712	124	96.0000	80.1702
26.4831	125	96.0000	80.2979
26.6949	126	94.0000	80.4255
26.9068	127	95.0000	80.5532
27.1186	128	96.0000	80.6808
27.3305	129	93.0000	80.8085
27.5424	130	92.0000	80.9362
27.7542	131	94.0000	81.0638
27.9661	132	91.0000	81.1915
28.1780	133	91.0000	81.3192
28.3898	134	92.0000	81.4468
28.6017	135	89.0000	81.5745
28.8136	136	90.0000	81.7021
29.0254	137	91.0000	81.8298
29.2373	138	89.0000	81.9574
29.4492	139	86.0000	82.0851
29.6610	140	89.0000	82.2128
29.8729	141	89.0000	82.3404
30.0847	142	91.0000	82.4681
30.2966	143	87.0000	82.5957
30.5085	144	88.0000	82.7234
30.7203	145	89.0000	82.8511
30.9322	146	91.0000	82.9787
31.1441	147	87.0000	83.1064
31.3559	148	89.0000	83.2340
31.5678	149	89.0000	83.3617
31.7797	150	89.0000	83.4894
31.9915	151	89.0000	83.6170
32.2034	152	86.0000	83.7447
32.4153	153	87.0000	83.8723
32.6271	154	84.0000	84.0000
32.8390	155	87.0000	83.9245
33.0508	156	87.0000	83.8491
33.2627	157	86.0000	83.7736
33.4746	158	85.0000	83.6981
33.6864	159	84.0000	83.6226
33.8983	160	86.0000	83.5472
34.1102	161	85.0000	83.4717
34.3220	162	84.0000	83.3962
34.5339	163	85.0000	83.3208
34.7458	164	85.0000	83.2453
34.9576	165	86.0000	83.1698
35.1695	166	86.0000	83.0943
35.3814	167	84.0000	83.0189
35.5932	168	84.0000	82.9434
35.8051	169	85.0000	82.8679
36.0169	170	84.0000	82.7924
36.2288	171	85.0000	82.7170
36.4407	172	85.0000	82.6415
36.6525	173	82.0000	82.5660
36.8644	174	85.0000	82.4906
37.0763	175	84.0000	82.4151
37.2881	176	83.0000	82.3396
37.5000	177	84.0000	82.2642
37.7119	178	82.0000	82.1887
37.9237	179	84.0000	82.1132
38.1356	180	84.0000	82.0377
38.3475	181	84.0000	81.9623
38.5593	182	84.0000	81.8868
38.7712	183	82.0000	81.8113
38.9831	184	84.0000	81.7358
39.1949	185	84.0000	81.6604
39.4068	186	82.0000	81.5849
39.6186	187	82.0000	81.5094
39.8305	188	82.0000	81.4340
40.0424	189	84.0000	81.3585
40.2542	190	82.0000	81.2830
40.4661	191	82.0000	81.2076
40.6780	192	83.0000	81.1321
40.8898	193	81.0000	81.0566
41.1017	194	83.0000	80.9811
41.3136	195	81.0000	80.9057
41.5254	196	83.0000	80.8302
41.7373	197	82.0000	80.7547
41.9492	198	82.0000	80.6792
42.1610	199	83.0000	80.6038
42.3729	200	82.0000	80.5283
42.5847	201	81.0000	80.4528
42.7966	202	81.0000	80.3774
43.0085	203	83.0000	80.3019
43.2203	204	83.0000	80.2264
43.4322	205	82.0000	80.1509
43.6441	206	81.0000	80.0755
43.8559	207	80.0000	80.0000
44.0678	208	82.0000	80.0222
44.2797	209	81.0000	80.0444
44.4915	210	81.0000	80.0667
44.7034	211	81.0000	80.0889
44.9153	212	82.0000	80.1111
45.1271	213	80.0000	80.1333
45.3390	214	82.0000	80.1556
45.5508	215	82.0000	80.1778
45.7627	216	79.0000	80.2000
45.9746	217	83.0000	80.2222
46.1864	218	83.0000	80.2444
46.3983	219	80.0000	80.2667
46.6102	220	82.0000	80.2889
46.8220	221	81.0000	80.3111
47.0339	222	80.0000	80.3333
47.2458	223	82.0000	80.3556
47.4576	224	82.0000	80.3778
47.6695	225	80.0000	80.4000
47.8814	226	81.0000	80.4222
48.0932	227	80.0000	80.4444
48.3051	228	82.0000	80.4667
48.5169	229	81.0000	80.4889
48.7288	230	81.0000	80.5111
48.9407	231	81.0000	80.5333
49.1525	232	83.0000	80.5556
49.3644	233	81.0000	80.5778
49.5763	234	81.0000	80.6000
49.7881	235	81.0000	80.6222
50.0000	236	79.0000	80.6444
50.2119	237	81.0000	80.6667
50.4237	238	82.0000	80.6889
50.6356	239	81.0000	80.7111
50.8475	240	83.0000	80.7333
51.0593	241	80.0000	80.7556
51.2712	242	81.0000	80.7778
51.4831	243	82.0000	80.8000
51.6949	244	80.0000	80.8222
51.9068	245	80.0000	80.8444
52.1186	246	80.0000	80.8667
52.3305	247	81.0000	80.8889
52.5424	248	80.0000	80.9111
52.7542	249	79.0000	80.9333
52.9661	250	78.0000	80.9556
53.1780	251	81.0000	80.9778
53.3898	252	81.0000	81.0000
53.6017	253	81.0000	80.9355
53.8136	254	78.0000	80.8710
54.0254	255	79.0000	80.8064
54.2373	256	79.0000	80.7419
54.4492	257	81.0000	80.6774
54.6610	258	79.0000	80.6129
54.8729	259	79.0000	80.5484
55.0847	260	79.0000	80.4839
55.2966	261	81.0000	80.4194
55.5085	262	78.0000	80.3548
55.7203	263	80.0000	80.2903
55.9322	264	79.0000	80.2258
56.1441	265	80.0000	80.1613
56.3559	266	80.0000	80.0968
56.5678	267	81.0000	80.0323
56.7797	268	79.0000	79.9677
56.9915	269	79.0000	79.9032
57.2034	270	80.0000	79.8387
57.4153	271	80.0000	79.7742
57.6271	272	79.0000	79.7097
57.8390	273	79.0000	79.6452
58.0508	274	78.0000	79.5806
58.2627	275	78.0000	79.5161
58.4746	276	79.0000	79.4516
58.6864	277	79.0000	79.3871
58.8983	278	78.0000	79.3226
59.1102	279	77.0000	79.2581
59.3220	280	77.0000	79.1936
59.5339	281	79.0000	79.1290
59.7458	282	78.0000	79.0645
59.9576	283	79.0000	79.0000
60.1695	284	79.0000	78.9052
60.3814	285	80.0000	78.8103
60.5932	286	79.0000	78.7155
60.8051	287	77.0000	78.6207
61.0169	288	79.0000	78.5259
61.2288	289	77.0000	78.4310
61.4407	290	79.0000	78.3362
61.6525	291	78.0000	78.2414
61.8644	292	79.0000	78.1466
62.0763	293	78.0000	78.0517
62.2881	294	79.0000	77.9569
62.5000	295	79.0000	77.8621
62.7119	296	78.0000	77.7672
62.9237	297	79.0000	77.6724
63.1356	298	79.0000	77.5776
63.3475	299	79.0000	77.4828
63.5593	300	81.0000	77.3879
63.7712	301	79.0000	77.2931
63.9831	302	80.0000	77.1983
64.1949	303	79.0000	77.1034
64.4068	304	80.0000	77.0086
64.6186	305	80.0000	76.9138
64.8305	306	81.0000	76.8190
65.0424	307	78.0000	76.7241
65.2542	308	78.0000	76.6293
65.4661	309	78.0000	76.5345
65.6780	310	79.0000	76.4397
65.8898	311	79.0000	76.3448
66.1017	312	77.0000	76.2500
66.3136	313	77.0000	76.1552
66.5254	314	77.0000	76.0603
66.7373	315	77.0000	75.9655
66.9492	316	77.0000	75.8707
67.1610	317	76.0000	75.7759
67.3729	318	76.0000	75.6810
67.5847	319	76.0000	75.5862
67.7966	320	75.0000	75.4914
68.0085	321	76.0000	75.3966
68.2203	322	75.0000	75.3017
68.4322	323	76.0000	75.2069
68.6441	324	76.0000	75.1121
68.8559	325	74.0000	75.0172
69.0678	326	74.0000	74.9224
69.2797	327	73.0000	74.8276
69.4915	328	73.0000	74.7328
69.7034	329	74.0000	74.6379
69.9153	330	74.0000	74.5431
70.1271	331	73.0000	74.4483
70.3390	332	72.0000	74.3534
70.5508	333	74.0000	74.2586
70.7627	334	73.0000	74.1638
70.9746	335	73.0000	74.0690
71.1864	336	74.0000	73.9741
71.3983	337	73.0000	73.8793
71.6102	338	73.0000	73.7845
71.8220	339	73.0000	73.6897
72.0339	340	72.0000	73.5948
72.2458	341	72.0000	73.5000
72.4576	342	72.0000	73.4052
72.6695	343	72.0000	73.3103
72.8814	344	72.0000	73.2155
73.0932	345	71.0000	73.1207
73.3051	346	72.0000	73.0259
73.5169	347	72.0000	72.9310
73.7288	348	72.0000	72.8362
73.9407	349	72.0000	72.7414
74.1525	350	72.0000	72.6466
74.3644	351	70.0000	72.5517
74.5763	352	71.0000	72.4569
74.7881	353	71.0000	72.3621
75.0000	354	70.0000	72.2672
75.2119	355	70.0000	72.1724
75.4237	356	69.0000	72.0776
75.6356	357	70.0000	71.9828
75.8475	358	71.0000	71.8879
76.0593	359	71.0000	71.7931
76.2712	360	70.0000	71.6983
76.4831	361	70.0000	71.6034
76.6949	362	70.0000	71.5086
76.9068	363	70.0000	71.4138
77.1186	364	71.0000	71.3190
77.3305	365	70.0000	71.2241
77.5424	366	69.0000	71.1293
77.7542	367	70.0000	71.0345
77.9661	368	71.0000	70.9397
78.1780	369	70.0000	70.8448
78.3898	370	71.0000	70.7500
78.6017	371	70.0000	70.6552
78.8136	372	71.0000	70.5603
79.0254	373	71.0000	70.4655
79.2373	374	69.0000	70.3707
79.4492	375	69.0000	70.2759
79.6610	376	69.0000	70.1810
79.8729	377	68.0000	70.0862
80.0847	378	70.0000	69.9914
80.2966	379	69.0000	69.8966
80.5085	380	68.0000	69.8017
80.7203	381	69.0000	69.7069
80.9322	382	69.0000	69.6121
81.1441	383	69.0000	69.5172
81.3559	384	70.0000	69.4224
81.5678	385	70.0000	69.3276
81.7797	386	69.0000	69.2328
81.9915	387	69.0000	69.1379
82.2034	388	68.0000	69.0431
82.4153	389	69.0000	68.9483
82.6271	390	68.0000	68.8534
82.8390	391	68.0000	68.7586
83.0508	392	69.0000	68.6638
83.2627	393	69.0000	68.5690
83.4746	394	69.0000	68.4741
83.6864	395	68.0000	68.3793
83.8983	396	69.0000	68.2845
84.1102	397	69.0000	68.1897
84.3220	398	69.0000	68.0948
84.5339	399	68.0000	68.0000
84.7458	400	68.0000	68.0170
84.9576	401	69.0000	68.0339
85.1695	402	68.0000	68.0508
85.3814	403	69.0000	68.0678
85.5932	404	69.0000	68.0847
85.8051	405	69.0000	68.1017
86.0169	406	68.0000	68.1186
86.2288	407	69.0000	68.1356
86.4407	408	68.0000	68.1525
86.6525	409	69.0000	68.1695
86.8644	410	68.0000	68.1864
87.0763	411	68.0000	68.2034
87.2881	412	69.0000	68.2203
87.5000	413	68.0000	68.2373
87.7119	414	68.0000	68.2542
87.9237	415	68.0000	68.2712
88.1356	416	69.0000	68.2881
88.3475	417	70.0000	68.3051
88.5593	418	69.0000	68.3220
88.7712	419	68.0000	68.3390
88.9831	420	69.0000	68.3559
89.1949	421	69.0000	68.3729
89.4068	422	69.0000	68.3898
89.6186	423	69.0000	68.4068
89.8305	424	68.0000	68.4237
90.0424	425	68.0000	68.4407
90.2542	426	70.0000	68.4576
90.4661	427	69.0000	68.4746
90.6780	428	69.0000	68.4915
90.8898	429	69.0000	68.5085
91.1017	430	68.0000	68.5254
91.3136	431	69.0000	68.5424
91.5254	432	69.0000	68.5593
91.7373	433	70.0000	68.5763
91.9492	434	68.0000	68.5932
92.1610	435	68.0000	68.6102
92.3729	436	69.0000	68.6271
92.5847	437	69.0000	68.6441
92.7966	438	69.0000	68.6610
93.0085	439	68.0000	68.6780
93.2203	440	69.0000	68.6949
93.4322	441	69.0000	68.7119
93.6441	442	69.0000	68.7288
93.8559	443	69.0000	68.7458
94.0678	444	68.0000	68.7627
94.2797	445	68.0000	68.7797
94.4915	446	70.0000	68.7966
94.7034	447	68.0000	68.8136
94.9153	448	68.0000	68.8305
95.1271	449	69.0000	68.8475
95.3390	450	69.0000	68.8644
95.5508	451	70.0000	68.8814
95.7627	452	69.0000	68.8983
95.9746	453	68.0000	68.9153
96.1864	454	67.0000	68.9322
96.3983	455	69.0000	68.9492
96.6102	456	69.0000	68.9661
96.8220	457	68.0000	68.9830
97.0339	458	69.0000	69.0000
97.2458	459	69.0000	68.9167
97.4576	460	68.0000	68.8333
97.6695	461	69.0000	68.7500
97.8814	462	69.0000	68.6667
98.0932	463	67.0000	68.5833
98.3051	464	68.0000	68.5000
98.5169	465	70.0000	68.4167
98.7288	466	70.0000	68.3333
98.9407	467	69.0000	68.2500
99.1525	468	70.0000	68.1667
99.3644	469	70.0000	68.0833
99.5763	470	68.0000	68.0000
99.7881	471	70.0000	68.5000
100.0000	472	69.0000	69.0000
---------- 3: r2b_e3 ----------
Offset(%)	Offset(pix)	Profile	Background
0.0000	0	71.0000	71.0000
0.2119	1	71.0000	70.6923
0.4237	2	71.0000	70.3846
0.6356	3	70.0000	70.0769
0.8475	4	72.0000	69.7692
1.0593	5	71.0000	69.4615
1.2712	6	71.0000	69.1538
1.4831	7	72.0000	68.8462
1.6949	8	71.0000	68.5385
1.9068	9	72.0000	68.2308
2.1186	10	72.0000	67.9231
2.3305	11	72.0000	67.6154
2.5424	12	71.0000	67.3077
2.7542	13	72.0000	67.0000
2.9661	14	71.0000	66.6923
3.1780	15	69.0000	66.3846
3.3898	16	68.0000	66.0769
3.6017	17	66.0000	65.7692
3.8136	18	65.0000	65.4615
4.0254	19	68.0000	65.1538
4.2373	20	73.0000	64.8462
4.4492	21	75.0000	64.5385
4.6610	22	73.0000	64.2308
4.8729	23	69.0000	63.9231
5.0847	24	69.0000	63.6154
5.2966	25	66.0000	63.3077
5.5085	26	63.0000	63.0000
5.7203	27	65.0000	63.2432
5.9322	28	65.0000	63.4865
6.1441	29	66.0000	63.7297
6.3559	30	73.0000	63.9730
6.5678	31	78.0000	64.2162
6.7797	32	85.0000	64.4595
6.9915	33	93.0000	64.7027
7.2034	34	85.0000	64.9459
7.4153	35	81.0000	65.1892
7.6271	36	78.0000	65.4324
7.8390	37	75.0000	65.6757
8.0508	38	76.0000	65.9189
8.2627	39	75.0000	66.1622
8.4746	40	75.0000	66.4054
8.6864	41	76.0000	66.6487
8.8983	42	75.0000	66.8919
9.1102	43	74.0000	67.1351
9.3220	44	74.0000	67.3784
9.5339	45	75.0000	67.6216
9.7458	46	73.0000	67.8649
9.9576	47	72.0000	68.1081
10.1695	48	73.0000	68.3513
10.3814	49	73.0000	68.5946
10.5932	50	72.0000	68.8378
10.8051	51	73.0000	69.0811
11.0169	52	73.0000	69.3243
11.2288	53	73.0000	69.5676
11.4407	54	73.0000	69.8108
11.6525	55	72.0000	70.0541
11.8644	56	72.0000	70.2973
12.0763	57	73.0000	70.5405
12.2881	58	73.0000	70.7838
12.5000	59	72.0000	71.0270
12.7119	60	72.0000	71.2703
12.9237	61	73.0000	71.5135
13.1356	62	72.0000	71.7568
13.3475	63	72.0000	72.0000
13.5593	64	73.0000	72.1477
13.7712	65	72.0000	72.2955
13.9831	66	73.0000	72.4432
14.1949	67	73.0000	72.5909
14.4068	68	72.0000	72.7386
14.6186	69	73.0000	72.8864
14.8305	70	72.0000	73.0341
15.0424	71	73.0000	73.1818
15.2542	72	74.0000	73.3295
15.4661	73	73.0000	73.4773
15.6780	74	74.0000	73.6250
15.8898	75	74.0000	73.7727
16.1017	76	74.0000	73.9205
16.3136	77	74.0000	74.0682
16.5254	78	73.0000	74.2159
16.7373	79	74.0000	74.3636
16.9492	80	73.0000	74.5114
17.1610	81	74.0000	74.6591
17.3729	82	75.0000	74.8068
17.5847	83	76.0000	74.9545
17.7966	84	77.0000	75.1023
18.0085	85	77.0000	75.2500
18.2203	86	78.0000	75.3977
18.4322	87	81.0000	75.5455
18.6441	88	81.0000	75.6932
18.8559	89	83.0000	75.8409
19.0678	90	84.0000	75.9886
19.2797	91	88.0000	76.1364
19.4915	92	90.0000	76.2841
19.7034	93	91.0000	76.4318
19.9153	94	91.0000	76.5795
20.1271	95	92.0000	76.7273
20.3390	96	91.0000	76.8750
20.5508	97	95.0000	77.0227
20.7627	98	96.0000	77.1705
20.9746	99	97.0000	77.3182
21.1864	100	99.0000	77.4659
21.3983	101	99.0000	77.6136
21.6102	102	98.0000	77.7614
21.8220	103	95.0000	77.9091
22.0339	104	100.0000	78.0568
22.2458	105	97.0000	78.2045
22.4576	106	99.0000	78.3523
22.6695	107	96.0000	78.5000
22.8814	108	99.0000	78.6477
23.0932	109	101.0000	78.7955
23.3051	110	98.0000	78.9432
23.5169	111	98.0000	79.0909
23.7288	112	99.0000	79.2386
23.9407	113	96.0000	79.3864
24.1525	114	95.0000	79.5341
24.3644	115	96.0000	79.6818
24.5763	116	94.0000	79.8295
24.7881	117	96.0000	79.9773
25.0000	118	94.0000	80.1250
25.2119	119	94.0000	80.2727
25.4237	120	94.0000	80.4205
25.6356	121	97.0000	80.5682
25.8475	122	97.0000	80.7159
26.0593	123	93.0000	80.8636
26.2712	124	92.0000	81.0114
26.4831	125	94.0000	81.1591
26.6949	126	93.0000	81.3068
26.9068	127	94.0000	81.4545
27.1186	128	92.0000	81.6023
27.3305	129	92.0000	81.7500
27.5424	130	93.0000	81.8977
27.7542	131	93.0000	82.0455
27.9661	132	93.0000	82.1932
28.1780	133	90.0000	82.3409
28.3898	134	88.0000	82.4886
28.6017	135	90.0000	82.6364
28.8136	136	91.0000	82.7841
29.0254	137	91.0000	82.9318
29.2373	138	88.0000	83.0795
29.4492	139	86.0000	83.2273
29.6610	140	87.0000	83.3750
29.8729	141	89.0000	83.5227
30.0847	142	89.0000	83.6705
30.2966	143	87.0000	83.8182
30.5085	144	87.0000	83.9659
30.7203	145	88.0000	84.1136
30.9322	146	88.0000	84.2614
31.1441	147	87.0000	84.4091
31.3559	148	87.0000	84.5568
31.5678	149	87.0000	84.7045
31.7797	150	86.0000	84.8523
31.9915	151	85.0000	85.0000
32.2034	152	87.0000	84.9107
32.4153	153	86.0000	84.8214
32.6271	154	87.0000	84.7321
32.8390	155	89.0000	84.6429
33.0508	156	86.0000	84.5536
33.2627	157	86.0000	84.4643
33.4746	158	84.0000	84.3750
33.6864	159	86.0000	84.2857
33.8983	160	85.0000	84.1964
34.1102	161	86.0000	84.1071
34.3220	162	84.0000	84.0179
34.5339	163	85.0000	83.9286
34.7458	164	84.0000	83.8393
34.9576	165	86.0000	83.7500
35.1695	166	85.0000	83.6607
35.3814	167	84.0000	83.5714
35.5932	168	85.0000	83.4821
35.8051	169	84.0000	83.3929
36.0169	170	84.0000	83.3036
36.2288	171	84.0000	83.2143
36.4407	172	86.0000	83.1250
36.6525	173	85.0000	83.0357
36.8644	174	85.0000	82.9464
37.0763	175	86.0000	82.8571
37.2881	176	85.0000	82.7679
37.5000	177	84.0000	82.6786
37.7119	178	86.0000	82.5893
37.9237	179	86.0000	82.5000
38.1356	180	87.0000	82.4107
38.3475	181	87.0000	82.3214
38.5593	182	85.0000	82.2321
38.7712	183	84.0000	82.1429
38.9831	184	85.0000	82.0536
39.1949	185	84.0000	81.9643
39.4068	186	84.0000	81.8750
39.6186	187	83.0000	81.7857
39.8305	188	83.0000	81.6964
40.0424	189	83.0000	81.6071
40.2542	190	82.0000	81.5179
40.4661	191	83.0000	81.4286
40.6780	192	83.0000	81.3393
40.8898	193	82.0000	81.2500
41.1017	194	84.0000	81.1607
41.3136	195	82.0000	81.0714
41.5254	196	83.0000	80.9821
41.7373	197	82.0000	80.8929
41.9492	198	81.0000	80.8036
42.1610	199	81.0000	80.7143
42.3729	200	81.0000	80.6250
42.5847	201	82.0000	80.5357
42.7966	202	83.0000	80.4464
43.0085	203	82.0000	80.3571
43.2203	204	82.0000	80.2679
43.4322	205	82.0000	80.1786
43.6441	206	82.0000	80.0893
43.8559	207	80.0000	80.0000
44.0678	208	81.0000	79.9744
44.2797	209	81.0000	79.9487
44.4915	210	81.0000	79.9231
44.7034	211	81.0000	79.8974
44.9153	212	81.0000	79.8718
45.1271	213	82.0000	79.8462
45.3390	214	82.0000	79.8205
45.5508	215	83.0000	79.7949
45.7627	216	81.0000	79.7692
45.9746	217	82.0000	79.7436
46.1864	218	82.0000	79.7179
46.3983	219	81.0000	79.6923
46.6102	220	82.0000	79.6667
46.8220	221	81.0000	79.6410
47.0339	222	82.0000	79.6154
47.2458	223	80.0000	79.5897
47.4576	224	81.0000	79.5641
47.6695	225	83.0000	79.5385
47.8814	226	82.0000	79.5128
48.0932	227	81.0000	79.4872
48.3051	228	81.0000	79.4615
48.5169	229	82.0000	79.4359
48.7288	230	81.0000	79.4103
48.9407	231	81.0000	79.3846
49.1525	232	82.0000	79.3590
49.3644	233	80.0000	79.3333
49.5763	234	82.0000	79.3077
49.7881	235	80.0000	79.2821
50.0000	236	82.0000	79.2564
50.2119	237	79.0000	79.2308
50.4237	238	82.0000	79.2051
50.6356	239	82.0000	79.1795
50.8475	240	82.0000	79.1538
51.0593	241	80.0000	79.1282
51.2712	242	80.0000	79.1026
51.4831	243	82.0000	79.0769
51.6949	244	81.0000	79.0513
51.9068	245	81.0000	79.0256
52.1186	246	81.0000	79.0000
52.3305	247	81.0000	78.9744
52.5424	248	79.0000	78.9487
52.7542	249	79.0000	78.9231
52.9661	250	80.0000	78.8974
53.1780	251	81.0000	78.8718
53.3898	252	81.0000	78.8462
53.6017	253	82.0000	78.8205
53.8136	254	81.0000	78.7949
54.0254	255	80.0000	78.7692
54.2373	256	80.0000	78.7436
54.4492	257	81.0000	78.7179
54.6610	258	79.0000	78.6923
54.8729	259	80.0000	78.6667
55.0847	260	81.0000	78.6410
55.2966	261	81.0000	78.6154
55.5085	262	79.0000	78.5897
55.7203	263	80.0000	78.5641
55.9322	264	78.0000	78.5385
56.1441	265	82.0000	78.5128
56.3559	266	78.0000	78.4872
56.5678	267	80.0000	78.4615
56.7797	268	79.0000	78.4359
56.9915	269	80.0000	78.4103
57.2034	270	79.0000	78.3846
57.4153	271	79.0000	78.3590
57.6271	272	80.0000	78.3333
57.8390	273	79.0000	78.3077
58.0508	274	79.0000	78.2821
58.2627	275	80.0000	78.2564
58.4746	276	80.0000	78.2308
58.6864	277	79.0000	78.2051
58.8983	278	80.0000	78.1795
59.1102	279	79.0000	78.1538
59.3220	280	80.0000	78.1282
59.5339	281	79.0000	78.1026
59.7458	282	80.0000	78.0769
59.9576	283	81.0000	78.0513
60.1695	284	79.0000	78.0256
60.3814	285	78.0000	78.0000
60.5932	286	80.0000	77.8767
60.8051	287	79.0000	77.7534
61.0169	288	80.0000	77.6301
61.2288	289	80.0000	77.5069
61.4407	290	81.0000	77.3836
61.6525	291	80.0000	77.2603
61.8644	292	80.0000	77.1370
62.0763	293	80.0000	77.0137
62.2881	294	80.0000	76.8904
62.5000	295	81.0000	76.7671
62.7119	296	80.0000	76.6438
62.9237	297	81.0000	76.5205
63.1356	298	81.0000	76.3973
63.3475	299	80.0000	76.2740
63.5593	300	80.0000	76.1507
63.7712	301	81.0000	76.0274
63.9831	302	78.0000	75.9041
64.1949	303	81.0000	75.7808
64.4068	304	80.0000	75.6575
64.6186	305	81.0000	75.5342
64.8305	306	80.0000	75.4110
65.0424	307	80.0000	75.2877
65.2542	308	81.0000	75.1644
65.4661	309	80.0000	75.0411
65.6780	310	79.0000	74.9178
65.8898	311	78.0000	74.7945
66.1017	312	77.0000	74.6712
66.3136	313	78.0000	74.5479
66.5254	314	77.0000	74.4247
66.7373	315	77.0000	74.3014
66.9492	316	76.0000	74.1781
67.1610	317	76.0000	74.0548
67.3729	318	75.0000	73.9315
67.5847	319	76.0000	73.8082
67.7966	320	75.0000	73.6849
68.0085	321	74.0000	73.5616
68.2203	322	75.0000	73.4384
68.4322	323	75.0000	73.3151
68.6441	324	75.0000	73.1918
68.8559	325	74.0000	73.0685
69.0678	326	74.0000	72.9452
69.2797	327	74.0000	72.8219
69.4915	328	73.0000	72.6986
69.7034	329	74.0000	72.5753
69.9153	330	73.0000	72.4521
70.1271	331	73.0000	72.3288
70.3390	332	73.0000	72.2055
70.5508	333	73.0000	72.0822
70.7627	334	72.0000	71.9589
70.9746	335	72.0000	71.8356
71.1864	336	72.0000	71.7123
71.3983	337	73.0000	71.5890
71.6102	338	72.0000	71.4658
71.8220	339	73.0000	71.3425
72.0339	340	72.0000	71.2192
72.2458	341	72.0000	71.0959
72.4576	342	72.0000	70.9726
72.6695	343	74.0000	70.8493
72.8814	344	72.0000	70.7260
73.0932	345	71.0000	70.6027
73.3051	346	72.0000	70.4795
73.5169	347	70.0000	70.3562
73.7288	348	72.0000	70.2329
73.9407	349	72.0000	70.1096
74.1525	350	72.0000	69.9863
74.3644	351	71.0000	69.8630
74.5763	352	72.0000	69.7397
74.7881	353	71.0000	69.6164
75.0000	354	70.0000	69.4931
75.2119	355	71.0000	69.3699
75.4237	356	71.0000	69.2466
75.6356	357	71.0000	69.1233
75.8475	358	69.0000	69.0000
76.0593	359	70.0000	68.9592
76.2712	360	70.0000	68.9184
76.4831	361	71.0000	68.8775
76.6949	362	70.0000	68.8367
76.9068	363	71.0000	68.7959
77.1186	364	70.0000	68.7551
77.3305	365	70.0000	68.7143
77.5424	366	69.0000	68.6735
77.7542	367	70.0000	68.6327
77.9661	368	70.0000	68.5918
78.1780	369	70.0000	68.5510
78.3898	370	70.0000	68.5102
78.6017	371	70.0000	68.4694
78.8136	372	70.0000	68.4286
79.0254	373	69.0000	68.3878
79.2373	374	69.0000	68.3469
79.4492	375	69.0000	68.3061
79.6610	376	70.0000	68.2653
79.8729	377	70.0000	68.2245
80.0847	378	70.0000	68.1837
80.2966	379	70.0000	68.1429
80.5085	380	69.0000	68.1020
80.7203	381	69.0000	68.0612
80.9322	382	70.0000	68.0204
81.1441	383	69.0000	67.9796
81.3559	384	68.0000	67.9388
81.5678	385	69.0000	67.8980
81.7797	386	69.0000	67.8571
81.9915	387	70.0000	67.8163
82.2034	388	69.0000	67.7755
82.4153	389	70.0000	67.7347
82.6271	390	69.0000	67.6939
82.8390	391	70.0000	67.6531
83.0508	392	70.0000	67.6122
83.2627	393	68.0000	67.5714
83.4746	394	69.0000	67.5306
83.6864	395	68.0000	67.4898
83.8983	396	70.0000	67.4490
84.1102	397	69.0000	67.4082
84.3220	398	68.0000	67.3673
84.5339	399	69.0000	67.3265
84.7458	400	69.0000	67.2857
84.9576	401	69.0000	67.2449
85.1695	402	68.0000	67.2041
85.3814	403	69.0000	67.1633
85.5932	404	68.0000	67.1225
85.8051	405	69.0000	67.0816
86.0169	406	69.0000	67.0408
86.2288	407	67.0000	67.0000
86.4407	408	69.0000	67.0357
86.6525	409	69.0000	67.0714
86.8644	410	70.0000	67.1071
87.0763	411	68.0000	67.1429
87.2881	412	69.0000	67.1786
87.5000	413	68.0000	67.2143
87.7119	414	68.0000	67.2500
87.9237	415	69.0000	67.2857
88.1356	416	68.0000	67.3214
88.3475	417	68.0000	67.3571
88.5593	418	70.0000	67.3929
88.7712	419	69.0000	67.4286
88.9831	420	69.0000	67.4643
89.1949	421	68.0000	67.5000
89.4068	422	69.0000	67.5357
89.6186	423	69.0000	67.5714
89.8305	424	68.0000	67.6071
90.0424	425	68.0000	67.6429
90.2542	426	69.0000	67.6786
90.4661	427	68.0000	67.7143
90.6780	428	68.0000	67.7500
90.8898	429	69.0000	67.7857
91.1017	430	69.0000	67.8214
91.3136	431	69.0000	67.8571
91.5254	432	69.0000	67.8929
91.7373	433	68.0000	67.9286
91.9492	434	69.0000	67.9643
92.1610	435	68.0000	68.0000
92.3729	436	69.0000	68.0000
92.5847	437	69.0000	68.0000
92.7966	438	68.0000	68.0000
93.0085	439	69.0000	68.0000
93.2203	440	69.0000	68.0000
93.4322	441	69.0000	68.0000
93.6441	442	69.0000	68.0000
93.8559	443	68.0000	68.0000
94.0678	444	69.0000	68.0000
94.2797	445	69.0000	68.0000
94.4915	446	69.0000	68.0000
94.7034	447	69.0000	68.0000
94.9153	448	69.0000	68.0000
95.1271	449	69.0000	68.0000
95.3390	450	69.0000	68.0000
95.5508	451	69.0000	68.0000
95.7627	452	69.0000	68.0000
95.9746	453	69.0000	68.0000
96.1864	454	69.0000	68.0000
96.3983	455	70.0000	68.0000
96.6102	456	69.0000	68.0000
96.8220	457	68.0000	68.0000
97.0339	458	69.0000	68.0000
97.2458	459	69.0000	68.0000
97.4576	460	70.0000	68.0000
97.6695	461	69.0000	68.0000
97.8814	462	69.0000	68.0000
98.0932	463	69.0000	68.0000
98.3051	464	70.0000	68.0000
98.5169	465	69.0000	68.0000
98.7288	466	70.0000	68.0000
98.9407	467	68.0000	68.0000
99.1525	468	70.0000	68.0000
99.3644	469	70.0000	68.0000
99.5763	470	69.0000	68.0000
99.7881	471	68.0000	68.0000
100.0000	472	69.0000	69.0000
---------- 4: r2b_e4 ----------
Offset(%)	Offset(pix)	Profile	Background
0.0000	0	71.0000	71.0000
0.2119	1	71.0000	70.7778
0.4237	2	71.0000	70.5556
0.6356	3	70.0000	70.3333
0.8475	4	70.0000	70.1111
1.0593	5	72.0000	69.8889
1.2712	6	71.0000	69.6667
1.4831	7	72.0000	69.4444
1.6949	8	72.0000	69.2222
1.9068	9	71.0000	69.0000
2.1186	10	73.0000	68.7778
2.3305	11	72.0000	68.5556
2.5424	12	72.0000	68.3333
2.7542	13	71.0000	68.1111
2.9661	14	71.0000	67.8889
3.1780	15	69.0000	67.6667
3.3898	16	67.0000	67.4444
3.6017	17	65.0000	67.2222
3.8136	18	65.0000	67.0000
4.0254	19	70.0000	66.7778
4.2373	20	75.0000	66.5556
4.4492	21	74.0000	66.3333
4.6610	22	71.0000	66.1111
4.8729	23	69.0000	65.8889
5.0847	24	67.0000	65.6667
5.2966	25	65.0000	65.4444
5.5085	26	64.0000	65.2222
5.7203	27	65.0000	65.0000
5.9322	28	64.0000	65.3125
6.1441	29	69.0000	65.6250
6.3559	30	78.0000	65.9375
6.5678	31	81.0000	66.2500
6.7797	32	80.0000	66.5625
6.9915	33	80.0000	66.8750
7.2034	34	77.0000	67.1875
7.4153	35	72.0000	67.5000
7.6271	36	72.0000	67.8125
7.8390	37	75.0000	68.1250
8.0508	38	75.0000	68.4375
8.2627	39	77.0000	68.7500
8.4746	40	80.0000	69.0625
8.6864	41	81.0000	69.3750
8.8983	42	83.0000	69.6875
9.1102	43	79.0000	70.0000
9.3220	44	77.0000	70.3125
9.5339	45	76.0000	70.6250
9.7458	46	76.0000	70.9375
9.9576	47	76.0000	71.2500
10.1695	48	75.0000	71.5625
10.3814	49	75.0000	71.8750
10.5932	50	73.0000	72.1875
10.8051	51	76.0000	72.5000
11.0169	52	76.0000	72.8125
11.2288	53	75.0000	73.1250
11.4407	54	74.0000	73.4375
11.6525	55	74.0000	73.7500
11.8644	56	74.0000	74.0625
12.0763	57	75.0000	74.3750
12.2881	58	76.0000	74.6875
12.5000	59	75.0000	75.0000
12.7119	60	75.0000	74.9667
12.9237	61	75.0000	74.9333
13.1356	62	74.0000	74.9000
13.3475	63	74.0000	74.8667
13.5593	64	75.0000	74.8333
13.7712	65	74.0000	74.8000
13.9831	66	75.0000	74.7667
14.1949	67	75.0000	74.7333
14.4068	68	76.0000	74.7000
14.6186	69	75.0000	74.6667
14.8305	70	76.0000	74.6333
15.0424	71	76.0000	74.6000
15.2542	72	77.0000	74.5667
15.4661	73	78.0000	74.5333
15.6780	74	77.0000	74.5000
15.8898	75	79.0000	74.4667
16.1017	76	80.0000	74.4333
16.3136	77	81.0000	74.4000
16.5254	78	82.0000	74.3667
16.7373	79	83.0000	74.3333
16.9492	80	85.0000	74.3000
17.1610	81	88.0000	74.2667
17.3729	82	94.0000	74.2333
17.5847	83	99.0000	74.2000
17.7966	84	105.0000	74.1667
18.0085	85	114.0000	74.1333
18.2203	86	123.0000	74.1000
18.4322	87	130.0000	74.0667
18.6441	88	131.0000	74.0333
18.8559	89	131.0000	74.0000
19.0678	90	125.0000	73.9667
19.2797	91	123.0000	73.9333
19.4915	92	115.0000	73.9000
19.7034	93	112.0000	73.8667
19.9153	94	107.0000	73.8333
20.1271	95	106.0000	73.8000
20.3390	96	103.0000	73.7667
20.5508	97	98.0000	73.7333
20.7627	98	96.0000	73.7000
20.9746	99	94.0000	73.6667
21.1864	100	90.0000	73.6333
21.3983	101	91.0000	73.6000
21.6102	102	86.0000	73.5667
21.8220	103	86.0000	73.5333
22.0339	104	84.0000	73.5000
22.2458	105	85.0000	73.4667
22.4576	106	83.0000	73.4333
22.6695	107	82.0000	73.4000
22.8814	108	80.0000	73.3667
23.0932	109	79.0000	73.3333
23.3051	110	80.0000	73.3000
23.5169	111	80.0000	73.2667
23.7288	112	78.0000	73.2333
23.9407	113	78.0000	73.2000
24.1525	114	79.0000	73.1667
24.3644	115	78.0000	73.1333
24.5763	116	76.0000	73.1000
24.7881	117	76.0000	73.0667
25.0000	118	76.0000	73.0333
25.2119	119	76.0000	73.0000
25.4237	120	75.0000	72.9667
25.6356	121	74.0000	72.9333
25.8475	122	75.0000	72.9000
26.0593	123	74.0000	72.8667
26.2712	124	74.0000	72.8333
26.4831	125	74.0000	72.8000
26.6949	126	74.0000	72.7667
26.9068	127	73.0000	72.7333
27.1186	128	73.0000	72.7000
27.3305	129	72.0000	72.6667
27.5424	130	73.0000	72.6333
27.7542	131	72.0000	72.6000
27.9661	132	72.0000	72.5667
28.1780	133	72.0000	72.5333
28.3898	134	71.0000	72.5000
28.6017	135	72.0000	72.4667
28.8136	136	71.0000	72.4333
29.0254	137	70.0000	72.4000
29.2373	138	70.0000	72.3667
29.4492	139	71.0000	72.3333
29.6610	140	70.0000	72.3000
29.8729	141	72.0000	72.2667
30.0847	142	69.0000	72.2333
30.2966	143	69.0000	72.2000
30.5085	144	70.0000	72.1667
30.7203	145	70.0000	72.1333
30.9322	146	70.0000	72.1000
31.1441	147	70.0000	72.0667
31.3559	148	69.0000	72.0333
31.5678	149	72.0000	72.0000
31.7797	150	70.0000	71.9655
31.9915	151	69.0000	71.9310
32.2034	152	70.0000	71.8966
32.4153	153	69.0000	71.8621
32.6271	154	69.0000	71.8276
32.8390	155	69.0000	71.7931
33.0508	156	70.0000	71.7586
33.2627	157	69.0000	71.7241
33.4746	158	69.0000	71.6897
33.6864	159	70.0000	71.6552
33.8983	160	70.0000	71.6207
34.1102	161	69.0000	71.5862
34.3220	162	69.0000	71.5517
34.5339	163	69.0000	71.5172
34.7458	164	69.0000	71.4828
34.9576	165	68.0000	71.4483
35.1695	166	68.0000	71.4138
35.3814	167	68.0000	71.3793
35.5932	168	70.0000	71.3448
35.8051	169	69.0000	71.3103
36.0169	170	69.0000	71.2759
36.2288	171	69.0000	71.2414
36.4407	172	70.0000	71.2069
36.6525	173	69.0000	71.1724
36.8644	174	70.0000	71.1379
37.0763	175	69.0000	71.1034
37.2881	176	69.0000	71.0690
37.5000	177	69.0000	71.0345
37.7119	178	71.0000	71.0000
37.9237	179	69.0000	70.9464
38.1356	180	70.0000	70.8929
38.3475	181	70.0000	70.8393
38.5593	182	69.0000	70.7857
38.7712	183	68.0000	70.7321
38.9831	184	70.0000	70.6786
39.1949	185	69.0000	70.6250
39.4068	186	68.0000	70.5714
39.6186	187	69.0000	70.5179
39.8305	188	70.0000	70.4643
40.0424	189	69.0000	70.4107
40.2542	190	70.0000	70.3571
40.4661	191	70.0000	70.3036
40.6780	192	70.0000	70.2500
40.8898	193	70.0000	70.1964
41.1017	194	70.0000	70.1429
41.3136	195	69.0000	70.0893
41.5254	196	69.0000	70.0357
41.7373	197	70.0000	69.9821
41.9492	198	70.0000	69.9286
42.1610	199	70.0000	69.8750
42.3729	200	69.0000	69.8214
42.5847	201	68.0000	69.7679
42.7966	202	71.0000	69.7143
43.0085	203	71.0000	69.6607
43.2203	204	69.0000	69.6071
43.4322	205	71.0000	69.5536
43.6441	206	69.0000	69.5000
43.8559	207	69.0000	69.4464
44.0678	208	71.0000	69.3929
44.2797	209	70.0000	69.3393
44.4915	210	70.0000	69.2857
44.7034	211	70.0000	69.2321
44.9153	212	70.0000	69.1786
45.1271	213	71.0000	69.1250
45.3390	214	72.0000	69.0714
45.5508	215	70.0000	69.0179
45.7627	216	70.0000	68.9643
45.9746	217	70.0000	68.9107
46.1864	218	70.0000	68.8571
46.3983	219	69.0000	68.8036
46.6102	220	70.0000	68.7500
46.8220	221	70.0000	68.6964
47.0339	222	71.0000	68.6429
47.2458	223	71.0000	68.5893
47.4576	224	71.0000	68.5357
47.6695	225	71.0000	68.4821
47.8814	226	71.0000	68.4286
48.0932	227	70.0000	68.3750
48.3051	228	71.0000	68.3214
48.5169	229	71.0000	68.2679
48.7288	230	70.0000	68.2143
48.9407	231	71.0000	68.1607
49.1525	232	71.0000	68.1071
49.3644	233	72.0000	68.0536
49.5763	234	68.0000	68.0000
49.7881	235	71.0000	68.0357
50.0000	236	71.0000	68.0714
50.2119	237	71.0000	68.1071
50.4237	238	71.0000	68.1429
50.6356	239	71.0000	68.1786
50.8475	240	71.0000	68.2143
51.0593	241	71.0000	68.2500
51.2712	242	71.0000	68.2857
51.4831	243	71.0000	68.3214
51.6949	244	71.0000	68.3571
51.9068	245	71.0000	68.3929
52.1186	246	72.0000	68.4286
52.3305	247	70.0000	68.4643
52.5424	248	71.0000	68.5000
52.7542	249	70.0000	68.5357
52.9661	250	71.0000	68.5714
53.1780	251	70.0000	68.6071
53.3898	252	71.0000	68.6429
53.6017	253	71.0000	68.6786
53.8136	254	70.0000	68.7143
54.0254	255	71.0000	68.7500
54.2373	256	71.0000	68.7857
54.4492	257	70.0000	68.8214
54.6610	258	70.0000	68.8571
54.8729	259	70.0000	68.8929
55.0847	260	70.0000	68.9286
55.2966	261	71.0000	68.9643
55.5085	262	70.0000	69.0000
55.7203	263	70.0000	69.0357
55.9322	264	70.0000	69.0714
56.1441	265	71.0000	69.1071
56.3559	266	70.0000	69.1429
56.5678	267	70.0000	69.1786
56.7797	268	71.0000	69.2143
56.9915	269	70.0000	69.2500
57.2034	270	70.0000	69.2857
57.4153	271	71.0000	69.3214
57.6271	272	70.0000	69.3571
57.8390	273	72.0000	69.3929
58.0508	274	70.0000	69.4286
58.2627	275	71.0000	69.4643
58.4746	276	71.0000	69.5000
58.6864	277	71.0000	69.5357
58.8983	278	71.0000	69.5714
59.1102	279	70.0000	69.6071
59.3220	280	71.0000	69.6429
59.5339	281	71.0000	69.6786
59.7458	282	69.0000	69.7143
59.9576	283	70.0000	69.7500
60.1695	284	70.0000	69.7857
60.3814	285	70.0000	69.8214
60.5932	286	71.0000	69.8571
60.8051	287	70.0000	69.8929
61.0169	288	70.0000	69.9286
61.2288	289	72.0000	69.9643
61.4407	290	70.0000	70.0000
61.6525	291	70.0000	69.9697
61.8644	292	70.0000	69.9394
62.0763	293	70.0000	69.9091
62.2881	294	72.0000	69.8788
62.5000	295	70.0000	69.8485
62.7119	296	71.0000	69.8182
62.9237	297	70.0000	69.7879
63.1356	298	69.0000	69.7576
63.3475	299	71.0000	69.7273
63.5593	300	71.0000	69.6970
63.7712	301	70.0000	69.6667
63.9831	302	71.0000	69.6364
64.1949	303	71.0000	69.6061
64.4068	304	71.0000	69.5758
64.6186	305	71.0000	69.5455
64.8305	306	71.0000	69.5152
65.0424	307	70.0000	69.4848
65.2542	308	71.0000	69.4545
65.4661	309	71.0000	69.4242
65.6780	310	71.0000	69.3939
65.8898	311	70.0000	69.3636
66.1017	312	70.0000	69.3333
66.3136	313	71.0000	69.3030
66.5254	314	71.0000	69.2727
66.7373	315	70.0000	69.2424
66.9492	316	71.0000	69.2121
67.1610	317	71.0000	69.1818
67.3729	318	71.0000	69.1515
67.5847	319	71.0000	69.1212
67.7966	320	71.0000	69.0909
68.0085	321	71.0000	69.0606
68.2203	322	70.0000	69.0303
68.4322	323	72.0000	69.0000
68.6441	324	71.0000	68.9697
68.8559	325	70.0000	68.9394
69.0678	326	71.0000	68.9091
69.2797	327	71.0000	68.8788
69.4915	328	70.0000	68.8485
69.7034	329	71.0000	68.8182
69.9153	330	69.0000	68.7879
70.1271	331	69.0000	68.7576
70.3390	332	69.0000	68.7273
70.5508	333	70.0000	68.6970
70.7627	334	71.0000	68.6667
70.9746	335	70.0000	68.6364
71.1864	336	70.0000	68.6061
71.3983	337	70.0000	68.5758
71.6102	338	70.0000	68.5455
71.8220	339	70.0000	68.5152
72.0339	340	70.0000	68.4848
72.2458	341	70.0000	68.4545
72.4576	342	70.0000	68.4242
72.6695	343	70.0000	68.3939
72.8814	344	71.0000	68.3636
73.0932	345	70.0000	68.3333
73.3051	346	70.0000	68.3030
73.5169	347	70.0000	68.2727
73.7288	348	72.0000	68.2424
73.9407	349	70.0000	68.2121
74.1525	350	70.0000	68.1818
74.3644	351	71.0000	68.1515
74.5763	352	69.0000	68.1212
74.7881	353	70.0000	68.0909
75.0000	354	72.0000	68.0606
75.2119	355	69.0000	68.0303
75.4237	356	68.0000	68.0000
75.6356	357	70.0000	68.0000
75.8475	358	70.0000	68.0000
76.0593	359	71.0000	68.0000
76.2712	360	69.0000	68.0000
76.4831	361	70.0000	68.0000
76.6949	362	71.0000	68.0000
76.9068	363	70.0000	68.0000
77.1186	364	70.0000	68.0000
77.3305	365	69.0000	68.0000
77.5424	366	69.0000	68.0000
77.7542	367	70.0000	68.0000
77.9661	368	70.0000	68.0000
78.1780	369	70.0000	68.0000
78.3898	370	70.0000	68.0000
78.6017	371	70.0000	68.0000
78.8136	372	70.0000	68.0000
79.0254	373	71.0000	68.0000
79.2373	374	70.0000	68.0000
79.4492	375	70.0000	68.0000
79.6610	376	72.0000	68.0000
79.8729	377	70.0000	68.0000
80.0847	378	69.0000	68.0000
80.2966	379	69.0000	68.0000
80.5085	380	69.0000	68.0000
80.7203	381	69.0000	68.0000
80.9322	382	69.0000	68.0000
81.1441	383	70.0000	68.0000
81.3559	384	69.0000	68.0000
81.5678	385	70.0000	68.0000
81.7797	386	70.0000	68.0000
81.9915	387	70.0000	68.0000
82.2034	388	70.0000	68.0000
82.4153	389	70.0000	68.0000
82.6271	390	70.0000	68.0000
82.8390	391	70.0000	68.0000
83.0508	392	70.0000	68.0000
83.2627	393	69.0000	68.0000
83.4746	394	70.0000	68.0000
83.6864	395	71.0000	68.0000
83.8983	396	70.0000	68.0000
84.1102	397	71.0000	68.0000
84.3220	398	70.0000	68.0000
84.5339	399	68.0000	68.0000
84.7458	400	69.0000	67.9583
84.9576	401	69.0000	67.9167
85.1695	402	69.0000	67.8750
85.3814	403	69.0000	67.8333
85.5932	404	69.0000	67.7917
85.8051	405	69.0000	67.7500
86.0169	406	70.0000	67.7083
86.2288	407	70.0000	67.6667
86.4407	408	70.0000	67.6250
86.6525	409	69.0000	67.5833
86.8644	410	69.0000	67.5417
87.0763	411	70.0000	67.5000
87.2881	412	69.0000	67.4583
87.5000	413	69.0000	67.4167
87.7119	414	69.0000	67.3750
87.9237	415	70.0000	67.3333
88.1356	416	70.0000	67.2917
88.3475	417	70.0000	67.2500
88.5593	418	68.0000	67.2083
88.7712	419	69.0000	67.1667
88.9831	420	70.0000	67.1250
89.1949	421	70.0000	67.0833
89.4068	422	70.0000	67.0417
89.6186	423	67.0000	67.0000
89.8305	424	69.0000	67.0435
90.0424	425	70.0000	67.0870
90.2542	426	69.0000	67.1304
90.4661	427	68.0000	67.1739
90.6780	428	69.0000	67.2174
90.8898	429	68.0000	67.2609
91.1017	430	70.0000	67.3043
91.3136	431	70.0000	67.3478
91.5254	432	69.0000	67.3913
91.7373	433	69.0000	67.4348
91.9492	434	70.0000	67.4783
92.1610	435	69.0000	67.5217
92.3729	436	70.0000	67.5652
92.5847	437	68.0000	67.6087
92.7966	438	69.0000	67.6522
93.0085	439	68.0000	67.6957
93.2203	440	69.0000	67.7391
93.4322	441	69.0000	67.7826
93.6441	442	70.0000	67.8261
93.8559	443	69.0000	67.8696
94.0678	444	70.0000	67.9130
94.2797	445	70.0000	67.9565
94.4915	446	70.0000	68.0000
94.7034	447	70.0000	68.0435
94.9153	448	69.0000	68.0870
95.1271	449	70.0000	68.1304
95.3390	450	69.0000	68.1739
95.5508	451	70.0000	68.2174
95.7627	452	69.0000	68.2609
95.9746	453	69.0000	68.3043
96.1864	454	69.0000	68.3478
96.3983	455	69.0000	68.3913
96.6102	456	69.0000	68.4348
96.8220	457	69.0000	68.4783
97.0339	458	70.0000	68.5217
97.2458	459	70.0000	68.5652
97.4576	460	70.0000	68.6087
97.6695	461	71.0000	68.6522
97.8814	462	69.0000	68.6957
98.0932	463	71.0000	68.7391
98.3051	464	70.0000	68.7826
98.5169	465	69.0000	68.8261
98.7288	466	71.0000	68.8696
98.9407	467	70.0000	68.9130
99.1525	468	69.0000	68.9565
99.3644	469	69.0000	69.0000
99.5763	470	70.0000	69.0000
99.7881	471	70.0000	69.0000
100.0000	472	69.0000	69.0000
---------- 5: r2b_e5 ----------
Offset(%)	Offset(pix)	Profile	Background
0.0000	0	71.0000	71.0000
0.2119	1	70.0000	71.0000
0.4237	2	71.0000	71.0000
0.6356	3	70.0000	71.0000
0.8475	4	72.0000	71.0000
1.0593	5	72.0000	71.0000
1.2712	6	71.0000	71.0000
1.4831	7	71.0000	71.0000
1.6949	8	71.0000	71.0000
1.9068	9	73.0000	71.0000
2.1186	10	73.0000	71.0000
2.3305	11	72.0000	71.0000
2.5424	12	72.0000	71.0000
2.7542	13	72.0000	71.0000
2.9661	14	71.0000	71.0000
3.1780	15	69.0000	71.0000
3.3898	16	67.0000	71.0000
3.6017	17	65.0000	71.0000
3.8136	18	68.0000	71.0000
4.0254	19	75.0000	71.0000
4.2373	20	73.0000	71.0000
4.4492	21	71.0000	71.0000
4.6610	22	70.0000	71.0000
4.8729	23	67.0000	71.0000
5.0847	24	67.0000	71.0000
5.2966	25	66.0000	71.0000
5.5085	26	65.0000	71.0000
5.7203	27	66.0000	71.0000
5.9322	28	66.0000	71.0000
6.1441	29	76.0000	71.0000
6.3559	30	80.0000	71.0000
6.5678	31	90.0000	71.0000
6.7797	32	91.0000	71.0000
6.9915	33	81.0000	71.0000
7.2034	34	76.0000	71.0000
7.4153	35	73.0000	71.0000
7.6271	36	75.0000	71.0000
7.8390	37	77.0000	71.0000
8.0508	38	77.0000	71.0000
8.2627	39	76.0000	71.0000
8.4746	40	76.0000	71.0000
8.6864	41	74.0000	71.0000
8.8983	42	73.0000	71.0000
9.1102	43	73.0000	71.0000
9.3220	44	75.0000	71.0000
9.5339	45	72.0000	71.0000
9.7458	46	72.0000	71.0000
9.9576	47	71.0000	71.0000
10.1695	48	72.0000	71.0000
10.3814	49	71.0000	71.0000
10.5932	50	71.0000	71.0000
10.8051	51	72.0000	71.0000
11.0169	52	73.0000	71.0000
11.2288	53	71.0000	71.0000
11.4407	54	71.0000	71.0000
11.6525	55	72.0000	71.0000
11.8644	56	72.0000	71.0000
12.0763	57	72.0000	71.0000
12.2881	58	71.0000	71.0000
12.5000	59	72.0000	71.0000
12.7119	60	71.0000	71.0000
12.9237	61	71.0000	71.0205
13.1356	62	72.0000	71.0411
13.3475	63	72.0000	71.0616
13.5593	64	72.0000	71.0822
13.7712	65	72.0000	71.1027
13.9831	66	72.0000	71.1233
14.1949	67	72.0000	71.1438
14.4068	68	71.0000	71.1644
14.6186	69	71.0000	71.1849
14.8305	70	72.0000	71.2055
15.0424	71	72.0000	71.2260
15.2542	72	72.0000	71.2466
15.4661	73	73.0000	71.2671
15.6780	74	73.0000	71.2877
15.8898	75	73.0000	71.3082
16.1017	76	74.0000	71.3288
16.3136	77	72.0000	71.3493
16.5254	78	74.0000	71.3699
16.7373	79	72.0000	71.3904
16.9492	80	75.0000	71.4110
17.1610	81	75.0000	71.4315
17.3729	82	76.0000	71.4521
17.5847	83	77.0000	71.4726
17.7966	84	78.0000	71.4931
18.0085	85	78.0000	71.5137
18.2203	86	79.0000	71.5342
18.4322	87	81.0000	71.5548
18.6441	88	83.0000	71.5753
18.8559	89	84.0000	71.5959
19.0678	90	87.0000	71.6164
19.2797	91	87.0000	71.6370
19.4915	92	89.0000	71.6575
19.7034	93	89.0000	71.6781
19.9153	94	92.0000	71.6986
20.1271	95	92.0000	71.7192
20.3390	96	96.0000	71.7397
20.5508	97	98.0000	71.7603
20.7627	98	95.0000	71.7808
20.9746	99	94.0000	71.8014
21.1864	100	97.0000	71.8219
21.3983	101	97.0000	71.8425
21.6102	102	95.0000	71.8630
21.8220	103	95.0000	71.8836
22.0339	104	95.0000	71.9041
22.2458	105	95.0000	71.9247
22.4576	106	94.0000	71.9452
22.6695	107	93.0000	71.9658
22.8814	108	94.0000	71.9863
23.0932	109	94.0000	72.0069
23.3051	110	93.0000	72.0274
23.5169	111	94.0000	72.0479
23.7288	112	91.0000	72.0685
23.9407	113	90.0000	72.0890
24.1525	114	89.0000	72.1096
24.3644	115	89.0000	72.1301
24.5763	116	91.0000	72.1507
24.7881	117	90.0000	72.1712
25.0000	118	88.0000	72.1918
25.2119	119	89.0000	72.2123
25.4237	120	89.0000	72.2329
25.6356	121	89.0000	72.2534
25.8475	122	87.0000	72.2740
26.0593	123	86.0000	72.2945
26.2712	124	87.0000	72.3151
26.4831	125	88.0000	72.3356
26.6949	126	87.0000	72.3562
26.9068	127	85.0000	72.3767
27.1186	128	86.0000	72.3973
27.3305	129	86.0000	72.4178
27.5424	130	86.0000	72.4384
27.7542	131	86.0000	72.4589
27.9661	132	85.0000	72.4795
28.1780	133	85.0000	72.5000
28.3898	134	81.0000	72.5205
28.6017	135	84.0000	72.5411
28.8136	136	83.0000	72.5616
29.0254	137	82.0000	72.5822
29.2373	138	84.0000	72.6027
29.4492	139	81.0000	72.6233
29.6610	140	83.0000	72.6438
29.8729	141	81.0000	72.6644
30.0847	142	81.0000	72.6849
30.2966	143	82.0000	72.7055
30.5085	144	82.0000	72.7260
30.7203	145	82.0000	72.7466
30.9322	146	79.0000	72.7671
31.1441	147	80.0000	72.7877
31.3559	148	79.0000	72.8082
31.5678	149	78.0000	72.8288
31.7797	150	79.0000	72.8493
31.9915	151	80.0000	72.8699
32.2034	152	79.0000	72.8904
32.4153	153	79.0000	72.9110
32.6271	154	80.0000	72.9315
32.8390	155	80.0000	72.9521
33.0508	156	78.0000	72.9726
33.2627	157	79.0000	72.9931
33.4746	158	79.0000	73.0137
33.6864	159	80.0000	73.0342
33.8983	160	79.0000	73.0548
34.1102	161	78.0000	73.0753
34.3220	162	79.0000	73.0959
34.5339	163	78.0000	73.1164
34.7458	164	78.0000	73.1370
34.9576	165	79.0000	73.1575
35.1695	166	77.0000	73.1781
35.3814	167	79.0000	73.1986
35.5932	168	78.0000	73.2192
35.8051	169	79.0000	73.2397
36.0169	170	77.0000	73.2603
36.2288	171	77.0000	73.2808
36.4407	172	78.0000	73.3014
36.6525	173	77.0000	73.3219
36.8644	174	77.0000	73.3425
37.0763	175	77.0000	73.3630
37.2881	176	78.0000	73.3836
37.5000	177	77.0000	73.4041
37.7119	178	77.0000	73.4247
37.9237	179	78.0000	73.4452
38.1356	180	76.0000	73.4658
38.3475	181	78.0000	73.4863
38.5593	182	76.0000	73.5069
38.7712	183	78.0000	73.5274
38.9831	184	77.0000	73.5479
39.1949	185	77.0000	73.5685
39.4068	186	77.0000	73.5890
39.6186	187	77.0000	73.6096
39.8305	188	77.0000	73.6301
40.0424	189	78.0000	73.6507
40.2542	190	77.0000	73.6712
40.4661	191	76.0000	73.6918
40.6780	192	78.0000	73.7123
40.8898	193	76.0000	73.7329
41.1017	194	78.0000	73.7534
41.3136	195	77.0000	73.7740
41.5254	196	77.0000	73.7945
41.7373	197	77.0000	73.8151
41.9492	198	78.0000	73.8356
42.1610	199	76.0000	73.8562
42.3729	200	76.0000	73.8767
42.5847	201	76.0000	73.8973
42.7966	202	77.0000	73.9178
43.0085	203	77.0000	73.9384
43.2203	204	76.0000	73.9589
43.4322	205	77.0000	73.9795
43.6441	206	74.0000	74.0000
43.8559	207	77.0000	73.9565
44.0678	208	76.0000	73.9130
44.2797	209	77.0000	73.8696
44.4915	210	76.0000	73.8261
44.7034	211	77.0000	73.7826
44.9153	212	78.0000	73.7391
45.1271	213	75.0000	73.6957
45.3390	214	76.0000	73.6522
45.5508	215	76.0000	73.6087
45.7627	216	76.0000	73.5652
45.9746	217	76.0000	73.5217
46.1864	218	77.0000	73.4783
46.3983	219	76.0000	73.4348
46.6102	220	75.0000	73.3913
46.8220	221	76.0000	73.3478
47.0339	222	77.0000	73.3043
47.2458	223	76.0000	73.2609
47.4576	224	76.0000	73.2174
47.6695	225	75.0000	73.1739
47.8814	226	76.0000	73.1304
48.0932	227	76.0000	73.0870
48.3051	228	76.0000	73.0435
48.5169	229	73.0000	73.0000
48.7288	230	77.0000	73.0000
48.9407	231	77.0000	73.0000
49.1525	232	76.0000	73.0000
49.3644	233	75.0000	73.0000
49.5763	234	75.0000	73.0000
49.7881	235	75.0000	73.0000
50.0000	236	75.0000	73.0000
50.2119	237	75.0000	73.0000
50.4237	238	76.0000	73.0000
50.6356	239	75.0000	73.0000
50.8475	240	77.0000	73.0000
51.0593	241	75.0000	73.0000
51.2712	242	75.0000	73.0000
51.4831	243	75.0000	73.0000
51.6949	244	74.0000	73.0000
51.9068	245	76.0000	73.0000
52.1186	246	76.0000	73.0000
52.3305	247	76.0000	73.0000
52.5424	248	76.0000	73.0000
52.7542	249	76.0000	73.0000
52.9661	250	76.0000	73.0000
53.1780	251	76.0000	73.0000
53.3898	252	75.0000	73.0000
53.6017	253	75.0000	73.0000
53.8136	254	77.0000	73.0000
54.0254	255	75.0000	73.0000
54.2373	256	74.0000	73.0000
54.4492	257	75.0000	73.0000
54.6610	258	76.0000	73.0000
54.8729	259	75.0000	73.0000
55.0847	260	74.0000	73.0000
55.2966	261	75.0000	73.0000
55.5085	262	74.0000	73.0000
55.7203	263	74.0000	73.0000
55.9322	264	74.0000	73.0000
56.1441	265	74.0000	73.0000
56.3559	266	74.0000	73.0000
56.5678	267	74.0000	73.0000
56.7797	268	74.0000	73.0000
56.9915	269	75.0000	73.0000
57.2034	270	75.0000	73.0000
57.4153	271	74.0000	73.0000
57.6271	272	73.0000	73.0000
57.8390	273	74.0000	73.0000
58.0508	274	75.0000	73.0000
58.2627	275	75.0000	73.0000
58.4746	276	73.0000	73.0000
58.6864	277	74.0000	73.0000
58.8983	278	73.0000	73.0000
59.1102	279	74.0000	73.0000
59.3220	280	73.0000	73.0000
59.5339	281	72.0000	73.0000
59.7458	282	74.0000	73.0000
59.9576	283	74.0000	73.0000
60.1695	284	75.0000	73.0000
60.3814	285	75.0000	73.0000
60.5932	286	72.0000	73.0000
60.8051	287	74.0000	73.0000
61.0169	288	73.0000	73.0000
61.2288	289	75.0000	73.0000
61.4407	290	73.0000	73.0000
61.6525	291	74.0000	72.9552
61.8644	292	72.0000	72.9104
62.0763	293	74.0000	72.8657
62.2881	294	74.0000	72.8209
62.5000	295	74.0000	72.7761
62.7119	296	73.0000	72.7313
62.9237	297	73.0000	72.6866
63.1356	298	73.0000	72.6418
63.3475	299	75.0000	72.5970
63.5593	300	74.0000	72.5522
63.7712	301	74.0000	72.5075
63.9831	302	74.0000	72.4627
64.1949	303	74.0000	72.4179
64.4068	304	74.0000	72.3731
64.6186	305	74.0000	72.3284
64.8305	306	74.0000	72.2836
65.0424	307	73.0000	72.2388
65.2542	308	75.0000	72.1940
65.4661	309	75.0000	72.1493
65.6780	310	73.0000	72.1045
65.8898	311	72.0000	72.0597
66.1017	312	75.0000	72.0149
66.3136	313	74.0000	71.9701
66.5254	314	74.0000	71.9254
66.7373	315	73.0000	71.8806
66.9492	316	73.0000	71.8358
67.1610	317	73.0000	71.7910
67.3729	318	73.0000	71.7463
67.5847	319	73.0000	71.7015
67.7966	320	72.0000	71.6567
68.0085	321	72.0000	71.6119
68.2203	322	74.0000	71.5672
68.4322	323	72.0000	71.5224
68.6441	324	72.0000	71.4776
68.8559	325	72.0000	71.4328
69.0678	326	72.0000	71.3881
69.2797	327	72.0000	71.3433
69.4915	328	73.0000	71.2985
69.7034	329	71.0000	71.2537
69.9153	330	71.0000	71.2090
70.1271	331	71.0000	71.1642
70.3390	332	72.0000	71.1194
70.5508	333	72.0000	71.0746
70.7627	334	72.0000	71.0299
70.9746	335	71.0000	70.9851
71.1864	336	72.0000	70.9403
71.3983	337	71.0000	70.8955
71.6102	338	70.0000	70.8507
71.8220	339	72.0000	70.8060
72.0339	340	71.0000	70.7612
72.2458	341	71.0000	70.7164
72.4576	342	71.0000	70.6716
72.6695	343	71.0000	70.6269
72.8814	344	70.0000	70.5821
73.0932	345	70.0000	70.5373
73.3051	346	71.0000	70.4925
73.5169	347	70.0000	70.4478
73.7288	348	72.0000	70.4030
73.9407	349	71.0000	70.3582
74.1525	350	70.0000	70.3134
74.3644	351	70.0000	70.2687
74.5763	352	71.0000	70.2239
74.7881	353	69.0000	70.1791
75.0000	354	70.0000	70.1343
75.2119	355	71.0000	70.0896
75.4237	356	70.0000	70.0448
75.6356	357	70.0000	70.0000
75.8475	358	70.0000	69.9778
76.0593	359	70.0000	69.9556
76.2712	360	71.0000	69.9333
76.4831	361	69.0000	69.9111
76.6949	362	71.0000	69.8889
76.9068	363	70.0000	69.8667
77.1186	364	69.0000	69.8444
77.3305	365	70.0000	69.8222
77.5424	366	70.0000	69.8000
77.7542	367	70.0000	69.7778
77.9661	368	70.0000	69.7556
78.1780	369	69.0000	69.7333
78.3898	370	70.0000	69.7111
78.6017	371	70.0000	69.6889
78.8136	372	71.0000	69.6667
79.0254	373	70.0000	69.6444
79.2373	374	70.0000	69.6222
79.4492	375	70.0000	69.6000
79.6610	376	69.0000	69.5778
79.8729	377	69.0000	69.5556
80.0847	378	69.0000	69.5333
80.2966	379	70.0000	69.5111
80.5085	380	70.0000	69.4889
80.7203	381	69.0000	69.4667
80.9322	382	69.0000	69.4444
81.1441	383	69.0000	69.4222
81.3559	384	70.0000	69.4000
81.5678	385	70.0000	69.3778
81.7797	386	70.0000	69.3556
81.9915	387	70.0000	69.3333
82.2034	388	70.0000	69.3111
82.4153	389	70.0000	69.2889
82.6271	390	71.0000	69.2667
82.8390	391	70.0000	69.2444
83.0508	392	70.0000	69.2222
83.2627	393	69.0000	69.2000
83.4746	394	68.0000	69.1778
83.6864	395	71.0000	69.1556
83.8983	396	70.0000	69.1333
84.1102	397	71.0000	69.1111
84.3220	398	70.0000	69.0889
84.5339	399	70.0000	69.0667
84.7458	400	69.0000	69.0444
84.9576	401	68.0000	69.0222
85.1695	402	69.0000	69.0000
85.3814	403	69.0000	69.0000
85.5932	404	69.0000	69.0000
85.8051	405	69.0000	69.0000
86.0169	406	69.0000	69.0000
86.2288	407	69.0000	69.0000
86.4407	408	70.0000	69.0000
86.6525	409	69.0000	69.0000
86.8644	410	69.0000	69.0000
87.0763	411	68.0000	69.0000
87.2881	412	69.0000	69.0000
87.5000	413	69.0000	69.0000
87.7119	414	71.0000	69.0000
87.9237	415	70.0000	69.0000
88.1356	416	71.0000	69.0000
88.3475	417	71.0000	69.0000
88.5593	418	68.0000	69.0000
88.7712	419	69.0000	69.0000
88.9831	420	70.0000	69.0000
89.1949	421	69.0000	69.0000
89.4068	422	70.0000	69.0000
89.6186	423	69.0000	69.0000
89.8305	424	69.0000	69.0000
90.0424	425	68.0000	69.0000
90.2542	426	69.0000	69.0000
90.4661	427	69.0000	69.0000
90.6780	428	69.0000	69.0233
90.8898	429	69.0000	69.0465
91.1017	430	68.0000	69.0698
91.3136	431	70.0000	69.0930
91.5254	432	70.0000	69.1163
91.7373	433	69.0000	69.1395
91.9492	434	69.0000	69.1628
92.1610	435	70.0000	69.1860
92.3729	436	71.0000	69.2093
92.5847	437	69.0000	69.2326
92.7966	438	68.0000	69.2558
93.0085	439	70.0000	69.2791
93.2203	440	69.0000	69.3023
93.4322	441	69.0000	69.3256
93.6441	442	69.0000	69.3488
93.8559	443	70.0000	69.3721
94.0678	444	71.0000	69.3953
94.2797	445	69.0000	69.4186
94.4915	446	70.0000	69.4419
94.7034	447	70.0000	69.4651
94.9153	448	70.0000	69.4884
95.1271	449	70.0000	69.5116
95.3390	450	70.0000	69.5349
95.5508	451	69.0000	69.5581
95.7627	452	70.0000	69.5814
95.9746	453	70.0000	69.6047
96.1864	454	70.0000	69.6279
96.3983	455	70.0000	69.6512
96.6102	456	70.0000	69.6744
96.8220	457	70.0000	69.6977
97.0339	458	70.0000	69.7209
97.2458	459	70.0000	69.7442
97.4576	460	70.0000	69.7674
97.6695	461	70.0000	69.7907
97.8814	462	71.0000	69.8140
98.0932	463	71.0000	69.8372
98.3051	464	70.0000	69.8605
98.5169	465	70.0000	69.8837
98.7288	466	69.0000	69.9070
98.9407	467	70.0000	69.9302
99.1525	468	70.0000	69.9535
99.3644	469	70.0000	69.9767
99.5763	470	70.0000	70.0000
99.7881	471	70.0000	70.0000
100.0000	472	70.0000	70.0000
---------- 6: r2b_e6 ----------
Offset(%)	Offset(pix)	Profile	Background
0.0000	0	72.0000	72.0000
0.2119	1	72.0000	71.7200
0.4237	2	72.0000	71.4400
0.6356	3	70.0000	71.1600
0.8475	4	72.0000	70.8800
1.0593	5	71.0000	70.6000
1.2712	6	72.0000	70.3200
1.4831	7	71.0000	70.0400
1.6949	8	71.0000	69.7600
1.9068	9	71.0000	69.4800
2.1186	10	72.0000	69.2000
2.3305	11	71.0000	68.9200
2.5424	12	72.0000	68.6400
2.7542	13	71.0000	68.3600
2.9661	14	71.0000	68.0800
3.1780	15	67.0000	67.8000
3.3898	16	66.0000	67.5200
3.6017	17	67.0000	67.2400
3.8136	18	73.0000	66.9600
4.0254	19	75.0000	66.6800
4.2373	20	73.0000	66.4000
4.4492	21	70.0000	66.1200
4.6610	22	68.0000	65.8400
4.8729	23	66.0000	65.5600
5.0847	24	65.0000	65.2800
5.2966	25	65.0000	65.0000
5.5085	26	65.0000	65.1181
5.7203	27	66.0000	65.2362
5.9322	28	72.0000	65.3543
6.1441	29	92.0000	65.4724
6.3559	30	95.0000	65.5906
6.5678	31	100.0000	65.7087
6.7797	32	83.0000	65.8268
6.9915	33	76.0000	65.9449
7.2034	34	79.0000	66.0630
7.4153	35	83.0000	66.1811
7.6271	36	87.0000	66.2992
7.8390	37	86.0000	66.4173
8.0508	38	87.0000	66.5354
8.2627	39	83.0000	66.6535
8.4746	40	81.0000	66.7717
8.6864	41	76.0000	66.8898
8.8983	42	75.0000	67.0079
9.1102	43	76.0000	67.1260
9.3220	44	75.0000	67.2441
9.5339	45	73.0000	67.3622
9.7458	46	74.0000	67.4803
9.9576	47	75.0000	67.5984
10.1695	48	74.0000	67.7165
10.3814	49	73.0000	67.8346
10.5932	50	74.0000	67.9528
10.8051	51	73.0000	68.0709
11.0169	52	73.0000	68.1890
11.2288	53	76.0000	68.3071
11.4407	54	74.0000	68.4252
11.6525	55	74.0000	68.5433
11.8644	56	73.0000	68.6614
12.0763	57	74.0000	68.7795
12.2881	58	73.0000	68.8976
12.5000	59	73.0000	69.0157
12.7119	60	75.0000	69.1339
12.9237	61	73.0000	69.2520
13.1356	62	73.0000	69.3701
13.3475	63	75.0000	69.4882
13.5593	64	74.0000	69.6063
13.7712	65	74.0000	69.7244
13.9831	66	75.0000	69.8425
14.1949	67	75.0000	69.9606
14.4068	68	76.0000	70.0787
14.6186	69	75.0000	70.1969
14.8305	70	76.0000	70.3150
15.0424	71	76.0000	70.4331
15.2542	72	77.0000	70.5512
15.4661	73	78.0000	70.6693
15.6780	74	77.0000	70.7874
15.8898	75	79.0000	70.9055
16.1017	76	78.0000	71.0236
16.3136	77	80.0000	71.1417
16.5254	78	81.0000	71.2598
16.7373	79	82.0000	71.3780
16.9492	80	83.0000	71.4961
17.1610	81	84.0000	71.6142
17.3729	82	89.0000	71.7323
17.5847	83	90.0000	71.8504
17.7966	84	94.0000	71.9685
18.0085	85	97.0000	72.0866
18.2203	86	102.0000	72.2047
18.4322	87	104.0000	72.3228
18.6441	88	109.0000	72.4409
18.8559	89	113.0000	72.5591
19.0678	90	117.0000	72.6772
19.2797	91	119.0000	72.7953
19.4915	92	119.0000	72.9134
19.7034	93	122.0000	73.0315
19.9153	94	119.0000	73.1496
20.1271	95	119.0000	73.2677
20.3390	96	120.0000	73.3858
20.5508	97	118.0000	73.5039
20.7627	98	117.0000	73.6220
20.9746	99	114.0000	73.7402
21.1864	100	116.0000	73.8583
21.3983	101	115.0000	73.9764
21.6102	102	111.0000	74.0945
21.8220	103	110.0000	74.2126
22.0339	104	110.0000	74.3307
22.2458	105	108.0000	74.4488
22.4576	106	104.0000	74.5669
22.6695	107	103.0000	74.6850
22.8814	108	104.0000	74.8031
23.0932	109	102.0000	74.9213
23.3051	110	101.0000	75.0394
23.5169	111	101.0000	75.1575
23.7288	112	99.0000	75.2756
23.9407	113	99.0000	75.3937
24.1525	114	98.0000	75.5118
24.3644	115	95.0000	75.6299
24.5763	116	97.0000	75.7480
24.7881	117	96.0000	75.8661
25.0000	118	96.0000	75.9843
25.2119	119	93.0000	76.1024
25.4237	120	93.0000	76.2205
25.6356	121	92.0000	76.3386
25.8475	122	92.0000	76.4567
26.0593	123	92.0000	76.5748
26.2712	124	90.0000	76.6929
26.4831	125	91.0000	76.8110
26.6949	126	89.0000	76.9291
26.9068	127	87.0000	77.0472
27.1186	128	88.0000	77.1654
27.3305	129	86.0000	77.2835
27.5424	130	87.0000	77.4016
27.7542	131	86.0000	77.5197
27.9661	132	85.0000	77.6378
28.1780	133	85.0000	77.7559
28.3898	134	86.0000	77.8740
28.6017	135	85.0000	77.9921
28.8136	136	84.0000	78.1102
29.0254	137	83.0000	78.2283
29.2373	138	83.0000	78.3465
29.4492	139	84.0000	78.4646
29.6610	140	83.0000	78.5827
29.8729	141	82.0000	78.7008
30.0847	142	81.0000	78.8189
30.2966	143	81.0000	78.9370
30.5085	144	82.0000	79.0551
30.7203	145	83.0000	79.1732
30.9322	146	80.0000	79.2913
31.1441	147	80.0000	79.4094
31.3559	148	81.0000	79.5276
31.5678	149	79.0000	79.6457
31.7797	150	80.0000	79.7638
31.9915	151	80.0000	79.8819
32.2034	152	80.0000	80.0000
32.4153	153	79.0000	79.8182
32.6271	154	80.0000	79.6364
32.8390	155	79.0000	79.4545
33.0508	156	79.0000	79.2727
33.2627	157	78.0000	79.0909
33.4746	158	78.0000	78.9091
33.6864	159	79.0000	78.7273
33.8983	160	78.0000	78.5455
34.1102	161	78.0000	78.3636
34.3220	162	79.0000	78.1818
34.5339	163	79.0000	78.0000
34.7458	164	77.0000	77.8182
34.9576	165	78.0000	77.6364
35.1695	166	77.0000	77.4545
35.3814	167	77.0000	77.2727
35.5932	168	77.0000	77.0909
35.8051	169	77.0000	76.9091
36.0169	170	77.0000	76.7273
36.2288	171	76.0000	76.5455
36.4407	172	77.0000	76.3636
36.6525	173	77.0000	76.1818
36.8644	174	75.0000	76.0000
37.0763	175	77.0000	75.8182
37.2881	176	76.0000	75.6364
37.5000	177	77.0000	75.4545
37.7119	178	77.0000	75.2727
37.9237	179	76.0000	75.0909
38.1356	180	79.0000	74.9091
38.3475	181	77.0000	74.7273
38.5593	182	77.0000	74.5455
38.7712	183	75.0000	74.3636
38.9831	184	76.0000	74.1818
39.1949	185	74.0000	74.0000
39.4068	186	76.0000	74.0000
39.6186	187	77.0000	74.0000
39.8305	188	76.0000	74.0000
40.0424	189	76.0000	74.0000
40.2542	190	77.0000	74.0000
40.4661	191	77.0000	74.0000
40.6780	192	76.0000	74.0000
40.8898	193	77.0000	74.0000
41.1017	194	77.0000	74.0000
41.3136	195	76.0000	74.0000
41.5254	196	76.0000	74.0000
41.7373	197	77.0000	74.0000
41.9492	198	77.0000	74.0000
42.1610	199	76.0000	74.0000
42.3729	200	76.0000	74.0000
42.5847	201	77.0000	74.0000
42.7966	202	77.0000	74.0000
43.0085	203	77.0000	74.0000
43.2203	204	77.0000	74.0000
43.4322	205	76.0000	74.0000
43.6441	206	76.0000	74.0000
43.8559	207	76.0000	74.0000
44.0678	208	77.0000	74.0000
44.2797	209	76.0000	74.0000
44.4915	210	76.0000	74.0000
44.7034	211	77.0000	74.0000
44.9153	212	77.0000	74.0000
45.1271	213	77.0000	74.0000
45.3390	214	75.0000	74.0000
45.5508	215	76.0000	74.0000
45.7627	216	77.0000	74.0000
45.9746	217	75.0000	74.0000
46.1864	218	77.0000	74.0000
46.3983	219	76.0000	74.0000
46.6102	220	76.0000	74.0000
46.8220	221	76.0000	74.0000
47.0339	222	77.0000	74.0000
47.2458	223	77.0000	74.0000
47.4576	224	75.0000	74.0000
47.6695	225	76.0000	74.0000
47.8814	226	76.0000	74.0000
48.0932	227	76.0000	74.0000
48.3051	228	75.0000	74.0000
48.5169	229	75.0000	74.0000
48.7288	230	76.0000	74.0000
48.9407	231	75.0000	74.0000
49.1525	232	75.0000	74.0000
49.3644	233	76.0000	74.0000
49.5763	234	76.0000	74.0000
49.7881	235	74.0000	74.0000
50.0000	236	76.0000	74.0000
50.2119	237	76.0000	74.0000
50.4237	238	76.0000	74.0000
50.6356	239	75.0000	74.0000
50.8475	240	76.0000	74.0000
51.0593	241	76.0000	74.0000
51.2712	242	75.0000	74.0000
51.4831	243	76.0000	74.0000
51.6949	244	75.0000	74.0000
51.9068	245	75.0000	74.0000
52.1186	246	74.0000	74.0000
52.3305	247	74.0000	73.9846
52.5424	248	75.0000	73.9692
52.7542	249	75.0000	73.9538
52.9661	250	77.0000	73.9385
53.1780	251	75.0000	73.9231
53.3898	252	77.0000	73.9077
53.6017	253	75.0000	73.8923
53.8136	254	75.0000	73.8769
54.0254	255	75.0000	73.8615
54.2373	256	75.0000	73.8462
54.4492	257	75.0000	73.8308
54.6610	258	75.0000	73.8154
54.8729	259	74.0000	73.8000
55.0847	260	76.0000	73.7846
55.2966	261	77.0000	73.7692
55.5085	262	74.0000	73.7538
55.7203	263	74.0000	73.7385
55.9322	264	75.0000	73.7231
56.1441	265	74.0000	73.7077
56.3559	266	75.0000	73.6923
56.5678	267	74.0000	73.6769
56.7797	268	74.0000	73.6615
56.9915	269	75.0000	73.6462
57.2034	270	75.0000	73.6308
57.4153	271	75.0000	73.6154
57.6271	272	74.0000	73.6000
57.8390	273	75.0000	73.5846
58.0508	274	74.0000	73.5692
58.2627	275	74.0000	73.5538
58.4746	276	75.0000	73.5385
58.6864	277	74.0000	73.5231
58.8983	278	75.0000	73.5077
59.1102	279	75.0000	73.4923
59.3220	280	75.0000	73.4769
59.5339	281	76.0000	73.4615
59.7458	282	74.0000	73.4462
59.9576	283	74.0000	73.4308
60.1695	284	75.0000	73.4154
60.3814	285	75.0000	73.4000
60.5932	286	74.0000	73.3846
60.8051	287	75.0000	73.3692
61.0169	288	75.0000	73.3538
61.2288	289	75.0000	73.3385
61.4407	290	74.0000	73.3231
61.6525	291	75.0000	73.3077
61.8644	292	76.0000	73.2923
62.0763	293	75.0000	73.2769
62.2881	294	75.0000	73.2615
62.5000	295	75.0000	73.2462
62.7119	296	74.0000	73.2308
62.9237	297	75.0000	73.2154
63.1356	298	76.0000	73.2000
63.3475	299	75.0000	73.1846
63.5593	300	75.0000	73.1692
63.7712	301	74.0000	73.1538
63.9831	302	76.0000	73.1385
64.1949	303	74.0000	73.1231
64.4068	304	75.0000	73.1077
64.6186	305	75.0000	73.0923
64.8305	306	75.0000	73.0769
65.0424	307	75.0000	73.0615
65.2542	308	76.0000	73.0462
65.4661	309	76.0000	73.0308
65.6780	310	74.0000	73.0154
65.8898	311	73.0000	73.0000
66.1017	312	76.0000	72.9412
66.3136	313	75.0000	72.8824
66.5254	314	76.0000	72.8235
66.7373	315	75.0000	72.7647
66.9492	316	73.0000	72.7059
67.1610	317	74.0000	72.6471
67.3729	318	74.0000	72.5882
67.5847	319	75.0000	72.5294
67.7966	320	73.0000	72.4706
68.0085	321	74.0000	72.4118
68.2203	322	73.0000	72.3529
68.4322	323	73.0000	72.2941
68.6441	324	73.0000	72.2353
68.8559	325	72.0000	72.1765
69.0678	326	72.0000	72.1176
69.2797	327	74.0000	72.0588
69.4915	328	72.0000	72.0000
69.7034	329	72.0000	71.9412
69.9153	330	72.0000	71.8824
70.1271	331	72.0000	71.8235
70.3390	332	72.0000	71.7647
70.5508	333	73.0000	71.7059
70.7627	334	73.0000	71.6471
70.9746	335	72.0000	71.5882
71.1864	336	72.0000	71.5294
71.3983	337	72.0000	71.4706
71.6102	338	72.0000	71.4118
71.8220	339	72.0000	71.3529
72.0339	340	71.0000	71.2941
72.2458	341	71.0000	71.2353
72.4576	342	72.0000	71.1765
72.6695	343	71.0000	71.1176
72.8814	344	71.0000	71.0588
73.0932	345	71.0000	71.0000
73.3051	346	71.0000	70.9412
73.5169	347	72.0000	70.8824
73.7288	348	71.0000	70.8235
73.9407	349	71.0000	70.7647
74.1525	350	71.0000	70.7059
74.3644	351	72.0000	70.6471
74.5763	352	72.0000	70.5882
74.7881	353	71.0000	70.5294
75.0000	354	71.0000	70.4706
75.2119	355	71.0000	70.4118
75.4237	356	72.0000	70.3529
75.6356	357	71.0000	70.2941
75.8475	358	71.0000	70.2353
76.0593	359	71.0000	70.1765
76.2712	360	72.0000	70.1176
76.4831	361	72.0000	70.0588
76.6949	362	70.0000	70.0000
76.9068	363	71.0000	69.9706
77.1186	364	70.0000	69.9412
77.3305	365	71.0000	69.9118
77.5424	366	71.0000	69.8824
77.7542	367	71.0000	69.8529
77.9661	368	71.0000	69.8235
78.1780	369	72.0000	69.7941
78.3898	370	71.0000	69.7647
78.6017	371	70.0000	69.7353
78.8136	372	71.0000	69.7059
79.0254	373	70.0000	69.6765
79.2373	374	70.0000	69.6471
79.4492	375	70.0000	69.6176
79.6610	376	69.0000	69.5882
79.8729	377	70.0000	69.5588
80.0847	378	69.0000	69.5294
80.2966	379	70.0000	69.5000
80.5085	380	71.0000	69.4706
80.7203	381	70.0000	69.4412
80.9322	382	69.0000	69.4118
81.1441	383	70.0000	69.3824
81.3559	384	69.0000	69.3529
81.5678	385	71.0000	69.3235
81.7797	386	70.0000	69.2941
81.9915	387	70.0000	69.2647
82.2034	388	69.0000	69.2353
82.4153	389	71.0000	69.2059
82.6271	390	69.0000	69.1765
82.8390	391	70.0000	69.1471
83.0508	392	69.0000	69.1176
83.2627	393	70.0000	69.0882
83.4746	394	69.0000	69.0588
83.6864	395	69.0000	69.0294
83.8983	396	69.0000	69.0000
84.1102	397	70.0000	68.9615
84.3220	398	70.0000	68.9231
84.5339	399	69.0000	68.8846
84.7458	400	70.0000	68.8462
84.9576	401	69.0000	68.8077
85.1695	402	69.0000	68.7692
85.3814	403	69.0000	68.7308
85.5932	404	70.0000	68.6923
85.8051	405	69.0000	68.6538
86.0169	406	70.0000	68.6154
86.2288	407	70.0000	68.5769
86.4407	408	71.0000	68.5385
86.6525	409	69.0000	68.5000
86.8644	410	69.0000	68.4615
87.0763	411	69.0000	68.4231
87.2881	412	69.0000	68.3846
87.5000	413	70.0000	68.3462
87.7119	414	70.0000	68.3077
87.9237	415	70.0000	68.2692
88.1356	416	70.0000	68.2308
88.3475	417	69.0000	68.1923
88.5593	418	70.0000	68.1538
88.7712	419	69.0000	68.1154
88.9831	420	69.0000	68.0769
89.1949	421	70.0000	68.0385
89.4068	422	68.0000	68.0000
89.6186	423	68.0000	68.0625
89.8305	424	69.0000	68.1250
90.0424	425	70.0000	68.1875
90.2542	426	69.0000	68.2500
90.4661	427	69.0000	68.3125
90.6780	428	70.0000	68.3750
90.8898	429	70.0000	68.4375
91.1017	430	69.0000	68.5000
91.3136	431	70.0000	68.5625
91.5254	432	69.0000	68.6250
91.7373	433	70.0000	68.6875
91.9492	434	70.0000	68.7500
92.1610	435	69.0000	68.8125
92.3729	436	70.0000	68.8750
92.5847	437	69.0000	68.9375
92.7966	438	70.0000	69.0000
93.0085	439	70.0000	69.0625
93.2203	440	69.0000	69.1250
93.4322	441	69.0000	69.1875
93.6441	442	69.0000	69.2500
93.8559	443	71.0000	69.3125
94.0678	444	71.0000	69.3750
94.2797	445	70.0000	69.4375
94.4915	446	70.0000	69.5000
94.7034	447	70.0000	69.5625
94.9153	448	70.0000	69.6250
95.1271	449	69.0000	69.6875
95.3390	450	70.0000	69.7500
95.5508	451	70.0000	69.8125
95.7627	452	69.0000	69.8750
95.9746	453	70.0000	69.9375
96.1864	454	71.0000	70.0000
96.3983	455	71.0000	70.0625
96.6102	456	70.0000	70.1250
96.8220	457	70.0000	70.1875
97.0339	458	70.0000	70.2500
97.2458	459	71.0000	70.3125
97.4576	460	70.0000	70.3750
97.6695	461	71.0000	70.4375
97.8814	462	70.0000	70.5000
98.0932	463	71.0000	70.5625
98.3051	464	70.0000	70.6250
98.5169	465	71.0000	70.6875
98.7288	466	70.0000	70.7500
98.9407	467	71.0000	70.8125
99.1525	468	70.0000	70.8750
99.3644	469	70.0000	70.9375
99.5763	470	71.0000	71.0000
99.7881	471	70.0000	70.5000
100.0000	472	70.0000	70.0000
