---------- 1: r1_b1 ----------
Offset(%)	Offset(pix)	Profile	Background
1.7065	5	204.0000	204.0000
2.0478	6	256.0000	204.4292
2.3891	7	286.0000	204.8585
2.7304	8	268.0000	205.2877
3.0717	9	230.0000	205.7170
3.4130	10	239.0000	206.1462
3.7543	11	252.0000	206.5755
4.0956	12	249.0000	207.0047
4.4369	13	251.0000	207.4340
4.7782	14	246.0000	207.8632
5.1195	15	245.0000	208.2924
5.4608	16	250.0000	208.7217
5.8020	17	246.0000	209.1509
6.1433	18	246.0000	209.5802
6.4846	19	248.0000	210.0094
6.8259	20	249.0000	210.4387
7.1672	21	249.0000	210.8679
7.5085	22	249.0000	211.2972
7.8498	23	255.0000	211.7264
8.1911	24	260.0000	212.1557
8.5324	25	260.0000	212.5849
8.8737	26	265.0000	213.0141
9.2150	27	261.0000	213.4434
9.5563	28	266.0000	213.8726
9.8976	29	267.0000	214.3019
10.2389	30	276.0000	214.7311
10.5802	31	276.0000	215.1604
10.9215	32	280.0000	215.5896
11.2628	33	284.0000	216.0189
11.6041	34	291.0000	216.4481
11.9454	35	297.0000	216.8774
12.2867	36	302.0000	217.3066
12.6280	37	321.0000	217.7359
12.9693	38	334.0000	218.1651
13.3106	39	350.0000	218.5943
13.6519	40	377.0000	219.0236
13.9932	41	412.0000	219.4528
14.3345	42	460.0000	219.8821
14.6758	43	516.0000	220.3113
15.0171	44	581.0000	220.7406
15.3584	45	642.0000	221.1698
15.6997	46	706.0000	221.5991
16.0410	47	761.0000	222.0283
16.3823	48	835.0000	222.4576
16.7235	49	848.0000	222.8868
17.0648	50	883.0000	223.3160
17.4061	51	889.0000	223.7453
17.7474	52	910.0000	224.1745
18.0887	53	891.0000	224.6038
18.4300	54	901.0000	225.0330
18.7713	55	904.0000	225.4623
19.1126	56	892.0000	225.8915
19.4539	57	882.0000	226.3208
19.7952	58	887.0000	226.7500
20.1365	59	907.0000	227.1792
20.4778	60	868.0000	227.6085
20.8191	61	887.0000	228.0377
21.1604	62	865.0000	228.4670
21.5017	63	861.0000	228.8962
21.8430	64	825.0000	229.3255
22.1843	65	811.0000	229.7547
22.5256	66	820.0000	230.1840
22.8669	67	809.0000	230.6132
23.2082	68	783.0000	231.0424
23.5495	69	787.0000	231.4717
23.8908	70	809.0000	231.9009
24.2321	71	773.0000	232.3302
24.5734	72	779.0000	232.7594
24.9147	73	755.0000	233.1887
25.2560	74	734.0000	233.6179
25.5973	75	729.0000	234.0472
25.9386	76	727.0000	234.4764
26.2799	77	724.0000	234.9057
26.6212	78	721.0000	235.3349
26.9625	79	709.0000	235.7641
27.3038	80	711.0000	236.1934
27.6451	81	706.0000	236.6227
27.9863	82	690.0000	237.0519
28.3276	83	681.0000	237.4811
28.6689	84	670.0000	237.9104
29.0102	85	670.0000	238.3396
29.6928	87	646.0000	238.7689
30.0341	88	656.0000	239.1981
30.3754	89	636.0000	239.6273
30.7167	90	646.0000	240.0566
31.0580	91	621.0000	240.4858
31.3993	92	633.0000	240.9151
31.7406	93	638.0000	241.3443
32.0819	94	632.0000	241.7736
32.4232	95	618.0000	242.2028
32.7645	96	624.0000	242.6321
33.1058	97	621.0000	243.0613
33.4471	98	624.0000	243.4906
33.7884	99	617.0000	243.9198
34.1297	100	618.0000	244.3491
34.4710	101	607.0000	244.7783
34.8123	102	610.0000	245.2076
35.1536	103	595.0000	245.6368
35.4949	104	599.0000	246.0660
35.8362	105	596.0000	246.4953
36.1775	106	602.0000	246.9245
36.5188	107	596.0000	247.3538
36.8601	108	575.0000	247.7830
37.2014	109	590.0000	248.2123
37.5427	110	581.0000	248.6415
37.8840	111	586.0000	249.0708
38.2253	112	581.0000	249.5000
38.5666	113	584.0000	249.9292
38.9078	114	576.0000	250.3585
39.2491	115	564.0000	250.7877
39.5904	116	561.0000	251.2170
39.9317	117	571.0000	251.6462
40.2730	118	568.0000	252.0755
40.6143	119	565.0000	252.5047
40.9556	120	551.0000	252.9340
41.2969	121	560.0000	253.3632
41.6382	122	549.0000	253.7924
41.9795	123	552.0000	254.2217
42.3208	124	548.0000	254.6509
42.6621	125	542.0000	255.0802
43.3447	127	539.0000	255.5094
43.6860	128	533.0000	255.9387
44.0273	129	533.0000	256.3679
44.3686	130	523.0000	256.7972
44.7099	131	519.0000	257.2264
45.0512	132	527.0000	257.6557
45.3925	133	517.0000	258.0849
45.7338	134	496.0000	258.5142
46.0751	135	507.0000	258.9434
46.4164	136	512.0000	259.3727
46.7577	137	513.0000	259.8019
47.0990	138	497.0000	260.2311
47.4403	139	500.0000	260.6604
47.7816	140	489.0000	261.0896
48.1229	141	499.0000	261.5189
48.4642	142	499.0000	261.9481
48.8055	143	486.0000	262.3773
49.1468	144	490.0000	262.8066
49.8294	146	502.0000	263.2358
50.1706	147	497.0000	263.6651
50.5119	148	498.0000	264.0943
50.8532	149	496.0000	264.5236
51.1945	150	487.0000	264.9528
51.5358	151	481.0000	265.3821
51.8771	152	475.0000	265.8113
52.2184	153	454.0000	266.2406
52.5597	154	462.0000	266.6698
52.9010	155	475.0000	267.0991
53.2423	156	463.0000	267.5283
53.5836	157	462.0000	267.9576
53.9249	158	451.0000	268.3868
54.2662	159	455.0000	268.8160
54.6075	160	447.0000	269.2453
54.9488	161	451.0000	269.6745
55.2901	162	447.0000	270.1038
55.6314	163	445.0000	270.5330
55.9727	164	441.0000	270.9623
56.6553	166	448.0000	271.3915
56.9966	167	446.0000	271.8207
57.3379	168	437.0000	272.2500
57.6792	169	450.0000	272.6793
58.0205	170	438.0000	273.1085
58.3618	171	445.0000	273.5377
58.7031	172	445.0000	273.9670
59.0444	173	435.0000	274.3962
59.3857	174	436.0000	274.8255
59.7270	175	429.0000	275.2547
60.0683	176	431.0000	275.6840
60.4096	177	428.0000	276.1132
60.7509	178	424.0000	276.5424
61.0922	179	418.0000	276.9717
61.4334	180	410.0000	277.4009
61.7747	181	418.0000	277.8302
62.1160	182	409.0000	278.2594
62.4573	183	404.0000	278.6887
62.7986	184	398.0000	279.1179
63.1399	185	402.0000	279.5472
63.4812	186	397.0000	279.9764
63.8225	187	384.0000	280.4057
64.1638	188	373.0000	280.8349
64.5051	189	364.0000	281.2642
64.8464	190	346.0000	281.6934
65.1877	191	344.0000	282.1227
65.5290	192	335.0000	282.5519
65.8703	193	337.0000	282.9811
66.2116	194	324.0000	283.4104
66.5529	195	325.0000	283.8396
66.8942	196	318.0000	284.2689
67.2355	197	310.0000	284.6981
67.5768	198	320.0000	285.1273
67.9181	199	317.0000	285.5566
68.2594	200	323.0000	285.9858
68.6007	201	313.0000	286.4151
68.9420	202	309.0000	286.8443
69.2833	203	296.0000	287.2736
69.9659	205	301.0000	287.7028
70.3072	206	294.0000	288.1321
70.6485	207	294.0000	288.5613
70.9898	208	296.0000	288.9906
71.3311	209	298.0000	289.4198
71.6724	210	298.0000	289.8491
72.0137	211	297.0000	290.2783
72.3549	212	298.0000	290.7076
72.6962	213	298.0000	291.1368
73.0375	214	298.0000	291.5660
73.3788	215	299.0000	291.9953
73.7201	216	297.0000	292.4245
74.0614	217	299.0000	292.8538
74.4027	218	291.0000	293.2830
74.7440	219	294.0000	293.7123
75.0853	220	296.0000	294.1415
75.4266	221	299.0000	294.5707
75.7679	222	295.0000	295.0000
76.1092	223	299.0000	295.3636
76.4505	224	298.0000	295.7273
76.7918	225	302.0000	296.0909
77.1331	226	297.0000	296.4546
77.4744	227	291.0000	296.8182
77.8157	228	295.0000	297.1818
78.1570	229	294.0000	297.5454
78.4983	230	297.0000	297.9091
78.8396	231	297.0000	298.2727
79.1809	232	302.0000	298.6364
79.5222	233	294.0000	299.0000
79.8635	234	300.0000	299.3636
80.2048	235	298.0000	299.7273
80.5461	236	298.0000	300.0909
80.8874	237	298.0000	300.4546
81.2287	238	300.0000	300.8182
81.5700	239	304.0000	301.1818
81.9113	240	300.0000	301.5454
82.2526	241	301.0000	301.9091
82.5939	242	297.0000	302.2727
82.9352	243	301.0000	302.6364
83.2765	244	304.0000	303.0000
83.6177	245	306.0000	303.3636
83.9590	246	304.0000	303.7273
84.3003	247	307.0000	304.0909
84.6416	248	303.0000	304.4546
84.9829	249	308.0000	304.8182
85.3242	250	300.0000	305.1818
85.6655	251	307.0000	305.5454
86.0068	252	305.0000	305.9091
86.3481	253	307.0000	306.2727
86.6894	254	306.0000	306.6364
87.0307	255	309.0000	307.0000
87.3720	256	308.0000	307.3636
87.7133	257	309.0000	307.7273
88.0546	258	311.0000	308.0909
88.3959	259	313.0000	308.4546
88.7372	260	312.0000	308.8182
89.0785	261	313.0000	309.1818
89.4198	262	307.0000	309.5454
89.7611	263	310.0000	309.9091
90.1024	264	311.0000	310.2727
90.4437	265	307.0000	310.6364
90.7850	266	310.0000	311.0000
91.1263	267	308.0000	311.3636
91.4676	268	309.0000	311.7273
91.8089	269	306.0000	312.0909
92.1502	270	313.0000	312.4546
92.4915	271	314.0000	312.8182
92.8328	272	313.0000	313.1818
93.1741	273	314.0000	313.5454
93.5154	274	315.0000	313.9091
93.8567	275	314.0000	314.2727
94.1980	276	312.0000	314.6364
94.5392	277	315.0000	315.0000
94.8805	278	314.0000	316.0833
95.2218	279	318.0000	317.1667
95.5631	280	315.0000	318.2500
95.9044	281	316.0000	319.3333
96.2457	282	318.0000	320.4167
96.5870	283	324.0000	321.5000
96.9283	284	324.0000	322.5833
97.2696	285	324.0000	323.6667
97.6109	286	327.0000	324.7500
97.9522	287	330.0000	325.8333
98.2935	288	325.0000	326.9167
98.6348	289	328.0000	328.0000
---------- 2: r1_b2 ----------
Offset(%)	Offset(pix)	Profile	Background
1.7065	5	183.0000	183.0000
2.0478	6	211.0000	183.5240
2.3891	7	258.0000	184.0481
2.7304	8	284.0000	184.5721
3.0717	9	259.0000	185.0962
3.4130	10	232.0000	185.6202
3.7543	11	233.0000	186.1442
4.0956	12	246.0000	186.6683
4.4369	13	245.0000	187.1923
4.7782	14	240.0000	187.7163
5.1195	15	235.0000	188.2404
5.4608	16	237.0000	188.7644
5.8020	17	237.0000	189.2885
6.1433	18	236.0000	189.8125
6.4846	19	234.0000	190.3365
6.8259	20	236.0000	190.8606
7.1672	21	239.0000	191.3846
7.5085	22	242.0000	191.9087
7.8498	23	241.0000	192.4327
8.1911	24	243.0000	192.9567
8.5324	25	248.0000	193.4808
8.8737	26	249.0000	194.0048
9.2150	27	251.0000	194.5288
9.5563	28	253.0000	195.0529
9.8976	29	252.0000	195.5769
10.2389	30	254.0000	196.1010
10.5802	31	257.0000	196.6250
10.9215	32	258.0000	197.1490
11.2628	33	257.0000	197.6731
11.6041	34	262.0000	198.1971
11.9454	35	264.0000	198.7212
12.2867	36	272.0000	199.2452
12.6280	37	277.0000	199.7692
12.9693	38	284.0000	200.2933
13.3106	39	302.0000	200.8173
13.6519	40	304.0000	201.3413
13.9932	41	322.0000	201.8654
14.3345	42	342.0000	202.3894
14.6758	43	349.0000	202.9135
15.0171	44	375.0000	203.4375
15.3584	45	407.0000	203.9615
15.6997	46	421.0000	204.4856
16.0410	47	455.0000	205.0096
16.3823	48	471.0000	205.5337
16.7235	49	492.0000	206.0577
17.0648	50	500.0000	206.5817
17.4061	51	512.0000	207.1058
17.7474	52	516.0000	207.6298
18.0887	53	521.0000	208.1538
18.4300	54	518.0000	208.6779
18.7713	55	523.0000	209.2019
19.1126	56	505.0000	209.7260
19.4539	57	506.0000	210.2500
19.7952	58	496.0000	210.7740
20.1365	59	482.0000	211.2981
20.4778	60	491.0000	211.8221
20.8191	61	496.0000	212.3462
21.1604	62	475.0000	212.8702
21.5017	63	473.0000	213.3942
21.8430	64	477.0000	213.9183
22.1843	65	481.0000	214.4423
22.5256	66	479.0000	214.9663
22.8669	67	476.0000	215.4904
23.2082	68	467.0000	216.0144
23.5495	69	475.0000	216.5385
23.8908	70	449.0000	217.0625
24.2321	71	458.0000	217.5865
24.5734	72	451.0000	218.1106
24.9147	73	453.0000	218.6346
25.2560	74	439.0000	219.1587
25.5973	75	443.0000	219.6827
25.9386	76	444.0000	220.2067
26.2799	77	448.0000	220.7308
26.6212	78	467.0000	221.2548
26.9625	79	453.0000	221.7788
27.3038	80	452.0000	222.3029
27.6451	81	410.0000	222.8269
27.9863	82	410.0000	223.3510
28.3276	83	414.0000	223.8750
28.6689	84	412.0000	224.3990
29.0102	85	418.0000	224.9231
29.3515	86	415.0000	225.4471
29.6928	87	414.0000	225.9712
30.0341	88	418.0000	226.4952
30.3754	89	408.0000	227.0192
30.7167	90	403.0000	227.5433
31.0580	91	411.0000	228.0673
31.3993	92	402.0000	228.5913
31.7406	93	394.0000	229.1154
32.0819	94	411.0000	229.6394
32.4232	95	402.0000	230.1635
32.7645	96	401.0000	230.6875
33.1058	97	389.0000	231.2115
33.4471	98	401.0000	231.7356
33.7884	99	389.0000	232.2596
34.1297	100	397.0000	232.7837
34.4710	101	386.0000	233.3077
34.8123	102	377.0000	233.8317
35.1536	103	386.0000	234.3558
35.4949	104	387.0000	234.8798
35.8362	105	378.0000	235.4038
36.1775	106	382.0000	235.9279
36.5188	107	377.0000	236.4519
36.8601	108	381.0000	236.9760
37.2014	109	391.0000	237.5000
37.5427	110	381.0000	238.0240
37.8840	111	383.0000	238.5481
38.2253	112	378.0000	239.0721
38.5666	113	384.0000	239.5962
38.9078	114	380.0000	240.1202
39.2491	115	377.0000	240.6442
39.5904	116	378.0000	241.1683
39.9317	117	373.0000	241.6923
40.2730	118	378.0000	242.2163
40.6143	119	384.0000	242.7404
40.9556	120	386.0000	243.2644
41.2969	121	382.0000	243.7885
41.6382	122	380.0000	244.3125
42.3208	124	378.0000	244.8365
42.6621	125	373.0000	245.3606
43.0034	126	376.0000	245.8846
43.3447	127	373.0000	246.4087
43.6860	128	370.0000	246.9327
44.0273	129	373.0000	247.4567
44.3686	130	368.0000	247.9808
44.7099	131	367.0000	248.5048
45.0512	132	371.0000	249.0288
45.3925	133	372.0000	249.5529
45.7338	134	365.0000	250.0769
46.0751	135	367.0000	250.6010
46.4164	136	373.0000	251.1250
46.7577	137	369.0000	251.6490
47.4403	139	378.0000	252.1731
47.7816	140	373.0000	252.6971
48.1229	141	378.0000	253.2212
48.4642	142	363.0000	253.7452
48.8055	143	366.0000	254.2692
49.1468	144	372.0000	254.7933
49.4881	145	365.0000	255.3173
49.8294	146	366.0000	255.8413
50.1706	147	362.0000	256.3654
50.5119	148	362.0000	256.8894
50.8532	149	362.0000	257.4135
51.1945	150	361.0000	257.9375
51.5358	151	358.0000	258.4615
51.8771	152	362.0000	258.9856
52.5597	154	361.0000	259.5096
52.9010	155	358.0000	260.0337
53.2423	156	360.0000	260.5577
53.5836	157	360.0000	261.0817
53.9249	158	358.0000	261.6058
54.2662	159	360.0000	262.1298
54.6075	160	358.0000	262.6538
54.9488	161	362.0000	263.1779
55.2901	162	358.0000	263.7019
55.6314	163	362.0000	264.2260
55.9727	164	359.0000	264.7500
56.3140	165	361.0000	265.2740
56.6553	166	362.0000	265.7981
56.9966	167	359.0000	266.3221
57.6792	169	360.0000	266.8462
58.0205	170	359.0000	267.3702
58.3618	171	359.0000	267.8942
58.7031	172	359.0000	268.4183
59.0444	173	364.0000	268.9423
59.3857	174	370.0000	269.4663
59.7270	175	366.0000	269.9904
60.0683	176	365.0000	270.5144
60.4096	177	372.0000	271.0385
60.7509	178	365.0000	271.5625
61.0922	179	360.0000	272.0865
61.4334	180	360.0000	272.6106
61.7747	181	348.0000	273.1346
62.1160	182	343.0000	273.6587
62.4573	183	337.0000	274.1827
62.7986	184	334.0000	274.7067
63.1399	185	326.0000	275.2308
63.4812	186	321.0000	275.7548
63.8225	187	317.0000	276.2788
64.1638	188	317.0000	276.8029
64.5051	189	309.0000	277.3269
64.8464	190	310.0000	277.8510
65.1877	191	305.0000	278.3750
65.5290	192	301.0000	278.8990
65.8703	193	304.0000	279.4231
66.2116	194	304.0000	279.9471
66.5529	195	302.0000	280.4712
66.8942	196	306.0000	280.9952
67.2355	197	306.0000	281.5192
67.5768	198	304.0000	282.0433
67.9181	199	306.0000	282.5673
68.2594	200	300.0000	283.0913
68.6007	201	300.0000	283.6154
68.9420	202	301.0000	284.1394
69.2833	203	297.0000	284.6635
69.6246	204	303.0000	285.1875
69.9659	205	301.0000	285.7115
70.3072	206	299.0000	286.2356
70.6485	207	304.0000	286.7596
70.9898	208	299.0000	287.2837
71.3311	209	301.0000	287.8077
71.6724	210	299.0000	288.3317
72.0137	211	296.0000	288.8558
72.3549	212	301.0000	289.3798
72.6962	213	299.0000	289.9038
73.0375	214	302.0000	290.4279
73.3788	215	299.0000	290.9519
73.7201	216	297.0000	291.4760
74.0614	217	292.0000	292.0000
74.4027	218	299.0000	292.3729
74.7440	219	296.0000	292.7458
75.0853	220	297.0000	293.1187
75.4266	221	296.0000	293.4915
75.7679	222	298.0000	293.8644
76.1092	223	298.0000	294.2373
76.4505	224	294.0000	294.6102
76.7918	225	299.0000	294.9831
77.1331	226	296.0000	295.3559
77.4744	227	300.0000	295.7288
77.8157	228	295.0000	296.1017
78.1570	229	295.0000	296.4746
78.4983	230	297.0000	296.8474
78.8396	231	296.0000	297.2203
79.1809	232	301.0000	297.5932
79.5222	233	294.0000	297.9661
79.8635	234	297.0000	298.3390
80.2048	235	294.0000	298.7119
80.5461	236	298.0000	299.0847
80.8874	237	300.0000	299.4576
81.2287	238	298.0000	299.8305
81.5700	239	301.0000	300.2034
81.9113	240	300.0000	300.5763
82.2526	241	298.0000	300.9492
82.5939	242	299.0000	301.3220
82.9352	243	296.0000	301.6949
83.2765	244	298.0000	302.0678
83.6177	245	299.0000	302.4407
83.9590	246	302.0000	302.8136
84.3003	247	303.0000	303.1864
84.6416	248	306.0000	303.5593
84.9829	249	304.0000	303.9322
85.3242	250	310.0000	304.3051
85.6655	251	307.0000	304.6780
86.0068	252	309.0000	305.0508
86.3481	253	308.0000	305.4237
86.6894	254	308.0000	305.7966
87.0307	255	311.0000	306.1695
87.3720	256	314.0000	306.5424
87.7133	257	311.0000	306.9153
88.0546	258	313.0000	307.2881
88.3959	259	313.0000	307.6610
88.7372	260	308.0000	308.0339
89.0785	261	312.0000	308.4068
89.4198	262	311.0000	308.7797
89.7611	263	306.0000	309.1525
90.1024	264	310.0000	309.5254
90.4437	265	311.0000	309.8983
90.7850	266	310.0000	310.2712
91.1263	267	310.0000	310.6441
91.4676	268	309.0000	311.0169
91.8089	269	305.0000	311.3898
92.1502	270	311.0000	311.7627
92.4915	271	312.0000	312.1356
92.8328	272	311.0000	312.5085
93.1741	273	312.0000	312.8813
93.5154	274	312.0000	313.2542
93.8567	275	311.0000	313.6271
94.1980	276	314.0000	314.0000
94.5392	277	318.0000	315.0769
94.8805	278	311.0000	316.1538
95.2218	279	318.0000	317.2308
95.5631	280	317.0000	318.3077
95.9044	281	317.0000	319.3846
96.2457	282	316.0000	320.4615
96.5870	283	320.0000	321.5385
96.9283	284	320.0000	322.6154
97.2696	285	318.0000	323.6923
97.6109	286	324.0000	324.7692
97.9522	287	324.0000	325.8462
98.2935	288	326.0000	326.9231
98.6348	289	328.0000	328.0000
---------- 3: r1_b3 ----------
Offset(%)	Offset(pix)	Profile	Background
1.3652	4	176.0000	176.0000
1.7065	5	202.0000	180.0089
2.0478	6	254.0000	184.0179
2.3891	7	280.0000	188.0268
2.7304	8	267.0000	192.0357
3.0717	9	234.0000	196.0446
3.4130	10	234.0000	200.0536
3.7543	11	245.0000	204.0625
4.0956	12	251.0000	208.0714
4.4369	13	249.0000	212.0804
4.7782	14	254.0000	216.0893
5.1195	15	253.0000	220.0982
5.4608	16	252.0000	224.1071
5.8020	17	257.0000	228.1161
6.1433	18	256.0000	232.1250
6.4846	19	255.0000	236.1339
6.8259	20	260.0000	240.1429
7.1672	21	264.0000	244.1518
7.5085	22	269.0000	248.1607
7.8498	23	275.0000	252.1696
8.1911	24	278.0000	256.1786
8.5324	25	278.0000	260.1875
8.8737	26	281.0000	264.1964
9.2150	27	292.0000	268.2054
9.5563	28	297.0000	272.2143
9.8976	29	305.0000	276.2232
10.2389	30	301.0000	280.2321
10.5802	31	306.0000	284.2411
10.9215	32	318.0000	288.2500
11.2628	33	321.0000	292.2589
11.6041	34	329.0000	296.2679
11.9454	35	324.0000	300.2768
12.2867	36	341.0000	304.2857
12.6280	37	361.0000	308.2946
12.9693	38	367.0000	312.3036
13.3106	39	388.0000	316.3125
13.6519	40	394.0000	320.3214
13.9932	41	426.0000	324.3304
14.3345	42	462.0000	328.3393
14.6758	43	496.0000	332.3482
15.0171	44	529.0000	336.3571
15.3584	45	560.0000	340.3661
15.6997	46	632.0000	344.3750
16.0410	47	644.0000	348.3839
16.3823	48	685.0000	352.3929
16.7235	49	720.0000	356.4018
17.0648	50	749.0000	360.4107
17.4061	51	793.0000	364.4196
17.7474	52	808.0000	368.4286
18.0887	53	817.0000	372.4375
18.4300	54	830.0000	376.4464
18.7713	55	839.0000	380.4554
19.1126	56	836.0000	384.4643
19.4539	57	843.0000	388.4732
19.7952	58	835.0000	392.4821
20.1365	59	845.0000	396.4911
20.4778	60	844.0000	400.5000
20.8191	61	835.0000	404.5089
21.1604	62	817.0000	408.5179
21.5017	63	796.0000	412.5268
21.8430	64	808.0000	416.5357
22.1843	65	781.0000	420.5446
22.5256	66	792.0000	424.5536
22.8669	67	761.0000	428.5625
23.2082	68	772.0000	432.5714
23.5495	69	767.0000	436.5804
23.8908	70	775.0000	440.5893
24.2321	71	770.0000	444.5982
24.5734	72	740.0000	448.6071
24.9147	73	768.0000	452.6161
25.2560	74	761.0000	456.6250
25.5973	75	757.0000	460.6339
25.9386	76	735.0000	464.6429
26.2799	77	730.0000	468.6518
26.6212	78	729.0000	472.6607
26.9625	79	747.0000	476.6696
27.3038	80	721.0000	480.6786
27.6451	81	728.0000	484.6875
27.9863	82	713.0000	488.6964
28.3276	83	726.0000	492.7054
28.6689	84	699.0000	496.7143
29.0102	85	695.0000	500.7232
29.6928	87	689.0000	504.7321
30.0341	88	692.0000	508.7411
30.3754	89	686.0000	512.7500
30.7167	90	688.0000	516.7589
31.0580	91	681.0000	520.7678
31.3993	92	691.0000	524.7768
31.7406	93	686.0000	528.7857
32.0819	94	685.0000	532.7947
32.4232	95	669.0000	536.8036
32.7645	96	678.0000	540.8125
33.1058	97	677.0000	544.8214
33.4471	98	664.0000	548.8303
33.7884	99	662.0000	552.8393
34.1297	100	666.0000	556.8482
34.4710	101	663.0000	560.8572
34.8123	102	665.0000	564.8661
35.1536	103	658.0000	568.8750
35.4949	104	662.0000	572.8839
35.8362	105	660.0000	576.8928
36.1775	106	660.0000	580.9018
36.5188	107	652.0000	584.9107
36.8601	108	651.0000	588.9197
37.2014	109	653.0000	592.9286
37.5427	110	648.0000	596.9375
37.8840	111	649.0000	600.9464
38.2253	112	653.0000	604.9553
38.5666	113	634.0000	608.9643
38.9078	114	637.0000	612.9732
39.2491	115	644.0000	616.9822
39.5904	116	635.0000	620.9911
39.9317	117	625.0000	625.0000
40.2730	118	632.0000	623.0769
40.6143	119	624.0000	621.1539
40.9556	120	626.0000	619.2308
41.2969	121	629.0000	617.3077
41.6382	122	616.0000	615.3846
41.9795	123	613.0000	613.4615
42.3208	124	605.0000	611.5385
42.6621	125	607.0000	609.6154
43.3447	127	608.0000	607.6923
43.6860	128	617.0000	605.7692
44.0273	129	604.0000	603.8461
44.3686	130	595.0000	601.9231
44.7099	131	601.0000	600.0000
45.0512	132	603.0000	598.0769
45.3925	133	588.0000	596.1539
45.7338	134	584.0000	594.2308
46.0751	135	588.0000	592.3077
46.4164	136	584.0000	590.3846
46.7577	137	583.0000	588.4615
47.0990	138	582.0000	586.5385
47.4403	139	584.0000	584.6154
47.7816	140	571.0000	582.6923
48.1229	141	577.0000	580.7692
48.4642	142	571.0000	578.8461
48.8055	143	563.0000	576.9231
49.1468	144	567.0000	575.0000
49.8294	146	556.0000	573.0769
50.1706	147	556.0000	571.1539
50.5119	148	569.0000	569.2308
50.8532	149	553.0000	567.3077
51.1945	150	550.0000	565.3846
51.5358	151	557.0000	563.4615
51.8771	152	554.0000	561.5385
52.2184	153	550.0000	559.6154
52.5597	154	544.0000	557.6923
52.9010	155	546.0000	555.7692
53.2423	156	544.0000	553.8461
53.5836	157	545.0000	551.9231
53.9249	158	532.0000	550.0000
54.2662	159	543.0000	548.0769
54.6075	160	539.0000	546.1539
54.9488	161	541.0000	544.2308
55.2901	162	548.0000	542.3077
55.6314	163	541.0000	540.3846
55.9727	164	550.0000	538.4615
56.6553	166	550.0000	536.5385
56.9966	167	554.0000	534.6154
57.3379	168	550.0000	532.6923
57.6792	169	555.0000	530.7692
58.0205	170	558.0000	528.8461
58.3618	171	554.0000	526.9231
58.7031	172	567.0000	525.0000
59.0444	173	570.0000	523.0769
59.3857	174	566.0000	521.1539
59.7270	175	581.0000	519.2308
60.0683	176	567.0000	517.3077
60.4096	177	562.0000	515.3846
60.7509	178	543.0000	513.4615
61.0922	179	530.0000	511.5385
61.4334	180	507.0000	509.6154
61.7747	181	487.0000	507.6923
62.1160	182	469.0000	505.7692
62.4573	183	452.0000	503.8462
62.7986	184	441.0000	501.9231
63.1399	185	431.0000	500.0000
63.4812	186	423.0000	498.0769
63.8225	187	412.0000	496.1538
64.1638	188	417.0000	494.2308
64.5051	189	416.0000	492.3077
64.8464	190	417.0000	490.3846
65.1877	191	408.0000	488.4615
65.5290	192	417.0000	486.5385
65.8703	193	404.0000	484.6154
66.2116	194	408.0000	482.6923
66.5529	195	411.0000	480.7692
66.8942	196	409.0000	478.8462
67.2355	197	401.0000	476.9231
67.5768	198	406.0000	475.0000
67.9181	199	403.0000	473.0769
68.2594	200	395.0000	471.1538
68.6007	201	393.0000	469.2308
68.9420	202	389.0000	467.3077
69.2833	203	391.0000	465.3846
69.9659	205	387.0000	463.4615
70.3072	206	380.0000	461.5385
70.6485	207	374.0000	459.6154
70.9898	208	370.0000	457.6923
71.3311	209	373.0000	455.7692
71.6724	210	367.0000	453.8462
72.0137	211	359.0000	451.9231
72.3549	212	361.0000	450.0000
72.6962	213	362.0000	448.0769
73.0375	214	361.0000	446.1538
73.3788	215	355.0000	444.2308
73.7201	216	356.0000	442.3077
74.0614	217	353.0000	440.3846
74.4027	218	349.0000	438.4615
74.7440	219	354.0000	436.5385
75.0853	220	346.0000	434.6154
75.4266	221	347.0000	432.6923
75.7679	222	343.0000	430.7692
76.1092	223	343.0000	428.8462
76.4505	224	345.0000	426.9231
76.7918	225	343.0000	425.0000
77.1331	226	342.0000	423.0769
77.4744	227	340.0000	421.1538
77.8157	228	335.0000	419.2308
78.1570	229	335.0000	417.3077
78.4983	230	335.0000	415.3846
78.8396	231	334.0000	413.4615
79.1809	232	329.0000	411.5385
79.5222	233	329.0000	409.6154
79.8635	234	333.0000	407.6923
80.2048	235	331.0000	405.7692
80.5461	236	324.0000	403.8462
80.8874	237	327.0000	401.9231
81.2287	238	326.0000	400.0000
81.5700	239	321.0000	398.0769
81.9113	240	324.0000	396.1538
82.2526	241	324.0000	394.2308
82.5939	242	318.0000	392.3077
82.9352	243	323.0000	390.3846
83.2765	244	325.0000	388.4615
83.6177	245	320.0000	386.5385
83.9590	246	317.0000	384.6154
84.3003	247	315.0000	382.6923
84.6416	248	314.0000	380.7692
84.9829	249	318.0000	378.8462
85.3242	250	318.0000	376.9231
85.6655	251	316.0000	375.0000
86.0068	252	318.0000	373.0769
86.3481	253	316.0000	371.1538
86.6894	254	315.0000	369.2308
87.0307	255	317.0000	367.3077
87.3720	256	315.0000	365.3846
87.7133	257	311.0000	363.4615
88.0546	258	315.0000	361.5385
88.3959	259	318.0000	359.6154
88.7372	260	315.0000	357.6923
89.0785	261	315.0000	355.7692
89.4198	262	319.0000	353.8462
89.7611	263	317.0000	351.9231
90.1024	264	317.0000	350.0000
90.4437	265	315.0000	348.0769
90.7850	266	315.0000	346.1538
91.1263	267	316.0000	344.2308
91.4676	268	318.0000	342.3077
91.8089	269	316.0000	340.3846
92.1502	270	320.0000	338.4615
92.4915	271	319.0000	336.5385
92.8328	272	323.0000	334.6154
93.1741	273	320.0000	332.6923
93.5154	274	321.0000	330.7692
93.8567	275	323.0000	328.8462
94.1980	276	323.0000	326.9231
94.5392	277	325.0000	325.0000
94.8805	278	322.0000	325.3333
95.2218	279	323.0000	325.6667
95.5631	280	324.0000	326.0000
95.9044	281	327.0000	326.3333
96.2457	282	327.0000	326.6667
96.5870	283	327.0000	327.0000
96.9283	284	328.0000	327.3333
97.2696	285	327.0000	327.6667
97.6109	286	330.0000	328.0000
97.9522	287	326.0000	328.3333
98.2935	288	333.0000	328.6667
98.6348	289	329.0000	329.0000
---------- 4: r1_b4 ----------
Offset(%)	Offset(pix)	Profile	Background
1.3652	4	205.0000	205.0000
1.7065	5	237.0000	205.5040
2.0478	6	265.0000	206.0080
2.3891	7	251.0000	206.5120
2.7304	8	234.0000	207.0160
3.0717	9	238.0000	207.5200
3.4130	10	249.0000	208.0240
3.7543	11	253.0000	208.5280
4.0956	12	248.0000	209.0320
4.4369	13	244.0000	209.5360
4.7782	14	245.0000	210.0400
5.1195	15	246.0000	210.5440
5.4608	16	249.0000	211.0480
5.8020	17	250.0000	211.5520
6.1433	18	252.0000	212.0560
6.4846	19	254.0000	212.5600
6.8259	20	262.0000	213.0640
7.1672	21	262.0000	213.5680
7.5085	22	269.0000	214.0720
7.8498	23	276.0000	214.5760
8.1911	24	285.0000	215.0800
8.5324	25	283.0000	215.5840
8.8737	26	282.0000	216.0880
9.2150	27	288.0000	216.5920
9.5563	28	290.0000	217.0960
9.8976	29	298.0000	217.6000
10.2389	30	309.0000	218.1040
10.5802	31	305.0000	218.6080
10.9215	32	315.0000	219.1120
11.2628	33	320.0000	219.6160
11.6041	34	328.0000	220.1200
11.9454	35	345.0000	220.6240
12.2867	36	343.0000	221.1280
12.6280	37	371.0000	221.6320
12.9693	38	387.0000	222.1360
13.3106	39	407.0000	222.6400
13.6519	40	431.0000	223.1440
13.9932	41	455.0000	223.6480
14.3345	42	485.0000	224.1520
14.6758	43	517.0000	224.6560
15.0171	44	551.0000	225.1600
15.3584	45	581.0000	225.6640
15.6997	46	623.0000	226.1680
16.0410	47	649.0000	226.6720
16.3823	48	681.0000	227.1760
16.7235	49	694.0000	227.6800
17.0648	50	721.0000	228.1840
17.4061	51	740.0000	228.6880
17.7474	52	731.0000	229.1920
18.0887	53	758.0000	229.6960
18.4300	54	738.0000	230.2000
18.7713	55	744.0000	230.7040
19.1126	56	741.0000	231.2080
19.4539	57	739.0000	231.7120
19.7952	58	732.0000	232.2160
20.1365	59	747.0000	232.7200
20.4778	60	741.0000	233.2240
20.8191	61	720.0000	233.7280
21.1604	62	712.0000	234.2320
21.5017	63	718.0000	234.7360
21.8430	64	703.0000	235.2400
22.1843	65	715.0000	235.7440
22.5256	66	697.0000	236.2480
22.8669	67	689.0000	236.7520
23.2082	68	679.0000	237.2560
23.5495	69	685.0000	237.7600
23.8908	70	659.0000	238.2640
24.2321	71	646.0000	238.7680
24.9147	73	643.0000	239.2720
25.2560	74	650.0000	239.7760
25.5973	75	658.0000	240.2800
25.9386	76	646.0000	240.7840
26.2799	77	644.0000	241.2880
26.6212	78	641.0000	241.7920
26.9625	79	638.0000	242.2960
27.3038	80	634.0000	242.8000
27.6451	81	621.0000	243.3040
27.9863	82	631.0000	243.8080
28.3276	83	621.0000	244.3120
28.6689	84	606.0000	244.8160
29.0102	85	623.0000	245.3200
29.3515	86	597.0000	245.8240
29.6928	87	613.0000	246.3280
30.0341	88	599.0000	246.8320
30.3754	89	598.0000	247.3360
30.7167	90	592.0000	247.8400
31.0580	91	590.0000	248.3440
31.3993	92	578.0000	248.8480
31.7406	93	593.0000	249.3520
32.0819	94	576.0000	249.8560
32.4232	95	590.0000	250.3600
32.7645	96	574.0000	250.8640
33.1058	97	586.0000	251.3680
33.4471	98	583.0000	251.8720
33.7884	99	580.0000	252.3760
34.1297	100	580.0000	252.8800
34.8123	102	593.0000	253.3840
35.1536	103	575.0000	253.8880
35.4949	104	578.0000	254.3920
35.8362	105	585.0000	254.8960
36.1775	106	582.0000	255.4000
36.5188	107	581.0000	255.9040
36.8601	108	581.0000	256.4080
37.2014	109	587.0000	256.9120
37.5427	110	582.0000	257.4160
37.8840	111	576.0000	257.9200
38.2253	112	577.0000	258.4240
38.5666	113	590.0000	258.9280
38.9078	114	586.0000	259.4320
39.2491	115	571.0000	259.9360
39.5904	116	581.0000	260.4400
39.9317	117	573.0000	260.9440
40.2730	118	579.0000	261.4480
40.6143	119	578.0000	261.9520
40.9556	120	565.0000	262.4560
41.2969	121	554.0000	262.9600
41.6382	122	563.0000	263.4640
41.9795	123	558.0000	263.9680
42.3208	124	556.0000	264.4720
42.6621	125	569.0000	264.9760
43.0034	126	561.0000	265.4800
43.3447	127	559.0000	265.9840
43.6860	128	564.0000	266.4880
44.0273	129	566.0000	266.9920
44.3686	130	558.0000	267.4960
45.0512	132	557.0000	268.0000
45.3925	133	569.0000	268.5040
45.7338	134	568.0000	269.0080
46.0751	135	558.0000	269.5120
46.4164	136	563.0000	270.0160
46.7577	137	560.0000	270.5200
47.0990	138	554.0000	271.0240
47.4403	139	558.0000	271.5280
47.7816	140	563.0000	272.0320
48.1229	141	560.0000	272.5360
48.4642	142	543.0000	273.0400
48.8055	143	549.0000	273.5440
49.1468	144	547.0000	274.0480
49.4881	145	541.0000	274.5520
49.8294	146	543.0000	275.0560
50.1706	147	556.0000	275.5600
50.5119	148	548.0000	276.0640
50.8532	149	540.0000	276.5680
51.1945	150	550.0000	277.0720
51.5358	151	543.0000	277.5760
51.8771	152	541.0000	278.0800
52.2184	153	552.0000	278.5840
52.5597	154	556.0000	279.0880
52.9010	155	547.0000	279.5920
53.2423	156	559.0000	280.0960
53.5836	157	564.0000	280.6000
53.9249	158	557.0000	281.1040
54.2662	159	554.0000	281.6080
54.9488	161	561.0000	282.1120
55.2901	162	569.0000	282.6160
55.6314	163	570.0000	283.1200
55.9727	164	554.0000	283.6240
56.3140	165	574.0000	284.1280
56.6553	166	566.0000	284.6320
56.9966	167	570.0000	285.1360
57.3379	168	574.0000	285.6400
57.6792	169	597.0000	286.1440
58.0205	170	609.0000	286.6480
58.3618	171	615.0000	287.1520
58.7031	172	631.0000	287.6560
59.0444	173	649.0000	288.1600
59.3857	174	655.0000	288.6640
59.7270	175	656.0000	289.1680
60.0683	176	654.0000	289.6720
60.4096	177	645.0000	290.1760
60.7509	178	618.0000	290.6800
61.0922	179	598.0000	291.1840
61.4334	180	570.0000	291.6880
61.7747	181	553.0000	292.1920
62.1160	182	531.0000	292.6960
62.4573	183	521.0000	293.2000
62.7986	184	503.0000	293.7040
63.1399	185	505.0000	294.2080
63.4812	186	506.0000	294.7120
63.8225	187	500.0000	295.2160
64.1638	188	508.0000	295.7200
64.5051	189	507.0000	296.2240
64.8464	190	503.0000	296.7280
65.1877	191	523.0000	297.2320
65.5290	192	516.0000	297.7360
65.8703	193	513.0000	298.2400
66.2116	194	522.0000	298.7440
66.5529	195	519.0000	299.2480
66.8942	196	521.0000	299.7520
67.2355	197	530.0000	300.2560
67.5768	198	522.0000	300.7600
67.9181	199	526.0000	301.2640
68.2594	200	518.0000	301.7680
68.6007	201	519.0000	302.2720
68.9420	202	515.0000	302.7760
69.2833	203	511.0000	303.2800
69.9659	205	507.0000	303.7840
70.3072	206	498.0000	304.2880
70.6485	207	498.0000	304.7920
70.9898	208	487.0000	305.2960
71.3311	209	484.0000	305.8000
71.6724	210	475.0000	306.3040
72.0137	211	478.0000	306.8080
72.3549	212	468.0000	307.3120
72.6962	213	468.0000	307.8160
73.0375	214	464.0000	308.3200
73.3788	215	460.0000	308.8240
73.7201	216	458.0000	309.3280
74.0614	217	446.0000	309.8320
74.4027	218	443.0000	310.3360
74.7440	219	438.0000	310.8400
75.0853	220	432.0000	311.3440
75.4266	221	420.0000	311.8480
75.7679	222	413.0000	312.3520
76.1092	223	419.0000	312.8560
76.4505	224	410.0000	313.3600
76.7918	225	411.0000	313.8640
77.1331	226	401.0000	314.3680
77.4744	227	396.0000	314.8720
77.8157	228	392.0000	315.3760
78.1570	229	389.0000	315.8800
78.4983	230	387.0000	316.3840
78.8396	231	381.0000	316.8880
79.1809	232	379.0000	317.3920
79.5222	233	373.0000	317.8960
79.8635	234	368.0000	318.4000
80.2048	235	363.0000	318.9040
80.5461	236	359.0000	319.4080
80.8874	237	359.0000	319.9120
81.2287	238	356.0000	320.4160
81.5700	239	347.0000	320.9200
81.9113	240	351.0000	321.4240
82.2526	241	346.0000	321.9280
82.5939	242	344.0000	322.4320
82.9352	243	341.0000	322.9360
83.2765	244	340.0000	323.4400
83.6177	245	335.0000	323.9440
83.9590	246	337.0000	324.4480
84.3003	247	331.0000	324.9520
84.6416	248	334.0000	325.4560
84.9829	249	325.0000	325.9600
85.3242	250	329.0000	326.4640
85.6655	251	335.0000	326.9680
86.0068	252	329.0000	327.4720
86.3481	253	327.0000	327.9760
86.6894	254	322.0000	328.4800
87.0307	255	330.0000	328.9840
87.3720	256	322.0000	329.4880
87.7133	257	328.0000	329.9920
88.0546	258	325.0000	330.4960
88.3959	259	331.0000	331.0000
88.7372	260	328.0000	330.9524
89.0785	261	324.0000	330.9048
89.4198	262	324.0000	330.8571
89.7611	263	326.0000	330.8095
90.1024	264	324.0000	330.7619
90.4437	265	331.0000	330.7143
90.7850	266	333.0000	330.6667
91.1263	267	328.0000	330.6190
91.4676	268	332.0000	330.5714
91.8089	269	329.0000	330.5238
92.1502	270	332.0000	330.4762
92.4915	271	327.0000	330.4286
92.8328	272	332.0000	330.3810
93.1741	273	331.0000	330.3333
93.5154	274	331.0000	330.2857
93.8567	275	328.0000	330.2381
94.1980	276	332.0000	330.1905
94.5392	277	329.0000	330.1429
94.8805	278	331.0000	330.0952
95.2218	279	330.0000	330.0476
95.5631	280	330.0000	330.0000
95.9044	281	332.0000	330.1111
96.2457	282	332.0000	330.2222
96.5870	283	331.0000	330.3333
96.9283	284	331.0000	330.4445
97.2696	285	330.0000	330.5555
97.6109	286	328.0000	330.6667
97.9522	287	332.0000	330.7778
98.2935	288	332.0000	330.8889
98.6348	289	331.0000	331.0000
---------- 5: r1_b5 ----------
Offset(%)	Offset(pix)	Profile	Background
1.3652	4	190.0000	190.0000
1.7065	5	209.0000	190.5859
2.0478	6	243.0000	191.1718
2.3891	7	261.0000	191.7577
2.7304	8	240.0000	192.3436
3.0717	9	218.0000	192.9295
3.4130	10	231.0000	193.5154
3.7543	11	244.0000	194.1013
4.0956	12	241.0000	194.6872
4.4369	13	244.0000	195.2731
4.7782	14	241.0000	195.8590
5.1195	15	241.0000	196.4449
5.4608	16	239.0000	197.0308
5.8020	17	243.0000	197.6167
6.1433	18	243.0000	198.2026
6.4846	19	242.0000	198.7885
6.8259	20	242.0000	199.3745
7.1672	21	246.0000	199.9604
7.5085	22	246.0000	200.5462
7.8498	23	251.0000	201.1322
8.1911	24	253.0000	201.7181
8.5324	25	252.0000	202.3040
8.8737	26	256.0000	202.8899
9.2150	27	264.0000	203.4758
9.5563	28	265.0000	204.0617
9.8976	29	264.0000	204.6476
10.2389	30	270.0000	205.2335
10.5802	31	268.0000	205.8194
10.9215	32	273.0000	206.4053
11.2628	33	273.0000	206.9912
11.6041	34	280.0000	207.5771
11.9454	35	279.0000	208.1630
12.2867	36	287.0000	208.7489
12.6280	37	291.0000	209.3348
12.9693	38	300.0000	209.9207
13.3106	39	303.0000	210.5066
13.6519	40	312.0000	211.0925
13.9932	41	322.0000	211.6784
14.3345	42	333.0000	212.2643
14.6758	43	346.0000	212.8502
15.0171	44	366.0000	213.4361
15.3584	45	378.0000	214.0220
15.6997	46	401.0000	214.6079
16.0410	47	429.0000	215.1938
16.3823	48	443.0000	215.7797
16.7235	49	458.0000	216.3656
17.0648	50	478.0000	216.9515
17.4061	51	492.0000	217.5374
17.7474	52	490.0000	218.1234
18.0887	53	488.0000	218.7093
18.4300	54	494.0000	219.2952
18.7713	55	491.0000	219.8811
19.1126	56	497.0000	220.4670
19.4539	57	503.0000	221.0529
19.7952	58	492.0000	221.6388
20.1365	59	495.0000	222.2247
20.4778	60	486.0000	222.8106
20.8191	61	486.0000	223.3965
21.1604	62	490.0000	223.9824
21.5017	63	484.0000	224.5683
21.8430	64	489.0000	225.1542
22.1843	65	482.0000	225.7401
22.5256	66	476.0000	226.3260
22.8669	67	486.0000	226.9119
23.2082	68	481.0000	227.4978
23.5495	69	472.0000	228.0837
23.8908	70	481.0000	228.6696
24.2321	71	468.0000	229.2555
24.9147	73	473.0000	229.8414
25.2560	74	470.0000	230.4273
25.5973	75	468.0000	231.0132
25.9386	76	467.0000	231.5991
26.2799	77	466.0000	232.1850
26.6212	78	459.0000	232.7709
26.9625	79	453.0000	233.3568
27.3038	80	447.0000	233.9427
27.6451	81	451.0000	234.5286
27.9863	82	450.0000	235.1145
28.3276	83	443.0000	235.7004
28.6689	84	446.0000	236.2863
29.0102	85	435.0000	236.8723
29.3515	86	447.0000	237.4581
29.6928	87	454.0000	238.0441
30.0341	88	445.0000	238.6300
30.3754	89	440.0000	239.2159
30.7167	90	452.0000	239.8018
31.0580	91	448.0000	240.3877
31.3993	92	444.0000	240.9736
31.7406	93	447.0000	241.5595
32.0819	94	443.0000	242.1454
32.4232	95	440.0000	242.7313
32.7645	96	452.0000	243.3172
33.1058	97	437.0000	243.9031
33.4471	98	440.0000	244.4890
33.7884	99	443.0000	245.0749
34.1297	100	442.0000	245.6608
34.8123	102	446.0000	246.2467
35.1536	103	446.0000	246.8326
35.4949	104	453.0000	247.4185
35.8362	105	447.0000	248.0044
36.1775	106	452.0000	248.5903
36.5188	107	453.0000	249.1762
36.8601	108	451.0000	249.7621
37.2014	109	443.0000	250.3480
37.5427	110	448.0000	250.9339
37.8840	111	459.0000	251.5198
38.2253	112	458.0000	252.1057
38.5666	113	445.0000	252.6916
38.9078	114	451.0000	253.2775
39.2491	115	445.0000	253.8634
39.5904	116	457.0000	254.4493
39.9317	117	457.0000	255.0352
40.2730	118	450.0000	255.6212
40.6143	119	446.0000	256.2070
40.9556	120	453.0000	256.7930
41.2969	121	445.0000	257.3788
41.6382	122	443.0000	257.9648
41.9795	123	449.0000	258.5507
42.3208	124	448.0000	259.1366
42.6621	125	443.0000	259.7225
43.0034	126	446.0000	260.3084
43.3447	127	450.0000	260.8943
43.6860	128	447.0000	261.4802
44.0273	129	446.0000	262.0661
44.3686	130	445.0000	262.6520
45.0512	132	449.0000	263.2379
45.3925	133	443.0000	263.8238
45.7338	134	453.0000	264.4097
46.0751	135	438.0000	264.9956
46.4164	136	442.0000	265.5815
46.7577	137	450.0000	266.1674
47.0990	138	444.0000	266.7533
47.4403	139	442.0000	267.3392
47.7816	140	445.0000	267.9251
48.1229	141	443.0000	268.5110
48.4642	142	451.0000	269.0969
48.8055	143	448.0000	269.6828
49.1468	144	452.0000	270.2687
49.4881	145	452.0000	270.8546
49.8294	146	450.0000	271.4405
50.1706	147	447.0000	272.0264
50.5119	148	454.0000	272.6123
50.8532	149	448.0000	273.1982
51.1945	150	446.0000	273.7841
51.5358	151	451.0000	274.3701
51.8771	152	458.0000	274.9559
52.2184	153	451.0000	275.5418
52.5597	154	455.0000	276.1277
52.9010	155	447.0000	276.7137
53.2423	156	451.0000	277.2996
53.5836	157	449.0000	277.8855
53.9249	158	447.0000	278.4714
54.2662	159	451.0000	279.0573
54.9488	161	462.0000	279.6432
55.2901	162	457.0000	280.2291
55.6314	163	458.0000	280.8150
55.9727	164	450.0000	281.4009
56.3140	165	458.0000	281.9868
56.6553	166	463.0000	282.5727
56.9966	167	473.0000	283.1586
57.3379	168	471.0000	283.7445
57.6792	169	465.0000	284.3304
58.0205	170	478.0000	284.9163
58.3618	171	492.0000	285.5022
58.7031	172	488.0000	286.0881
59.0444	173	497.0000	286.6740
59.3857	174	495.0000	287.2599
59.7270	175	501.0000	287.8458
60.0683	176	492.0000	288.4317
60.4096	177	478.0000	289.0176
60.7509	178	461.0000	289.6035
61.0922	179	449.0000	290.1894
61.4334	180	433.0000	290.7753
61.7747	181	430.0000	291.3612
62.1160	182	412.0000	291.9471
62.4573	183	403.0000	292.5331
62.7986	184	387.0000	293.1190
63.1399	185	380.0000	293.7048
63.4812	186	378.0000	294.2907
63.8225	187	367.0000	294.8766
64.1638	188	374.0000	295.4626
64.5051	189	368.0000	296.0485
64.8464	190	375.0000	296.6344
65.1877	191	372.0000	297.2203
65.5290	192	373.0000	297.8062
65.8703	193	369.0000	298.3921
66.2116	194	369.0000	298.9780
66.5529	195	371.0000	299.5639
66.8942	196	370.0000	300.1498
67.2355	197	370.0000	300.7357
67.5768	198	366.0000	301.3216
67.9181	199	360.0000	301.9075
68.2594	200	362.0000	302.4934
68.6007	201	358.0000	303.0793
68.9420	202	359.0000	303.6652
69.2833	203	359.0000	304.2511
69.9659	205	354.0000	304.8370
70.3072	206	351.0000	305.4229
70.6485	207	350.0000	306.0088
70.9898	208	341.0000	306.5947
71.3311	209	348.0000	307.1806
71.6724	210	349.0000	307.7665
72.0137	211	350.0000	308.3524
72.3549	212	338.0000	308.9383
72.6962	213	340.0000	309.5242
73.0375	214	341.0000	310.1101
73.3788	215	343.0000	310.6960
73.7201	216	333.0000	311.2819
74.0614	217	342.0000	311.8679
74.4027	218	336.0000	312.4537
74.7440	219	337.0000	313.0396
75.0853	220	335.0000	313.6255
75.4266	221	340.0000	314.2115
75.7679	222	341.0000	314.7974
76.1092	223	338.0000	315.3833
76.4505	224	337.0000	315.9692
76.7918	225	338.0000	316.5551
77.1331	226	336.0000	317.1410
77.4744	227	333.0000	317.7269
77.8157	228	330.0000	318.3128
78.1570	229	329.0000	318.8987
78.4983	230	334.0000	319.4846
78.8396	231	333.0000	320.0705
79.1809	232	326.0000	320.6564
79.5222	233	328.0000	321.2423
79.8635	234	331.0000	321.8282
80.2048	235	328.0000	322.4141
80.5461	236	323.0000	323.0000
80.8874	237	322.0000	323.1111
81.2287	238	321.0000	323.2222
81.5700	239	323.0000	323.3333
81.9113	240	318.0000	323.4445
82.2526	241	318.0000	323.5555
82.5939	242	319.0000	323.6667
82.9352	243	317.0000	323.7778
83.2765	244	316.0000	323.8889
83.6177	245	320.0000	324.0000
83.9590	246	320.0000	324.1111
84.3003	247	315.0000	324.2222
84.6416	248	314.0000	324.3333
84.9829	249	314.0000	324.4445
85.3242	250	313.0000	324.5555
85.6655	251	315.0000	324.6667
86.0068	252	318.0000	324.7778
86.3481	253	313.0000	324.8889
86.6894	254	313.0000	325.0000
87.0307	255	311.0000	325.1111
87.3720	256	312.0000	325.2222
87.7133	257	312.0000	325.3333
88.0546	258	315.0000	325.4445
88.3959	259	314.0000	325.5555
88.7372	260	317.0000	325.6667
89.0785	261	311.0000	325.7778
89.4198	262	318.0000	325.8889
89.7611	263	319.0000	326.0000
90.1024	264	319.0000	326.1111
90.4437	265	317.0000	326.2222
90.7850	266	316.0000	326.3333
91.1263	267	323.0000	326.4445
91.4676	268	317.0000	326.5555
91.8089	269	319.0000	326.6667
92.1502	270	321.0000	326.7778
92.4915	271	318.0000	326.8889
92.8328	272	319.0000	327.0000
93.1741	273	316.0000	327.1111
93.5154	274	325.0000	327.2222
93.8567	275	322.0000	327.3333
94.1980	276	320.0000	327.4445
94.5392	277	326.0000	327.5555
94.8805	278	326.0000	327.6667
95.2218	279	323.0000	327.7778
95.5631	280	325.0000	327.8889
95.9044	281	328.0000	328.0000
96.2457	282	327.0000	327.5000
96.5870	283	330.0000	327.0000
96.9283	284	329.0000	326.5000
97.2696	285	327.0000	326.0000
97.6109	286	328.0000	325.5000
97.9522	287	321.0000	325.0000
98.2935	288	328.0000	324.5000
98.6348	289	324.0000	324.0000
---------- 6: r1_b6 ----------
Offset(%)	Offset(pix)	Profile	Background
1.3652	4	198.0000	198.0000
1.7065	5	237.0000	199.7553
2.0478	6	251.0000	201.5106
2.3891	7	239.0000	203.2660
2.7304	8	220.0000	205.0213
3.0717	9	227.0000	206.7766
3.4130	10	243.0000	208.5319
3.7543	11	245.0000	210.2872
4.0956	12	239.0000	212.0426
4.4369	13	241.0000	213.7979
4.7782	14	236.0000	215.5532
5.1195	15	238.0000	217.3085
5.4608	16	236.0000	219.0638
5.8020	17	240.0000	220.8192
6.1433	18	237.0000	222.5745
6.4846	19	237.0000	224.3298
6.8259	20	241.0000	226.0851
7.1672	21	240.0000	227.8404
7.5085	22	241.0000	229.5957
7.8498	23	247.0000	231.3511
8.1911	24	249.0000	233.1064
8.5324	25	256.0000	234.8617
8.8737	26	252.0000	236.6170
9.2150	27	258.0000	238.3723
9.5563	28	262.0000	240.1277
9.8976	29	265.0000	241.8830
10.2389	30	270.0000	243.6383
10.5802	31	270.0000	245.3936
10.9215	32	273.0000	247.1489
11.2628	33	281.0000	248.9043
11.6041	34	281.0000	250.6596
11.9454	35	287.0000	252.4149
12.2867	36	290.0000	254.1702
12.6280	37	293.0000	255.9255
12.9693	38	298.0000	257.6808
13.3106	39	302.0000	259.4362
13.6519	40	305.0000	261.1915
13.9932	41	323.0000	262.9468
14.3345	42	331.0000	264.7021
14.6758	43	351.0000	266.4575
15.0171	44	369.0000	268.2128
15.3584	45	387.0000	269.9681
15.6997	46	407.0000	271.7234
16.0410	47	415.0000	273.4787
16.3823	48	437.0000	275.2340
16.7235	49	443.0000	276.9894
17.0648	50	471.0000	278.7447
17.4061	51	481.0000	280.5000
17.7474	52	498.0000	282.2553
18.0887	53	513.0000	284.0106
18.4300	54	506.0000	285.7660
18.7713	55	525.0000	287.5213
19.1126	56	529.0000	289.2766
19.4539	57	534.0000	291.0319
19.7952	58	541.0000	292.7872
20.1365	59	540.0000	294.5425
20.4778	60	547.0000	296.2979
20.8191	61	551.0000	298.0532
21.1604	62	544.0000	299.8085
21.5017	63	534.0000	301.5638
21.8430	64	540.0000	303.3192
22.1843	65	544.0000	305.0745
22.5256	66	535.0000	306.8298
23.2082	68	545.0000	308.5851
23.5495	69	533.0000	310.3404
23.8908	70	540.0000	312.0957
24.2321	71	541.0000	313.8511
24.5734	72	544.0000	315.6064
24.9147	73	548.0000	317.3617
25.2560	74	539.0000	319.1170
25.5973	75	550.0000	320.8723
25.9386	76	542.0000	322.6277
26.2799	77	546.0000	324.3830
26.6212	78	540.0000	326.1383
26.9625	79	546.0000	327.8936
27.3038	80	543.0000	329.6489
27.6451	81	545.0000	331.4042
27.9863	82	547.0000	333.1596
28.3276	83	537.0000	334.9149
28.6689	84	540.0000	336.6702
29.0102	85	532.0000	338.4255
29.6928	87	549.0000	340.1808
30.0341	88	563.0000	341.9362
30.3754	89	578.0000	343.6915
30.7167	90	547.0000	345.4468
31.0580	91	544.0000	347.2021
31.3993	92	540.0000	348.9575
31.7406	93	530.0000	350.7128
32.0819	94	534.0000	352.4681
32.4232	95	540.0000	354.2234
32.7645	96	534.0000	355.9787
33.1058	97	530.0000	357.7340
33.4471	98	526.0000	359.4894
33.7884	99	537.0000	361.2447
34.1297	100	532.0000	363.0000
34.4710	101	531.0000	364.7553
34.8123	102	521.0000	366.5106
35.1536	103	526.0000	368.2660
35.4949	104	539.0000	370.0213
35.8362	105	537.0000	371.7766
36.5188	107	536.0000	373.5319
36.8601	108	535.0000	375.2872
37.2014	109	545.0000	377.0425
37.5427	110	542.0000	378.7979
37.8840	111	542.0000	380.5532
38.2253	112	550.0000	382.3085
38.5666	113	550.0000	384.0638
38.9078	114	541.0000	385.8192
39.2491	115	543.0000	387.5745
39.5904	116	546.0000	389.3298
39.9317	117	541.0000	391.0851
40.2730	118	550.0000	392.8404
40.6143	119	550.0000	394.5958
40.9556	120	556.0000	396.3511
41.2969	121	546.0000	398.1064
41.6382	122	538.0000	399.8617
41.9795	123	551.0000	401.6170
42.3208	124	553.0000	403.3723
42.6621	125	561.0000	405.1277
43.0034	126	545.0000	406.8830
43.3447	127	542.0000	408.6383
43.6860	128	543.0000	410.3936
44.0273	129	559.0000	412.1489
44.3686	130	543.0000	413.9042
44.7099	131	563.0000	415.6596
45.0512	132	552.0000	417.4149
45.3925	133	549.0000	419.1702
45.7338	134	550.0000	420.9255
46.0751	135	555.0000	422.6808
46.4164	136	559.0000	424.4362
46.7577	137	564.0000	426.1915
47.0990	138	555.0000	427.9468
47.4403	139	551.0000	429.7021
47.7816	140	559.0000	431.4575
48.1229	141	558.0000	433.2128
48.4642	142	561.0000	434.9681
48.8055	143	571.0000	436.7234
49.1468	144	561.0000	438.4787
49.8294	146	573.0000	440.2340
50.1706	147	559.0000	441.9894
50.5119	148	570.0000	443.7447
50.8532	149	569.0000	445.5000
51.1945	150	564.0000	447.2553
51.5358	151	573.0000	449.0106
51.8771	152	575.0000	450.7660
52.2184	153	589.0000	452.5213
52.5597	154	586.0000	454.2766
52.9010	155	595.0000	456.0319
53.2423	156	586.0000	457.7872
53.5836	157	592.0000	459.5425
53.9249	158	599.0000	461.2979
54.2662	159	599.0000	463.0532
54.6075	160	612.0000	464.8085
54.9488	161	614.0000	466.5638
55.2901	162	616.0000	468.3192
55.6314	163	622.0000	470.0745
55.9727	164	618.0000	471.8298
56.3140	165	631.0000	473.5851
56.6553	166	644.0000	475.3404
56.9966	167	644.0000	477.0957
57.3379	168	652.0000	478.8511
57.6792	169	662.0000	480.6064
58.0205	170	681.0000	482.3617
58.3618	171	701.0000	484.1170
58.7031	172	710.0000	485.8723
59.0444	173	720.0000	487.6277
59.3857	174	743.0000	489.3830
59.7270	175	762.0000	491.1383
60.0683	176	770.0000	492.8936
60.4096	177	749.0000	494.6489
60.7509	178	727.0000	496.4043
61.0922	179	698.0000	498.1596
61.4334	180	663.0000	499.9149
61.7747	181	632.0000	501.6702
62.1160	182	610.0000	503.4255
62.4573	183	586.0000	505.1808
62.7986	184	573.0000	506.9362
63.1399	185	573.0000	508.6915
63.4812	186	553.0000	510.4468
63.8225	187	550.0000	512.2021
64.1638	188	560.0000	513.9575
64.8464	190	550.0000	515.7128
65.1877	191	546.0000	517.4681
65.5290	192	545.0000	519.2234
65.8703	193	546.0000	520.9788
66.2116	194	540.0000	522.7340
66.5529	195	531.0000	524.4894
66.8942	196	531.0000	526.2447
67.2355	197	528.0000	528.0000
67.5768	198	540.0000	525.5647
67.9181	199	529.0000	523.1294
68.2594	200	534.0000	520.6941
68.6007	201	520.0000	518.2589
68.9420	202	523.0000	515.8235
69.2833	203	518.0000	513.3882
69.6246	204	514.0000	510.9529
69.9659	205	506.0000	508.5176
70.3072	206	514.0000	506.0824
70.6485	207	509.0000	503.6471
70.9898	208	502.0000	501.2118
71.3311	209	488.0000	498.7765
71.6724	210	488.0000	496.3412
72.0137	211	480.0000	493.9059
72.3549	212	473.0000	491.4706
72.6962	213	471.0000	489.0353
73.0375	214	468.0000	486.6000
73.3788	215	458.0000	484.1647
73.7201	216	454.0000	481.7294
74.0614	217	452.0000	479.2941
74.7440	219	448.0000	476.8588
75.0853	220	435.0000	474.4235
75.4266	221	429.0000	471.9882
75.7679	222	427.0000	469.5529
76.1092	223	419.0000	467.1176
76.4505	224	415.0000	464.6823
76.7918	225	413.0000	462.2471
77.1331	226	412.0000	459.8118
77.4744	227	401.0000	457.3765
77.8157	228	406.0000	454.9412
78.1570	229	394.0000	452.5059
78.4983	230	387.0000	450.0706
78.8396	231	381.0000	447.6353
79.1809	232	380.0000	445.2000
79.5222	233	373.0000	442.7647
79.8635	234	368.0000	440.3294
80.2048	235	367.0000	437.8941
80.5461	236	366.0000	435.4588
80.8874	237	360.0000	433.0235
81.2287	238	358.0000	430.5882
81.5700	239	358.0000	428.1530
81.9113	240	353.0000	425.7177
82.2526	241	355.0000	423.2823
82.5939	242	350.0000	420.8470
82.9352	243	346.0000	418.4118
83.2765	244	348.0000	415.9765
83.6177	245	343.0000	413.5412
83.9590	246	341.0000	411.1059
84.3003	247	343.0000	408.6706
84.6416	248	341.0000	406.2353
84.9829	249	340.0000	403.8000
85.3242	250	335.0000	401.3647
85.6655	251	338.0000	398.9294
86.0068	252	338.0000	396.4941
86.3481	253	333.0000	394.0588
86.6894	254	335.0000	391.6235
87.0307	255	334.0000	389.1882
87.3720	256	330.0000	386.7529
87.7133	257	327.0000	384.3176
88.0546	258	326.0000	381.8824
88.3959	259	328.0000	379.4471
88.7372	260	325.0000	377.0118
89.0785	261	325.0000	374.5765
89.4198	262	329.0000	372.1412
89.7611	263	323.0000	369.7059
90.1024	264	322.0000	367.2706
90.4437	265	321.0000	364.8353
90.7850	266	321.0000	362.4000
91.1263	267	319.0000	359.9647
91.4676	268	316.0000	357.5294
91.8089	269	320.0000	355.0941
92.1502	270	319.0000	352.6588
92.4915	271	320.0000	350.2235
92.8328	272	316.0000	347.7882
93.1741	273	314.0000	345.3529
93.5154	274	320.0000	342.9177
93.8567	275	319.0000	340.4824
94.1980	276	318.0000	338.0471
94.5392	277	322.0000	335.6118
94.8805	278	320.0000	333.1765
95.2218	279	320.0000	330.7412
95.5631	280	318.0000	328.3059
95.9044	281	319.0000	325.8706
96.2457	282	323.0000	323.4353
96.5870	283	321.0000	321.0000
96.9283	284	317.0000	320.8333
97.2696	285	322.0000	320.6667
97.6109	286	319.0000	320.5000
97.9522	287	318.0000	320.3333
98.2935	288	317.0000	320.1667
98.6348	289	320.0000	320.0000
---------- 7: r1_b7 ----------
Offset(%)	Offset(pix)	Profile	Background
1.0239	3	199.0000	199.0000
1.3652	4	215.0000	200.4609
1.7065	5	232.0000	201.9217
2.0478	6	236.0000	203.3826
2.3891	7	212.0000	204.8435
2.7304	8	215.0000	206.3044
3.0717	9	223.0000	207.7652
3.4130	10	230.0000	209.2261
3.7543	11	236.0000	210.6870
4.0956	12	235.0000	212.1478
4.4369	13	233.0000	213.6087
4.7782	14	232.0000	215.0696
5.1195	15	234.0000	216.5304
5.4608	16	232.0000	217.9913
5.8020	17	235.0000	219.4522
6.1433	18	233.0000	220.9130
6.4846	19	232.0000	222.3739
6.8259	20	232.0000	223.8348
7.1672	21	238.0000	225.2957
7.5085	22	238.0000	226.7565
7.8498	23	241.0000	228.2174
8.1911	24	245.0000	229.6783
8.5324	25	246.0000	231.1391
8.8737	26	253.0000	232.6000
9.2150	27	251.0000	234.0609
9.5563	28	254.0000	235.5217
9.8976	29	256.0000	236.9826
10.2389	30	259.0000	238.4435
10.5802	31	252.0000	239.9043
10.9215	32	260.0000	241.3652
11.2628	33	252.0000	242.8261
11.6041	34	260.0000	244.2870
11.9454	35	260.0000	245.7478
12.2867	36	263.0000	247.2087
12.6280	37	263.0000	248.6696
12.9693	38	264.0000	250.1304
13.3106	39	263.0000	251.5913
13.6519	40	274.0000	253.0522
13.9932	41	273.0000	254.5130
14.3345	42	279.0000	255.9739
14.6758	43	290.0000	257.4348
15.0171	44	294.0000	258.8957
15.3584	45	306.0000	260.3565
15.6997	46	313.0000	261.8174
16.0410	47	308.0000	263.2783
16.3823	48	326.0000	264.7391
16.7235	49	332.0000	266.2000
17.0648	50	334.0000	267.6609
17.4061	51	334.0000	269.1217
17.7474	52	336.0000	270.5826
18.0887	53	337.0000	272.0435
18.4300	54	344.0000	273.5043
18.7713	55	342.0000	274.9652
19.1126	56	348.0000	276.4261
19.4539	57	341.0000	277.8870
19.7952	58	346.0000	279.3478
20.1365	59	339.0000	280.8087
20.4778	60	348.0000	282.2696
20.8191	61	355.0000	283.7304
21.1604	62	343.0000	285.1913
21.5017	63	350.0000	286.6522
22.1843	65	352.0000	288.1130
22.5256	66	349.0000	289.5739
22.8669	67	347.0000	291.0348
23.2082	68	337.0000	292.4957
23.5495	69	347.0000	293.9565
23.8908	70	345.0000	295.4174
24.2321	71	343.0000	296.8783
24.5734	72	342.0000	298.3391
24.9147	73	346.0000	299.8000
25.2560	74	346.0000	301.2609
25.5973	75	340.0000	302.7217
25.9386	76	341.0000	304.1826
26.2799	77	341.0000	305.6435
26.6212	78	339.0000	307.1043
27.3038	80	340.0000	308.5652
27.6451	81	340.0000	310.0261
27.9863	82	337.0000	311.4869
28.3276	83	340.0000	312.9478
28.6689	84	340.0000	314.4087
29.0102	85	330.0000	315.8696
29.3515	86	337.0000	317.3304
29.6928	87	338.0000	318.7913
30.0341	88	342.0000	320.2522
30.3754	89	336.0000	321.7130
30.7167	90	344.0000	323.1739
31.0580	91	342.0000	324.6348
31.3993	92	343.0000	326.0956
31.7406	93	341.0000	327.5565
32.4232	95	339.0000	329.0174
32.7645	96	347.0000	330.4783
33.1058	97	348.0000	331.9391
33.4471	98	348.0000	333.4000
33.7884	99	342.0000	334.8609
34.1297	100	349.0000	336.3217
34.4710	101	349.0000	337.7826
34.8123	102	356.0000	339.2435
35.1536	103	356.0000	340.7043
35.4949	104	351.0000	342.1652
35.8362	105	356.0000	343.6261
36.1775	106	349.0000	345.0870
36.5188	107	356.0000	346.5478
36.8601	108	352.0000	348.0087
37.5427	110	354.0000	349.4695
37.8840	111	361.0000	350.9304
38.2253	112	360.0000	352.3913
38.5666	113	357.0000	353.8522
38.9078	114	354.0000	355.3130
39.2491	115	365.0000	356.7739
39.5904	116	365.0000	358.2348
39.9317	117	364.0000	359.6956
40.2730	118	362.0000	361.1565
40.6143	119	361.0000	362.6174
40.9556	120	360.0000	364.0782
41.2969	121	363.0000	365.5391
41.6382	122	367.0000	367.0000
41.9795	123	363.0000	366.7188
42.3208	124	365.0000	366.4375
42.6621	125	370.0000	366.1563
43.0034	126	373.0000	365.8750
43.3447	127	369.0000	365.5938
43.6860	128	369.0000	365.3125
44.0273	129	369.0000	365.0313
44.3686	130	374.0000	364.7500
44.7099	131	372.0000	364.4688
45.0512	132	370.0000	364.1875
45.3925	133	367.0000	363.9063
45.7338	134	368.0000	363.6250
46.0751	135	374.0000	363.3438
46.4164	136	379.0000	363.0625
46.7577	137	377.0000	362.7813
47.0990	138	373.0000	362.5000
47.4403	139	369.0000	362.2188
47.7816	140	373.0000	361.9375
48.1229	141	376.0000	361.6563
48.4642	142	368.0000	361.3750
48.8055	143	372.0000	361.0938
49.1468	144	377.0000	360.8125
49.4881	145	377.0000	360.5313
49.8294	146	377.0000	360.2500
50.1706	147	388.0000	359.9688
50.5119	148	380.0000	359.6875
50.8532	149	382.0000	359.4063
51.1945	150	382.0000	359.1250
51.5358	151	379.0000	358.8438
51.8771	152	377.0000	358.5625
52.2184	153	387.0000	358.2813
52.5597	154	385.0000	358.0000
52.9010	155	387.0000	357.7188
53.2423	156	385.0000	357.4375
53.5836	157	384.0000	357.1563
53.9249	158	390.0000	356.8750
54.2662	159	386.0000	356.5938
54.6075	160	388.0000	356.3125
54.9488	161	387.0000	356.0313
55.2901	162	390.0000	355.7500
55.6314	163	394.0000	355.4688
55.9727	164	397.0000	355.1875
56.3140	165	395.0000	354.9063
56.6553	166	399.0000	354.6250
56.9966	167	399.0000	354.3438
57.3379	168	399.0000	354.0625
57.6792	169	405.0000	353.7813
58.0205	170	402.0000	353.5000
58.3618	171	409.0000	353.2188
58.7031	172	412.0000	352.9375
59.0444	173	417.0000	352.6563
59.3857	174	427.0000	352.3750
59.7270	175	428.0000	352.0938
60.0683	176	431.0000	351.8125
60.4096	177	426.0000	351.5313
60.7509	178	422.0000	351.2500
61.0922	179	417.0000	350.9688
61.4334	180	407.0000	350.6875
61.7747	181	399.0000	350.4063
62.1160	182	391.0000	350.1250
62.4573	183	389.0000	349.8438
62.7986	184	392.0000	349.5625
63.1399	185	383.0000	349.2813
63.4812	186	379.0000	349.0000
63.8225	187	384.0000	348.7188
64.1638	188	380.0000	348.4375
64.8464	190	384.0000	348.1563
65.1877	191	384.0000	347.8750
65.5290	192	386.0000	347.5938
65.8703	193	395.0000	347.3125
66.2116	194	391.0000	347.0313
66.5529	195	390.0000	346.7500
66.8942	196	392.0000	346.4688
67.2355	197	396.0000	346.1875
67.5768	198	402.0000	345.9063
67.9181	199	397.0000	345.6250
68.2594	200	402.0000	345.3438
68.6007	201	400.0000	345.0625
68.9420	202	399.0000	344.7813
69.2833	203	400.0000	344.5000
69.6246	204	399.0000	344.2188
69.9659	205	395.0000	343.9375
70.3072	206	400.0000	343.6563
70.6485	207	393.0000	343.3750
70.9898	208	393.0000	343.0938
71.3311	209	392.0000	342.8125
71.6724	210	382.0000	342.5313
72.0137	211	390.0000	342.2500
72.3549	212	386.0000	341.9688
72.6962	213	388.0000	341.6875
73.0375	214	381.0000	341.4063
73.3788	215	381.0000	341.1250
73.7201	216	382.0000	340.8438
74.0614	217	378.0000	340.5625
74.7440	219	376.0000	340.2813
75.0853	220	368.0000	340.0000
75.4266	221	370.0000	339.7188
75.7679	222	375.0000	339.4375
76.1092	223	370.0000	339.1563
76.4505	224	370.0000	338.8750
76.7918	225	363.0000	338.5938
77.1331	226	367.0000	338.3125
77.4744	227	364.0000	338.0313
77.8157	228	362.0000	337.7500
78.1570	229	362.0000	337.4688
78.4983	230	358.0000	337.1875
78.8396	231	353.0000	336.9063
79.1809	232	357.0000	336.6250
79.5222	233	354.0000	336.3438
79.8635	234	356.0000	336.0625
80.2048	235	352.0000	335.7813
80.5461	236	348.0000	335.5000
80.8874	237	353.0000	335.2188
81.2287	238	351.0000	334.9375
81.5700	239	355.0000	334.6563
81.9113	240	346.0000	334.3750
82.2526	241	351.0000	334.0938
82.5939	242	347.0000	333.8125
82.9352	243	348.0000	333.5313
83.2765	244	349.0000	333.2500
83.6177	245	347.0000	332.9688
83.9590	246	345.0000	332.6875
84.3003	247	348.0000	332.4063
84.6416	248	347.0000	332.1250
84.9829	249	345.0000	331.8438
85.3242	250	341.0000	331.5625
85.6655	251	344.0000	331.2813
86.0068	252	345.0000	331.0000
86.3481	253	344.0000	330.7188
86.6894	254	341.0000	330.4375
87.0307	255	340.0000	330.1563
87.3720	256	338.0000	329.8750
87.7133	257	337.0000	329.5938
88.0546	258	337.0000	329.3125
88.3959	259	338.0000	329.0313
88.7372	260	329.0000	328.7500
89.0785	261	334.0000	328.4688
89.4198	262	328.0000	328.1875
89.7611	263	330.0000	327.9063
90.1024	264	326.0000	327.6250
90.4437	265	327.0000	327.3438
90.7850	266	329.0000	327.0625
91.1263	267	324.0000	326.7813
91.4676	268	326.0000	326.5000
91.8089	269	328.0000	326.2188
92.1502	270	323.0000	325.9375
92.4915	271	327.0000	325.6563
92.8328	272	330.0000	325.3750
93.1741	273	323.0000	325.0938
93.5154	274	326.0000	324.8125
93.8567	275	326.0000	324.5313
94.1980	276	328.0000	324.2500
94.5392	277	332.0000	323.9688
94.8805	278	325.0000	323.6875
95.2218	279	325.0000	323.4063
95.5631	280	331.0000	323.1250
95.9044	281	327.0000	322.8438
96.2457	282	326.0000	322.5625
96.5870	283	327.0000	322.2813
96.9283	284	322.0000	322.0000
97.2696	285	327.0000	322.8000
97.6109	286	330.0000	323.6000
97.9522	287	327.0000	324.4000
98.2935	288	326.0000	325.2000
98.6348	289	326.0000	326.0000
---------- 8: r1_b8 ----------
Offset(%)	Offset(pix)	Profile	Background
1.0239	3	217.0000	217.0000
1.3652	4	223.0000	216.4000
1.7065	5	230.0000	215.8000
2.0478	6	244.0000	215.2000
2.3891	7	244.0000	214.6000
2.7304	8	214.0000	214.0000
3.0717	9	227.0000	215.3333
3.4130	10	238.0000	216.6667
3.7543	11	241.0000	218.0000
4.0956	12	243.0000	219.3333
4.4369	13	239.0000	220.6667
4.7782	14	244.0000	222.0000
5.1195	15	242.0000	223.3333
5.4608	16	242.0000	224.6667
5.8020	17	242.0000	226.0000
6.1433	18	241.0000	227.3333
6.4846	19	241.0000	228.6667
6.8259	20	240.0000	230.0000
7.1672	21	242.0000	231.3333
7.5085	22	246.0000	232.6667
7.8498	23	245.0000	234.0000
8.1911	24	248.0000	235.3333
8.5324	25	250.0000	236.6667
8.8737	26	250.0000	238.0000
9.2150	27	251.0000	239.3333
9.5563	28	250.0000	240.6667
9.8976	29	248.0000	242.0000
10.2389	30	249.0000	243.3333
10.5802	31	250.0000	244.6667
10.9215	32	253.0000	246.0000
11.2628	33	256.0000	247.3333
11.6041	34	256.0000	248.6667
11.9454	35	249.0000	250.0000
12.2867	36	252.0000	251.3333
12.6280	37	251.0000	252.6667
12.9693	38	252.0000	254.0000
13.3106	39	254.0000	255.3333
13.6519	40	254.0000	256.6667
13.9932	41	257.0000	258.0000
14.3345	42	256.0000	259.3333
14.6758	43	266.0000	260.6667
15.0171	44	269.0000	262.0000
15.3584	45	268.0000	263.3333
15.6997	46	273.0000	264.6667
16.0410	47	289.0000	266.0000
16.3823	48	288.0000	267.3333
16.7235	49	293.0000	268.6667
17.0648	50	311.0000	270.0000
17.4061	51	301.0000	271.3333
17.7474	52	290.0000	272.6667
18.0887	53	313.0000	274.0000
18.4300	54	305.0000	275.3333
18.7713	55	314.0000	276.6667
19.1126	56	301.0000	278.0000
19.4539	57	317.0000	279.3333
19.7952	58	304.0000	280.6667
20.1365	59	315.0000	282.0000
20.4778	60	324.0000	283.3333
20.8191	61	317.0000	284.6667
21.1604	62	324.0000	286.0000
21.5017	63	321.0000	287.3333
22.1843	65	321.0000	288.6667
22.5256	66	322.0000	290.0000
22.8669	67	327.0000	291.3333
23.2082	68	317.0000	292.6667
23.5495	69	323.0000	294.0000
23.8908	70	324.0000	295.3333
24.2321	71	321.0000	296.6667
24.5734	72	310.0000	298.0000
24.9147	73	320.0000	299.3333
25.2560	74	317.0000	300.6667
25.5973	75	323.0000	302.0000
25.9386	76	312.0000	303.3333
26.2799	77	327.0000	304.6667
26.6212	78	315.0000	306.0000
27.3038	80	317.0000	307.3333
27.6451	81	324.0000	308.6667
27.9863	82	326.0000	310.0000
28.3276	83	321.0000	311.3333
28.6689	84	321.0000	312.6667
29.0102	85	321.0000	314.0000
29.3515	86	325.0000	315.3333
29.6928	87	326.0000	316.6667
30.0341	88	318.0000	318.0000
30.3754	89	323.0000	318.5000
30.7167	90	324.0000	319.0000
31.0580	91	321.0000	319.5000
31.3993	92	328.0000	320.0000
31.7406	93	323.0000	320.5000
32.4232	95	325.0000	321.0000
32.7645	96	324.0000	321.5000
33.1058	97	319.0000	322.0000
33.4471	98	327.0000	322.5000
33.7884	99	332.0000	323.0000
34.1297	100	321.0000	323.5000
34.4710	101	324.0000	324.0000
34.8123	102	331.0000	324.5000
35.1536	103	329.0000	325.0000
35.4949	104	327.0000	325.5000
35.8362	105	331.0000	326.0000
36.1775	106	329.0000	326.5000
36.5188	107	321.0000	327.0000
36.8601	108	331.0000	327.5000
37.5427	110	337.0000	328.0000
37.8840	111	329.0000	328.5000
38.2253	112	341.0000	329.0000
38.5666	113	336.0000	329.5000
38.9078	114	345.0000	330.0000
39.2491	115	336.0000	330.5000
39.5904	116	337.0000	331.0000
39.9317	117	334.0000	331.5000
40.2730	118	338.0000	332.0000
40.6143	119	342.0000	332.5000
40.9556	120	343.0000	333.0000
41.2969	121	342.0000	333.5000
41.6382	122	341.0000	334.0000
41.9795	123	338.0000	334.5000
42.3208	124	335.0000	335.0000
42.6621	125	343.0000	334.9290
43.0034	126	350.0000	334.8581
43.3447	127	341.0000	334.7871
43.6860	128	342.0000	334.7161
44.0273	129	344.0000	334.6452
44.3686	130	346.0000	334.5742
44.7099	131	345.0000	334.5032
45.0512	132	347.0000	334.4323
45.3925	133	346.0000	334.3613
45.7338	134	348.0000	334.2903
46.0751	135	348.0000	334.2194
46.4164	136	345.0000	334.1484
46.7577	137	347.0000	334.0774
47.0990	138	346.0000	334.0064
47.4403	139	350.0000	333.9355
47.7816	140	343.0000	333.8645
48.1229	141	352.0000	333.7935
48.4642	142	352.0000	333.7226
48.8055	143	348.0000	333.6516
49.1468	144	348.0000	333.5807
49.4881	145	345.0000	333.5097
49.8294	146	347.0000	333.4387
50.1706	147	348.0000	333.3677
50.5119	148	346.0000	333.2968
50.8532	149	345.0000	333.2258
51.1945	150	345.0000	333.1548
51.5358	151	350.0000	333.0839
51.8771	152	356.0000	333.0129
52.2184	153	348.0000	332.9419
52.5597	154	349.0000	332.8710
52.9010	155	353.0000	332.8000
53.2423	156	351.0000	332.7290
53.5836	157	351.0000	332.6581
53.9249	158	355.0000	332.5871
54.2662	159	352.0000	332.5161
54.6075	160	355.0000	332.4452
54.9488	161	354.0000	332.3742
55.2901	162	354.0000	332.3032
55.6314	163	354.0000	332.2323
55.9727	164	357.0000	332.1613
56.3140	165	356.0000	332.0903
56.6553	166	353.0000	332.0193
56.9966	167	352.0000	331.9484
57.3379	168	354.0000	331.8774
57.6792	169	358.0000	331.8065
58.0205	170	357.0000	331.7355
58.3618	171	363.0000	331.6645
58.7031	172	364.0000	331.5935
59.0444	173	361.0000	331.5226
59.3857	174	371.0000	331.4516
59.7270	175	368.0000	331.3806
60.0683	176	370.0000	331.3097
60.4096	177	369.0000	331.2387
60.7509	178	369.0000	331.1678
61.0922	179	376.0000	331.0968
61.4334	180	366.0000	331.0258
61.7747	181	361.0000	330.9548
62.1160	182	363.0000	330.8839
62.4573	183	359.0000	330.8129
62.7986	184	357.0000	330.7419
63.1399	185	348.0000	330.6710
63.4812	186	351.0000	330.6000
63.8225	187	346.0000	330.5290
64.1638	188	344.0000	330.4581
64.8464	190	351.0000	330.3871
65.1877	191	353.0000	330.3161
65.5290	192	348.0000	330.2451
65.8703	193	353.0000	330.1742
66.2116	194	353.0000	330.1032
66.5529	195	355.0000	330.0323
66.8942	196	365.0000	329.9613
67.2355	197	362.0000	329.8903
67.5768	198	356.0000	329.8194
67.9181	199	358.0000	329.7484
68.2594	200	364.0000	329.6774
68.6007	201	359.0000	329.6064
68.9420	202	366.0000	329.5355
69.2833	203	358.0000	329.4645
69.6246	204	360.0000	329.3936
69.9659	205	359.0000	329.3226
70.3072	206	358.0000	329.2516
70.6485	207	360.0000	329.1806
70.9898	208	357.0000	329.1097
71.3311	209	361.0000	329.0387
71.6724	210	354.0000	328.9677
72.0137	211	357.0000	328.8968
72.3549	212	355.0000	328.8258
72.6962	213	359.0000	328.7549
73.0375	214	360.0000	328.6839
73.3788	215	356.0000	328.6129
73.7201	216	357.0000	328.5419
74.0614	217	356.0000	328.4710
74.7440	219	350.0000	328.4000
75.0853	220	350.0000	328.3290
75.4266	221	353.0000	328.2581
75.7679	222	352.0000	328.1871
76.1092	223	348.0000	328.1161
76.4505	224	355.0000	328.0452
76.7918	225	345.0000	327.9742
77.1331	226	347.0000	327.9032
77.4744	227	350.0000	327.8322
77.8157	228	346.0000	327.7613
78.1570	229	347.0000	327.6903
78.4983	230	340.0000	327.6194
78.8396	231	341.0000	327.5484
79.1809	232	345.0000	327.4774
79.5222	233	344.0000	327.4065
79.8635	234	345.0000	327.3355
80.2048	235	345.0000	327.2645
80.5461	236	344.0000	327.1935
80.8874	237	343.0000	327.1226
81.2287	238	344.0000	327.0516
81.5700	239	344.0000	326.9807
81.9113	240	342.0000	326.9097
82.2526	241	349.0000	326.8387
82.5939	242	346.0000	326.7677
82.9352	243	347.0000	326.6968
83.2765	244	346.0000	326.6258
83.6177	245	345.0000	326.5548
83.9590	246	345.0000	326.4839
84.3003	247	343.0000	326.4129
84.6416	248	349.0000	326.3419
84.9829	249	351.0000	326.2710
85.3242	250	353.0000	326.2000
85.6655	251	350.0000	326.1290
86.0068	252	351.0000	326.0581
86.3481	253	351.0000	325.9871
86.6894	254	347.0000	325.9161
87.0307	255	343.0000	325.8452
87.3720	256	344.0000	325.7742
87.7133	257	341.0000	325.7032
88.0546	258	341.0000	325.6323
88.3959	259	337.0000	325.5613
88.7372	260	338.0000	325.4903
89.0785	261	338.0000	325.4193
89.4198	262	335.0000	325.3484
89.7611	263	338.0000	325.2774
90.1024	264	332.0000	325.2065
90.4437	265	331.0000	325.1355
90.7850	266	332.0000	325.0645
91.1263	267	329.0000	324.9936
91.4676	268	328.0000	324.9226
91.8089	269	331.0000	324.8516
92.1502	270	329.0000	324.7806
92.4915	271	328.0000	324.7097
92.8328	272	326.0000	324.6387
93.1741	273	326.0000	324.5677
93.5154	274	328.0000	324.4968
93.8567	275	330.0000	324.4258
94.1980	276	326.0000	324.3548
94.5392	277	328.0000	324.2839
94.8805	278	324.0000	324.2129
95.2218	279	324.0000	324.1419
95.5631	280	328.0000	324.0710
95.9044	281	324.0000	324.0000
96.2457	282	323.0000	325.1250
96.5870	283	328.0000	326.2500
96.9283	284	327.0000	327.3750
97.2696	285	327.0000	328.5000
97.6109	286	327.0000	329.6250
97.9522	287	325.0000	330.7500
98.2935	288	323.0000	331.8750
98.6348	289	333.0000	333.0000
