---------- 1: r1_d1 ----------
Offset(%)	Offset(pix)	Profile	Background
1.0453	3	878.0000	878.0000
1.3937	4	626.0000	588.0000
1.7422	5	298.0000	298.0000
2.0906	6	318.0000	297.7191
2.4390	7	500.0000	297.4382
2.7875	8	955.0000	297.1573
3.1359	9	954.0000	296.8764
3.4843	10	686.0000	296.5955
3.8328	11	590.0000	296.3146
4.1812	12	548.0000	296.0337
4.5296	13	514.0000	295.7528
4.8780	14	498.0000	295.4719
5.2265	15	474.0000	295.1910
5.5749	16	463.0000	294.9101
5.9233	17	454.0000	294.6292
6.2718	18	440.0000	294.3483
6.6202	19	427.0000	294.0674
6.9686	20	427.0000	293.7865
7.3171	21	424.0000	293.5056
7.6655	22	426.0000	293.2247
8.0139	23	438.0000	292.9438
8.3624	24	438.0000	292.6629
8.7108	25	446.0000	292.3820
9.0592	26	442.0000	292.1011
9.4077	27	444.0000	291.8202
9.7561	28	434.0000	291.5393
10.1045	29	443.0000	291.2584
10.4530	30	445.0000	290.9775
10.8014	31	457.0000	290.6966
11.1498	32	451.0000	290.4157
11.4983	33	473.0000	290.1348
11.8467	34	489.0000	289.8539
12.1951	35	513.0000	289.5730
12.5436	36	547.0000	289.2921
12.8920	37	614.0000	289.0112
13.2404	38	716.0000	288.7303
13.5889	39	823.0000	288.4494
13.9373	40	1002.0000	288.1685
14.2857	41	1023.0000	287.8876
14.6341	42	1023.0000	287.6068
14.9826	43	1023.0000	287.3258
15.3310	44	1023.0000	287.0450
15.6794	45	1023.0000	286.7640
16.0279	46	1023.0000	286.4832
16.3763	47	1023.0000	286.2022
16.7247	48	1023.0000	285.9214
17.0732	49	1023.0000	285.6404
17.4216	50	943.0000	285.3596
17.7700	51	830.0000	285.0786
18.1185	52	735.0000	284.7978
18.4669	53	659.0000	284.5168
18.8153	54	595.0000	284.2360
19.1638	55	546.0000	283.9550
19.5122	56	512.0000	283.6742
19.8606	57	479.0000	283.3932
20.2091	58	447.0000	283.1124
20.5575	59	430.0000	282.8315
20.9059	60	420.0000	282.5506
21.2544	61	407.0000	282.2697
21.6028	62	392.0000	281.9888
21.9512	63	374.0000	281.7079
22.2997	64	360.0000	281.4270
22.6481	65	356.0000	281.1461
22.9965	66	347.0000	280.8652
23.3449	67	339.0000	280.5843
23.6934	68	335.0000	280.3034
24.0418	69	324.0000	280.0225
24.3902	70	325.0000	279.7416
24.7387	71	313.0000	279.4607
25.0871	72	315.0000	279.1798
25.4355	73	308.0000	278.8989
25.7840	74	308.0000	278.6180
26.1324	75	302.0000	278.3371
26.4808	76	301.0000	278.0562
26.8293	77	293.0000	277.7753
27.1777	78	292.0000	277.4944
27.5261	79	287.0000	277.2135
27.8746	80	288.0000	276.9326
28.2230	81	285.0000	276.6517
28.5714	82	282.0000	276.3708
28.9199	83	286.0000	276.0899
29.2683	84	283.0000	275.8090
29.6167	85	281.0000	275.5281
29.9652	86	277.0000	275.2472
30.3136	87	278.0000	274.9663
30.6620	88	279.0000	274.6854
31.0105	89	278.0000	274.4045
31.3589	90	275.0000	274.1236
31.7073	91	273.0000	273.8427
32.0557	92	277.0000	273.5618
32.4042	93	276.0000	273.2809
32.7526	94	273.0000	273.0000
33.1010	95	275.0000	273.3333
33.4495	96	276.0000	273.6667
33.7979	97	276.0000	274.0000
34.1463	98	274.0000	274.3333
34.4948	99	273.0000	274.6667
34.8432	100	277.0000	275.0000
35.1916	101	274.0000	275.3333
35.5401	102	275.0000	275.6667
35.8885	103	277.0000	276.0000
36.2369	104	275.0000	276.3333
36.5854	105	275.0000	276.6667
36.9338	106	275.0000	277.0000
37.2822	107	277.0000	277.3333
37.6307	108	279.0000	277.6667
37.9791	109	280.0000	278.0000
38.3275	110	274.0000	278.3333
38.6760	111	280.0000	278.6667
39.0244	112	279.0000	279.0000
39.3728	113	278.0000	279.3333
39.7213	114	280.0000	279.6667
40.0697	115	279.0000	280.0000
40.4181	116	279.0000	280.3333
40.7666	117	282.0000	280.6667
41.1150	118	280.0000	281.0000
41.4634	119	282.0000	281.3333
41.8118	120	282.0000	281.6667
42.1603	121	282.0000	282.0000
42.5087	122	284.0000	282.5278
42.8571	123	282.0000	283.0555
43.2056	124	281.0000	283.5833
43.5540	125	284.0000	284.1111
43.9024	126	282.0000	284.6389
44.2509	127	286.0000	285.1667
44.5993	128	286.0000	285.6945
44.9477	129	286.0000	286.2222
45.2962	130	290.0000	286.7500
45.6446	131	288.0000	287.2778
45.9930	132	288.0000	287.8055
46.3415	133	291.0000	288.3333
46.6899	134	291.0000	288.8611
47.0383	135	295.0000	289.3889
47.3868	136	293.0000	289.9167
47.7352	137	295.0000	290.4445
48.0836	138	294.0000	290.9722
48.4321	139	296.0000	291.5000
48.7805	140	300.0000	292.0278
49.1289	141	300.0000	292.5555
49.4774	142	296.0000	293.0833
49.8258	143	298.0000	293.6111
50.1742	144	297.0000	294.1389
50.5226	145	295.0000	294.6667
50.8711	146	292.0000	295.1945
51.2195	147	292.0000	295.7222
51.5679	148	293.0000	296.2500
51.9164	149	294.0000	296.7778
52.2648	150	292.0000	297.3055
52.6132	151	296.0000	297.8333
52.9617	152	295.0000	298.3611
53.3101	153	299.0000	298.8889
53.6585	154	296.0000	299.4167
54.0070	155	296.0000	299.9445
54.3554	156	299.0000	300.4722
54.7038	157	301.0000	301.0000
55.0523	158	300.0000	301.2632
55.4007	159	298.0000	301.5263
55.7491	160	300.0000	301.7895
56.0976	161	304.0000	302.0526
56.4460	162	302.0000	302.3158
56.7944	163	301.0000	302.5789
57.1429	164	300.0000	302.8421
57.4913	165	302.0000	303.1053
57.8397	166	303.0000	303.3684
58.1882	167	301.0000	303.6316
58.5366	168	306.0000	303.8947
58.8850	169	302.0000	304.1579
59.2334	170	305.0000	304.4211
59.5819	171	303.0000	304.6842
59.9303	172	303.0000	304.9474
60.2787	173	303.0000	305.2105
60.6272	174	303.0000	305.4737
60.9756	175	309.0000	305.7368
61.3240	176	311.0000	306.0000
61.6725	177	305.0000	306.2632
62.0209	178	310.0000	306.5263
62.3693	179	310.0000	306.7895
62.7178	180	311.0000	307.0526
63.0662	181	306.0000	307.3158
63.4146	182	312.0000	307.5789
63.7631	183	310.0000	307.8421
64.1115	184	308.0000	308.1053
64.8084	186	310.0000	308.3684
65.1568	187	309.0000	308.6316
65.5052	188	311.0000	308.8947
65.8537	189	311.0000	309.1579
66.2021	190	311.0000	309.4211
66.5505	191	311.0000	309.6842
66.8990	192	309.0000	309.9474
67.2474	193	311.0000	310.2105
67.5958	194	310.0000	310.4737
67.9443	195	309.0000	310.7368
68.2927	196	311.0000	311.0000
68.6411	197	313.0000	311.2841
68.9895	198	309.0000	311.5682
69.3380	199	312.0000	311.8523
69.6864	200	311.0000	312.1364
70.0348	201	313.0000	312.4204
70.3833	202	313.0000	312.7046
70.7317	203	318.0000	312.9886
71.0801	204	312.0000	313.2727
71.4286	205	316.0000	313.5568
71.7770	206	315.0000	313.8409
72.1254	207	314.0000	314.1250
72.4739	208	314.0000	314.4091
72.8223	209	316.0000	314.6932
73.1707	210	324.0000	314.9773
73.5192	211	316.0000	315.2614
73.8676	212	318.0000	315.5454
74.2160	213	314.0000	315.8296
74.9129	215	318.0000	316.1136
75.2613	216	322.0000	316.3977
75.6098	217	320.0000	316.6818
75.9582	218	325.0000	316.9659
76.3066	219	322.0000	317.2500
76.6551	220	324.0000	317.5341
77.0035	221	330.0000	317.8182
77.3519	222	324.0000	318.1023
77.7003	223	329.0000	318.3864
78.0488	224	337.0000	318.6704
78.3972	225	338.0000	318.9546
78.7456	226	338.0000	319.2386
79.0941	227	342.0000	319.5227
79.4425	228	345.0000	319.8068
79.7909	229	340.0000	320.0909
80.1394	230	349.0000	320.3750
80.4878	231	340.0000	320.6591
80.8362	232	347.0000	320.9432
81.1847	233	357.0000	321.2273
81.5331	234	360.0000	321.5114
81.8815	235	353.0000	321.7954
82.2300	236	361.0000	322.0796
82.5784	237	368.0000	322.3636
82.9268	238	363.0000	322.6477
83.2753	239	368.0000	322.9318
83.6237	240	371.0000	323.2159
83.9721	241	369.0000	323.5000
84.3206	242	375.0000	323.7841
84.6690	243	379.0000	324.0682
85.0174	244	380.0000	324.3523
85.3659	245	377.0000	324.6364
85.7143	246	374.0000	324.9204
86.0627	247	380.0000	325.2046
86.4111	248	385.0000	325.4886
86.7596	249	384.0000	325.7727
87.1080	250	386.0000	326.0568
87.4564	251	376.0000	326.3409
87.8049	252	383.0000	326.6250
88.1533	253	382.0000	326.9091
88.5017	254	387.0000	327.1932
88.8502	255	376.0000	327.4773
89.1986	256	376.0000	327.7614
89.5470	257	375.0000	328.0454
89.8955	258	375.0000	328.3296
90.2439	259	372.0000	328.6136
90.5923	260	372.0000	328.8977
90.9408	261	370.0000	329.1818
91.2892	262	373.0000	329.4659
91.6376	263	365.0000	329.7500
91.9861	264	365.0000	330.0341
92.3345	265	369.0000	330.3182
92.6829	266	360.0000	330.6023
93.0314	267	361.0000	330.8864
93.3798	268	360.0000	331.1704
93.7282	269	356.0000	331.4546
94.0767	270	355.0000	331.7386
94.4251	271	354.0000	332.0227
94.7735	272	352.0000	332.3068
95.1220	273	353.0000	332.5909
95.4704	274	346.0000	332.8750
95.8188	275	346.0000	333.1591
96.1672	276	348.0000	333.4432
96.5157	277	345.0000	333.7273
96.8641	278	348.0000	334.0114
97.2125	279	344.0000	334.2954
97.5610	280	343.0000	334.5796
97.9094	281	339.0000	334.8636
98.2578	282	340.0000	335.1477
98.6063	283	339.0000	335.4318
98.9547	284	338.0000	335.7159
99.3031	285	336.0000	336.0000
99.6516	286	335.0000	335.0000
---------- 2: r1_d2 ----------
Offset(%)	Offset(pix)	Profile	Background
1.0453	3	300.0000	300.0000
1.3937	4	392.0000	296.6667
1.7422	5	322.0000	293.3333
2.0906	6	290.0000	290.0000
2.4390	7	321.0000	289.8571
2.7875	8	428.0000	289.7143
3.1359	9	430.0000	289.5714
3.4843	10	380.0000	289.4286
3.8328	11	339.0000	289.2857
4.1812	12	341.0000	289.1429
4.5296	13	332.0000	289.0000
4.8780	14	334.0000	288.8571
5.2265	15	330.0000	288.7143
5.5749	16	329.0000	288.5714
5.9233	17	323.0000	288.4286
6.2718	18	319.0000	288.2857
6.6202	19	321.0000	288.1429
6.9686	20	321.0000	288.0000
7.3171	21	326.0000	287.8571
7.6655	22	327.0000	287.7143
8.0139	23	330.0000	287.5714
8.3624	24	327.0000	287.4286
8.7108	25	337.0000	287.2857
9.0592	26	339.0000	287.1429
9.4077	27	335.0000	287.0000
9.7561	28	342.0000	286.8571
10.1045	29	339.0000	286.7143
10.4530	30	341.0000	286.5714
10.8014	31	342.0000	286.4286
11.1498	32	351.0000	286.2857
11.4983	33	355.0000	286.1429
11.8467	34	367.0000	286.0000
12.1951	35	388.0000	285.8571
12.5436	36	408.0000	285.7143
12.8920	37	450.0000	285.5714
13.2404	38	488.0000	285.4286
13.5889	39	539.0000	285.2857
13.9373	40	583.0000	285.1429
14.2857	41	652.0000	285.0000
14.6341	42	797.0000	284.8571
14.9826	43	1023.0000	284.7143
15.3310	44	1023.0000	284.5714
15.6794	45	1023.0000	284.4286
16.0279	46	1023.0000	284.2857
16.3763	47	1023.0000	284.1429
16.7247	48	1023.0000	284.0000
17.0732	49	944.0000	283.8571
17.4216	50	812.0000	283.7143
17.7700	51	736.0000	283.5714
18.1185	52	646.0000	283.4286
18.4669	53	576.0000	283.2857
18.8153	54	525.0000	283.1429
19.1638	55	489.0000	283.0000
19.5122	56	454.0000	282.8571
19.8606	57	436.0000	282.7143
20.2091	58	418.0000	282.5714
20.5575	59	403.0000	282.4286
20.9059	60	394.0000	282.2857
21.2544	61	366.0000	282.1429
21.6028	62	361.0000	282.0000
21.9512	63	356.0000	281.8571
22.2997	64	349.0000	281.7143
22.6481	65	339.0000	281.5714
22.9965	66	336.0000	281.4286
23.3449	67	330.0000	281.2857
23.6934	68	323.0000	281.1429
24.0418	69	325.0000	281.0000
24.3902	70	318.0000	280.8571
24.7387	71	318.0000	280.7143
25.0871	72	313.0000	280.5714
25.4355	73	312.0000	280.4286
25.7840	74	312.0000	280.2857
26.1324	75	299.0000	280.1429
26.4808	76	302.0000	280.0000
26.8293	77	302.0000	279.8571
27.1777	78	296.0000	279.7143
27.5261	79	293.0000	279.5714
27.8746	80	292.0000	279.4286
28.2230	81	291.0000	279.2857
28.5714	82	287.0000	279.1429
28.9199	83	288.0000	279.0000
29.2683	84	281.0000	278.8571
29.6167	85	286.0000	278.7143
29.9652	86	280.0000	278.5714
30.3136	87	283.0000	278.4286
30.6620	88	280.0000	278.2857
31.0105	89	280.0000	278.1429
31.3589	90	283.0000	278.0000
31.7073	91	280.0000	277.8571
32.0557	92	278.0000	277.7143
32.4042	93	274.0000	277.5714
32.7526	94	283.0000	277.4286
33.1010	95	278.0000	277.2857
33.4495	96	281.0000	277.1429
33.7979	97	277.0000	277.0000
34.1463	98	280.0000	277.1923
34.4948	99	277.0000	277.3846
34.8432	100	277.0000	277.5769
35.1916	101	276.0000	277.7692
35.5401	102	279.0000	277.9615
35.8885	103	281.0000	278.1538
36.2369	104	278.0000	278.3462
36.5854	105	282.0000	278.5385
36.9338	106	280.0000	278.7308
37.2822	107	279.0000	278.9231
37.6307	108	281.0000	279.1154
37.9791	109	282.0000	279.3077
38.3275	110	282.0000	279.5000
38.6760	111	280.0000	279.6923
39.0244	112	279.0000	279.8846
39.3728	113	283.0000	280.0769
39.7213	114	286.0000	280.2692
40.0697	115	284.0000	280.4615
40.4181	116	284.0000	280.6538
40.7666	117	284.0000	280.8462
41.1150	118	284.0000	281.0385
41.4634	119	283.0000	281.2308
41.8118	120	284.0000	281.4231
42.1603	121	287.0000	281.6154
42.5087	122	289.0000	281.8077
42.8571	123	282.0000	282.0000
43.2056	124	289.0000	282.3684
43.5540	125	285.0000	282.7368
43.9024	126	284.0000	283.1053
44.2509	127	286.0000	283.4737
44.5993	128	285.0000	283.8421
44.9477	129	287.0000	284.2105
45.2962	130	287.0000	284.5789
45.6446	131	291.0000	284.9474
45.9930	132	286.0000	285.3158
46.3415	133	286.0000	285.6842
46.6899	134	289.0000	286.0526
47.0383	135	290.0000	286.4211
47.3868	136	288.0000	286.7895
47.7352	137	290.0000	287.1579
48.0836	138	288.0000	287.5263
48.4321	139	295.0000	287.8947
48.7805	140	292.0000	288.2632
49.1289	141	294.0000	288.6316
49.4774	142	292.0000	289.0000
49.8258	143	292.0000	289.3684
50.1742	144	295.0000	289.7368
50.5226	145	293.0000	290.1053
50.8711	146	293.0000	290.4737
51.2195	147	297.0000	290.8421
51.5679	148	294.0000	291.2105
51.9164	149	294.0000	291.5789
52.2648	150	292.0000	291.9474
52.6132	151	294.0000	292.3158
52.9617	152	294.0000	292.6842
53.3101	153	299.0000	293.0526
53.6585	154	294.0000	293.4211
54.0070	155	296.0000	293.7895
54.3554	156	301.0000	294.1579
54.7038	157	299.0000	294.5263
55.0523	158	296.0000	294.8947
55.4007	159	297.0000	295.2632
55.7491	160	299.0000	295.6316
56.0976	161	296.0000	296.0000
56.4460	162	299.0000	296.3889
56.7944	163	301.0000	296.7778
57.1429	164	298.0000	297.1667
57.4913	165	297.0000	297.5555
57.8397	166	304.0000	297.9445
58.1882	167	304.0000	298.3333
58.5366	168	302.0000	298.7222
58.8850	169	298.0000	299.1111
59.2334	170	301.0000	299.5000
59.5819	171	304.0000	299.8889
59.9303	172	302.0000	300.2778
60.2787	173	304.0000	300.6667
60.6272	174	302.0000	301.0555
60.9756	175	304.0000	301.4445
61.3240	176	302.0000	301.8333
61.6725	177	304.0000	302.2222
62.0209	178	305.0000	302.6111
62.3693	179	308.0000	303.0000
62.7178	180	308.0000	303.3889
63.0662	181	307.0000	303.7778
63.4146	182	314.0000	304.1667
63.7631	183	308.0000	304.5555
64.1115	184	305.0000	304.9445
64.4599	185	306.0000	305.3333
64.8084	186	309.0000	305.7222
65.1568	187	311.0000	306.1111
65.5052	188	305.0000	306.5000
65.8537	189	308.0000	306.8889
66.2021	190	305.0000	307.2778
66.5505	191	307.0000	307.6667
66.8990	192	307.0000	308.0555
67.2474	193	309.0000	308.4445
67.5958	194	307.0000	308.8333
67.9443	195	311.0000	309.2222
68.2927	196	312.0000	309.6111
68.6411	197	310.0000	310.0000
68.9895	198	307.0000	310.4857
69.3380	199	313.0000	310.9714
70.0348	201	307.0000	311.4572
70.3833	202	312.0000	311.9429
70.7317	203	310.0000	312.4286
71.0801	204	310.0000	312.9143
71.4286	205	313.0000	313.4000
71.7770	206	315.0000	313.8857
72.1254	207	313.0000	314.3714
72.4739	208	312.0000	314.8571
72.8223	209	315.0000	315.3429
73.1707	210	313.0000	315.8286
73.5192	211	314.0000	316.3143
73.8676	212	316.0000	316.8000
74.2160	213	316.0000	317.2857
74.5645	214	312.0000	317.7714
74.9129	215	316.0000	318.2571
75.2613	216	322.0000	318.7429
75.6098	217	318.0000	319.2286
75.9582	218	316.0000	319.7143
76.3066	219	323.0000	320.2000
76.6551	220	320.0000	320.6857
77.0035	221	323.0000	321.1714
77.3519	222	321.0000	321.6571
77.7003	223	320.0000	322.1429
78.0488	224	326.0000	322.6286
78.3972	225	323.0000	323.1143
78.7456	226	324.0000	323.6000
79.0941	227	322.0000	324.0857
79.4425	228	326.0000	324.5714
79.7909	229	329.0000	325.0571
80.1394	230	331.0000	325.5428
80.4878	231	330.0000	326.0286
80.8362	232	329.0000	326.5143
81.1847	233	327.0000	327.0000
81.5331	234	327.0000	327.2791
81.8815	235	329.0000	327.5581
82.2300	236	333.0000	327.8372
82.5784	237	331.0000	328.1163
82.9268	238	333.0000	328.3954
83.2753	239	339.0000	328.6744
83.6237	240	335.0000	328.9535
83.9721	241	333.0000	329.2325
84.3206	242	339.0000	329.5116
84.6690	243	340.0000	329.7907
85.0174	244	337.0000	330.0698
85.3659	245	342.0000	330.3488
85.7143	246	343.0000	330.6279
86.0627	247	342.0000	330.9070
86.4111	248	338.0000	331.1860
86.7596	249	335.0000	331.4651
87.1080	250	337.0000	331.7442
87.4564	251	335.0000	332.0233
87.8049	252	339.0000	332.3023
88.1533	253	335.0000	332.5814
88.5017	254	331.0000	332.8605
88.8502	255	340.0000	333.1395
89.1986	256	337.0000	333.4186
89.5470	257	334.0000	333.6977
89.8955	258	335.0000	333.9767
90.2439	259	335.0000	334.2558
90.5923	260	338.0000	334.5349
90.9408	261	338.0000	334.8140
91.2892	262	335.0000	335.0930
91.6376	263	341.0000	335.3721
91.9861	264	345.0000	335.6512
92.3345	265	341.0000	335.9302
92.6829	266	336.0000	336.2093
93.0314	267	336.0000	336.4884
93.3798	268	340.0000	336.7675
93.7282	269	340.0000	337.0465
94.0767	270	338.0000	337.3256
94.4251	271	336.0000	337.6046
94.7735	272	336.0000	337.8837
95.1220	273	338.0000	338.1628
95.4704	274	335.0000	338.4419
95.8188	275	339.0000	338.7209
96.1672	276	339.0000	339.0000
96.5157	277	335.0000	339.4000
96.8641	278	340.0000	339.8000
97.2125	279	335.0000	340.2000
97.5610	280	337.0000	340.6000
97.9094	281	336.0000	341.0000
98.2578	282	340.0000	341.4000
98.6063	283	339.0000	341.8000
98.9547	284	340.0000	342.2000
99.3031	285	345.0000	342.6000
99.6516	286	343.0000	343.0000
---------- 3: r1_d3 ----------
Offset(%)	Offset(pix)	Profile	Background
1.0453	3	425.0000	425.0000
1.3937	4	426.0000	367.0000
1.7422	5	309.0000	309.0000
2.0906	6	315.0000	309.1532
2.4390	7	374.0000	309.3065
2.7875	8	528.0000	309.4597
3.1359	9	676.0000	309.6129
3.4843	10	626.0000	309.7661
3.8328	11	573.0000	309.9193
4.1812	12	547.0000	310.0726
4.5296	13	531.0000	310.2258
4.8780	14	512.0000	310.3790
5.2265	15	496.0000	310.5323
5.5749	16	493.0000	310.6855
5.9233	17	482.0000	310.8387
6.2718	18	481.0000	310.9919
6.6202	19	481.0000	311.1452
6.9686	20	484.0000	311.2984
7.3171	21	485.0000	311.4516
7.6655	22	485.0000	311.6048
8.0139	23	495.0000	311.7581
8.3624	24	505.0000	311.9113
8.7108	25	511.0000	312.0645
9.0592	26	513.0000	312.2177
9.4077	27	517.0000	312.3710
9.7561	28	541.0000	312.5242
10.1045	29	548.0000	312.6774
10.4530	30	571.0000	312.8307
10.8014	31	576.0000	312.9839
11.1498	32	582.0000	313.1371
11.4983	33	592.0000	313.2903
11.8467	34	623.0000	313.4435
12.1951	35	685.0000	313.5968
12.5436	36	736.0000	313.7500
12.8920	37	818.0000	313.9032
13.2404	38	913.0000	314.0565
13.5889	39	1023.0000	314.2097
13.9373	40	1023.0000	314.3629
14.2857	41	1023.0000	314.5161
14.6341	42	1023.0000	314.6693
14.9826	43	1023.0000	314.8226
15.3310	44	1023.0000	314.9758
15.6794	45	1023.0000	315.1290
16.0279	46	1023.0000	315.2823
16.3763	47	1023.0000	315.4355
16.7247	48	1023.0000	315.5887
17.0732	49	1023.0000	315.7419
17.4216	50	1023.0000	315.8952
17.7700	51	1023.0000	316.0484
18.1185	52	1023.0000	316.2016
18.4669	53	944.0000	316.3548
18.8153	54	854.0000	316.5081
19.1638	55	793.0000	316.6613
19.5122	56	736.0000	316.8145
19.8606	57	679.0000	316.9677
20.2091	58	639.0000	317.1210
20.5575	59	609.0000	317.2742
20.9059	60	574.0000	317.4274
21.2544	61	558.0000	317.5807
21.6028	62	535.0000	317.7339
21.9512	63	518.0000	317.8871
22.2997	64	504.0000	318.0403
22.6481	65	486.0000	318.1935
22.9965	66	471.0000	318.3468
23.3449	67	463.0000	318.5000
23.6934	68	449.0000	318.6532
24.0418	69	438.0000	318.8065
24.3902	70	434.0000	318.9597
24.7387	71	426.0000	319.1129
25.0871	72	416.0000	319.2661
25.4355	73	411.0000	319.4193
25.7840	74	405.0000	319.5726
26.1324	75	400.0000	319.7258
26.4808	76	397.0000	319.8790
26.8293	77	388.0000	320.0323
27.1777	78	386.0000	320.1855
27.5261	79	382.0000	320.3387
27.8746	80	379.0000	320.4919
28.2230	81	372.0000	320.6452
28.5714	82	370.0000	320.7984
28.9199	83	369.0000	320.9516
29.2683	84	367.0000	321.1048
29.6167	85	365.0000	321.2581
29.9652	86	361.0000	321.4113
30.3136	87	355.0000	321.5645
30.6620	88	350.0000	321.7177
31.0105	89	355.0000	321.8710
31.3589	90	351.0000	322.0242
31.7073	91	346.0000	322.1774
32.0557	92	351.0000	322.3307
32.4042	93	350.0000	322.4839
32.7526	94	347.0000	322.6371
33.1010	95	347.0000	322.7903
33.4495	96	345.0000	322.9435
33.7979	97	341.0000	323.0968
34.1463	98	341.0000	323.2500
34.4948	99	347.0000	323.4032
34.8432	100	338.0000	323.5565
35.1916	101	341.0000	323.7097
35.5401	102	342.0000	323.8629
35.8885	103	339.0000	324.0161
36.2369	104	338.0000	324.1693
36.5854	105	342.0000	324.3226
36.9338	106	341.0000	324.4758
37.2822	107	336.0000	324.6290
37.6307	108	336.0000	324.7823
37.9791	109	341.0000	324.9355
38.3275	110	342.0000	325.0887
38.6760	111	338.0000	325.2419
39.0244	112	334.0000	325.3952
39.3728	113	334.0000	325.5484
39.7213	114	337.0000	325.7016
40.0697	115	337.0000	325.8548
40.4181	116	334.0000	326.0081
40.7666	117	334.0000	326.1613
41.1150	118	333.0000	326.3145
41.4634	119	339.0000	326.4677
41.8118	120	337.0000	326.6210
42.1603	121	331.0000	326.7742
42.5087	122	333.0000	326.9274
42.8571	123	334.0000	327.0807
43.2056	124	334.0000	327.2339
43.5540	125	338.0000	327.3871
43.9024	126	334.0000	327.5403
44.2509	127	334.0000	327.6935
44.5993	128	340.0000	327.8468
44.9477	129	328.0000	328.0000
45.2962	130	332.0000	328.1961
45.6446	131	337.0000	328.3922
45.9930	132	334.0000	328.5882
46.3415	133	336.0000	328.7843
46.6899	134	335.0000	328.9804
47.0383	135	335.0000	329.1765
47.3868	136	337.0000	329.3726
47.7352	137	337.0000	329.5686
48.0836	138	336.0000	329.7647
48.4321	139	337.0000	329.9608
48.7805	140	337.0000	330.1569
49.1289	141	337.0000	330.3529
49.4774	142	331.0000	330.5490
49.8258	143	337.0000	330.7451
50.1742	144	340.0000	330.9412
50.5226	145	340.0000	331.1373
50.8711	146	338.0000	331.3333
51.2195	147	335.0000	331.5294
51.5679	148	337.0000	331.7255
51.9164	149	335.0000	331.9216
52.2648	150	336.0000	332.1176
52.6132	151	334.0000	332.3137
52.9617	152	341.0000	332.5098
53.3101	153	342.0000	332.7059
53.6585	154	340.0000	332.9019
54.0070	155	338.0000	333.0981
54.3554	156	337.0000	333.2941
54.7038	157	337.0000	333.4902
55.0523	158	335.0000	333.6863
55.4007	159	339.0000	333.8824
55.7491	160	337.0000	334.0784
56.0976	161	336.0000	334.2745
56.4460	162	343.0000	334.4706
56.7944	163	338.0000	334.6667
57.1429	164	336.0000	334.8627
57.4913	165	336.0000	335.0588
57.8397	166	340.0000	335.2549
58.1882	167	338.0000	335.4510
58.5366	168	341.0000	335.6471
58.8850	169	338.0000	335.8431
59.2334	170	339.0000	336.0392
59.5819	171	337.0000	336.2353
59.9303	172	335.0000	336.4314
60.2787	173	334.0000	336.6274
60.6272	174	338.0000	336.8235
60.9756	175	335.0000	337.0196
61.3240	176	335.0000	337.2157
61.6725	177	338.0000	337.4118
62.0209	178	334.0000	337.6078
62.3693	179	339.0000	337.8039
62.7178	180	338.0000	338.0000
63.0662	181	336.0000	338.4000
63.4146	182	333.0000	338.8000
63.7631	183	339.0000	339.2000
64.1115	184	340.0000	339.6000
64.4599	185	339.0000	340.0000
64.8084	186	335.0000	340.4000
65.1568	187	338.0000	340.8000
65.5052	188	334.0000	341.2000
65.8537	189	339.0000	341.6000
66.2021	190	339.0000	342.0000
66.5505	191	341.0000	342.4000
66.8990	192	340.0000	342.8000
67.2474	193	337.0000	343.2000
67.5958	194	341.0000	343.6000
67.9443	195	344.0000	344.0000
68.2927	196	339.0000	344.0454
68.6411	197	338.0000	344.0909
68.9895	198	336.0000	344.1364
69.3380	199	344.0000	344.1818
70.0348	201	341.0000	344.2273
70.3833	202	341.0000	344.2727
70.7317	203	341.0000	344.3182
71.0801	204	343.0000	344.3636
71.4286	205	343.0000	344.4091
71.7770	206	341.0000	344.4546
72.1254	207	343.0000	344.5000
72.4739	208	343.0000	344.5454
72.8223	209	341.0000	344.5909
73.1707	210	345.0000	344.6364
73.5192	211	338.0000	344.6818
73.8676	212	343.0000	344.7273
74.2160	213	345.0000	344.7727
74.5645	214	343.0000	344.8182
74.9129	215	346.0000	344.8636
75.2613	216	342.0000	344.9091
75.6098	217	346.0000	344.9546
75.9582	218	348.0000	345.0000
76.3066	219	346.0000	345.0454
76.6551	220	348.0000	345.0909
77.0035	221	347.0000	345.1364
77.3519	222	353.0000	345.1818
77.7003	223	351.0000	345.2273
78.0488	224	354.0000	345.2727
78.3972	225	354.0000	345.3182
78.7456	226	355.0000	345.3636
79.0941	227	354.0000	345.4091
79.4425	228	352.0000	345.4546
79.7909	229	360.0000	345.5000
80.1394	230	354.0000	345.5454
80.4878	231	364.0000	345.5909
80.8362	232	364.0000	345.6364
81.1847	233	365.0000	345.6818
81.5331	234	367.0000	345.7273
81.8815	235	369.0000	345.7727
82.2300	236	372.0000	345.8182
82.5784	237	377.0000	345.8636
82.9268	238	380.0000	345.9091
83.2753	239	381.0000	345.9546
83.6237	240	381.0000	346.0000
83.9721	241	386.0000	346.0454
84.3206	242	385.0000	346.0909
84.6690	243	378.0000	346.1364
85.0174	244	380.0000	346.1818
85.3659	245	378.0000	346.2273
85.7143	246	374.0000	346.2727
86.0627	247	380.0000	346.3182
86.4111	248	378.0000	346.3636
86.7596	249	380.0000	346.4091
87.1080	250	379.0000	346.4546
87.4564	251	377.0000	346.5000
87.8049	252	371.0000	346.5454
88.1533	253	376.0000	346.5909
88.5017	254	373.0000	346.6364
88.8502	255	371.0000	346.6818
89.1986	256	371.0000	346.7273
89.5470	257	371.0000	346.7727
89.8955	258	370.0000	346.8182
90.2439	259	375.0000	346.8636
90.5923	260	371.0000	346.9091
90.9408	261	371.0000	346.9546
91.2892	262	363.0000	347.0000
91.6376	263	366.0000	347.0454
91.9861	264	363.0000	347.0909
92.3345	265	369.0000	347.1364
92.6829	266	358.0000	347.1818
93.0314	267	365.0000	347.2273
93.3798	268	361.0000	347.2727
93.7282	269	367.0000	347.3182
94.0767	270	363.0000	347.3636
94.4251	271	357.0000	347.4091
94.7735	272	357.0000	347.4546
95.1220	273	356.0000	347.5000
95.4704	274	359.0000	347.5454
95.8188	275	356.0000	347.5909
96.1672	276	355.0000	347.6364
96.5157	277	355.0000	347.6818
96.8641	278	354.0000	347.7273
97.2125	279	349.0000	347.7727
97.5610	280	353.0000	347.8182
97.9094	281	349.0000	347.8636
98.2578	282	348.0000	347.9091
98.6063	283	346.0000	347.9546
98.9547	284	348.0000	348.0000
99.3031	285	345.0000	346.5000
99.6516	286	345.0000	345.0000
---------- 4: r1_d4 ----------
Offset(%)	Offset(pix)	Profile	Background
1.0453	3	260.0000	260.0000
1.3937	4	258.0000	252.6667
1.7422	5	247.0000	245.3333
2.0906	6	238.0000	238.0000
2.4390	7	258.0000	238.9684
2.7875	8	305.0000	239.9368
3.1359	9	343.0000	240.9053
3.4843	10	338.0000	241.8737
3.8328	11	334.0000	242.8421
4.1812	12	326.0000	243.8105
4.5296	13	328.0000	244.7789
4.8780	14	328.0000	245.7474
5.2265	15	322.0000	246.7158
5.5749	16	322.0000	247.6842
5.9233	17	325.0000	248.6526
6.2718	18	321.0000	249.6210
6.6202	19	323.0000	250.5895
6.9686	20	328.0000	251.5579
7.3171	21	328.0000	252.5263
7.6655	22	331.0000	253.4947
8.0139	23	331.0000	254.4632
8.3624	24	333.0000	255.4316
8.7108	25	332.0000	256.4000
9.0592	26	338.0000	257.3684
9.4077	27	337.0000	258.3369
9.7561	28	339.0000	259.3053
10.1045	29	351.0000	260.2737
10.4530	30	351.0000	261.2421
10.8014	31	355.0000	262.2105
11.1498	32	364.0000	263.1790
11.4983	33	377.0000	264.1474
11.8467	34	403.0000	265.1158
12.1951	35	410.0000	266.0842
12.5436	36	435.0000	267.0526
12.8920	37	452.0000	268.0211
13.2404	38	482.0000	268.9895
13.5889	39	537.0000	269.9579
13.9373	40	606.0000	270.9263
14.2857	41	664.0000	271.8947
14.6341	42	769.0000	272.8632
14.9826	43	860.0000	273.8316
15.3310	44	909.0000	274.8000
15.6794	45	883.0000	275.7684
16.0279	46	825.0000	276.7368
16.3763	47	767.0000	277.7053
16.7247	48	724.0000	278.6737
17.0732	49	674.0000	279.6421
17.4216	50	627.0000	280.6105
17.7700	51	592.0000	281.5789
18.1185	52	563.0000	282.5474
18.4669	53	536.0000	283.5158
18.8153	54	509.0000	284.4842
19.1638	55	495.0000	285.4526
19.5122	56	464.0000	286.4211
19.8606	57	457.0000	287.3895
20.2091	58	446.0000	288.3579
20.5575	59	430.0000	289.3263
20.9059	60	420.0000	290.2947
21.2544	61	410.0000	291.2632
21.6028	62	404.0000	292.2316
21.9512	63	399.0000	293.2000
22.2997	64	392.0000	294.1684
22.6481	65	376.0000	295.1368
22.9965	66	373.0000	296.1053
23.3449	67	374.0000	297.0737
23.6934	68	366.0000	298.0421
24.0418	69	368.0000	299.0105
24.3902	70	362.0000	299.9789
24.7387	71	354.0000	300.9474
25.0871	72	353.0000	301.9158
25.4355	73	351.0000	302.8842
25.7840	74	349.0000	303.8526
26.1324	75	348.0000	304.8210
26.4808	76	343.0000	305.7895
26.8293	77	342.0000	306.7579
27.1777	78	338.0000	307.7263
27.5261	79	339.0000	308.6947
27.8746	80	336.0000	309.6631
28.2230	81	334.0000	310.6316
28.5714	82	333.0000	311.6000
28.9199	83	334.0000	312.5684
29.2683	84	330.0000	313.5368
29.6167	85	333.0000	314.5052
29.9652	86	329.0000	315.4737
30.3136	87	329.0000	316.4421
30.6620	88	326.0000	317.4105
31.0105	89	329.0000	318.3789
31.3589	90	330.0000	319.3474
31.7073	91	332.0000	320.3158
32.0557	92	329.0000	321.2842
32.4042	93	329.0000	322.2526
32.7526	94	325.0000	323.2211
33.1010	95	328.0000	324.1895
33.4495	96	320.0000	325.1579
33.7979	97	323.0000	326.1263
34.1463	98	321.0000	327.0947
34.4948	99	324.0000	328.0632
34.8432	100	322.0000	329.0316
35.1916	101	330.0000	330.0000
35.5401	102	328.0000	330.0000
35.8885	103	325.0000	330.0000
36.2369	104	325.0000	330.0000
36.5854	105	324.0000	330.0000
36.9338	106	321.0000	330.0000
37.2822	107	321.0000	330.0000
37.6307	108	322.0000	330.0000
37.9791	109	325.0000	330.0000
38.3275	110	323.0000	330.0000
38.6760	111	331.0000	330.0000
39.0244	112	323.0000	330.0000
39.3728	113	324.0000	330.0000
39.7213	114	323.0000	330.0000
40.0697	115	332.0000	330.0000
40.4181	116	329.0000	330.0000
40.7666	117	331.0000	330.0000
41.1150	118	329.0000	330.0000
41.4634	119	329.0000	330.0000
41.8118	120	326.0000	330.0000
42.1603	121	330.0000	330.0000
42.5087	122	331.0000	330.1569
42.8571	123	326.0000	330.3137
43.2056	124	331.0000	330.4706
43.5540	125	330.0000	330.6274
43.9024	126	331.0000	330.7843
44.2509	127	332.0000	330.9412
44.5993	128	333.0000	331.0981
44.9477	129	330.0000	331.2549
45.2962	130	329.0000	331.4118
45.6446	131	331.0000	331.5686
45.9930	132	334.0000	331.7255
46.3415	133	333.0000	331.8824
46.6899	134	332.0000	332.0392
47.0383	135	329.0000	332.1961
47.3868	136	332.0000	332.3529
47.7352	137	332.0000	332.5098
48.0836	138	332.0000	332.6667
48.4321	139	336.0000	332.8235
48.7805	140	333.0000	332.9804
49.1289	141	337.0000	333.1373
49.4774	142	337.0000	333.2941
49.8258	143	333.0000	333.4510
50.1742	144	335.0000	333.6078
50.5226	145	339.0000	333.7647
50.8711	146	337.0000	333.9216
51.2195	147	337.0000	334.0784
51.5679	148	337.0000	334.2353
51.9164	149	336.0000	334.3922
52.2648	150	337.0000	334.5490
52.6132	151	336.0000	334.7059
52.9617	152	340.0000	334.8627
53.3101	153	334.0000	335.0196
53.6585	154	339.0000	335.1765
54.0070	155	344.0000	335.3333
54.3554	156	340.0000	335.4902
54.7038	157	339.0000	335.6471
55.0523	158	336.0000	335.8039
55.4007	159	335.0000	335.9608
55.7491	160	335.0000	336.1176
56.0976	161	339.0000	336.2745
56.4460	162	342.0000	336.4314
56.7944	163	336.0000	336.5882
57.1429	164	342.0000	336.7451
57.4913	165	336.0000	336.9019
57.8397	166	339.0000	337.0588
58.1882	167	338.0000	337.2157
58.5366	168	333.0000	337.3726
58.8850	169	337.0000	337.5294
59.2334	170	339.0000	337.6863
59.5819	171	337.0000	337.8431
59.9303	172	338.0000	338.0000
60.2787	173	336.0000	338.0000
60.6272	174	340.0000	338.0000
60.9756	175	342.0000	338.0000
61.3240	176	344.0000	338.0000
61.6725	177	334.0000	338.0000
62.0209	178	336.0000	338.0000
62.3693	179	346.0000	338.0000
62.7178	180	343.0000	338.0000
63.0662	181	345.0000	338.0000
63.4146	182	338.0000	338.0000
63.7631	183	344.0000	338.0000
64.1115	184	341.0000	338.0000
64.4599	185	341.0000	338.0000
64.8084	186	341.0000	338.0000
65.1568	187	340.0000	338.0000
65.5052	188	343.0000	338.0000
65.8537	189	349.0000	338.0000
66.2021	190	341.0000	338.0000
66.5505	191	336.0000	338.0000
66.8990	192	339.0000	338.0000
67.2474	193	339.0000	338.0000
67.5958	194	348.0000	338.0000
67.9443	195	350.0000	338.0000
68.2927	196	346.0000	338.0000
68.6411	197	345.0000	338.0000
68.9895	198	342.0000	338.0000
69.3380	199	347.0000	338.0000
70.0348	201	343.0000	338.0000
70.3833	202	341.0000	338.0000
70.7317	203	334.0000	338.0000
71.0801	204	342.0000	338.0000
71.4286	205	339.0000	338.0000
71.7770	206	345.0000	338.0000
72.1254	207	340.0000	338.0000
72.4739	208	346.0000	338.0000
72.8223	209	345.0000	338.0000
73.1707	210	339.0000	338.0000
73.5192	211	339.0000	338.0000
73.8676	212	345.0000	338.0000
74.2160	213	346.0000	338.0000
74.5645	214	351.0000	338.0000
74.9129	215	342.0000	338.0000
75.2613	216	337.0000	338.0000
75.6098	217	337.0000	338.0000
75.9582	218	336.0000	338.0000
76.3066	219	343.0000	338.0000
76.6551	220	339.0000	338.0000
77.0035	221	335.0000	338.0000
77.3519	222	336.0000	338.0000
77.7003	223	335.0000	338.0000
78.0488	224	339.0000	338.0000
78.3972	225	338.0000	338.0000
78.7456	226	338.0000	338.0000
79.0941	227	340.0000	338.0000
79.4425	228	339.0000	338.0000
79.7909	229	338.0000	338.0000
80.1394	230	345.0000	338.0000
80.4878	231	336.0000	338.0000
80.8362	232	343.0000	338.0000
81.1847	233	342.0000	338.0000
81.5331	234	344.0000	338.0000
81.8815	235	341.0000	338.0000
82.2300	236	339.0000	338.0000
82.5784	237	342.0000	338.0000
82.9268	238	338.0000	338.0000
83.2753	239	345.0000	338.3571
83.6237	240	343.0000	338.7143
83.9721	241	338.0000	339.0714
84.3206	242	343.0000	339.4286
84.6690	243	344.0000	339.7857
85.0174	244	342.0000	340.1429
85.3659	245	343.0000	340.5000
85.7143	246	346.0000	340.8571
86.0627	247	345.0000	341.2143
86.4111	248	349.0000	341.5714
86.7596	249	346.0000	341.9286
87.1080	250	347.0000	342.2857
87.4564	251	348.0000	342.6429
87.8049	252	347.0000	343.0000
88.1533	253	349.0000	343.3571
88.5017	254	347.0000	343.7143
88.8502	255	352.0000	344.0714
89.1986	256	349.0000	344.4286
89.5470	257	351.0000	344.7857
89.8955	258	352.0000	345.1429
90.2439	259	348.0000	345.5000
90.5923	260	347.0000	345.8571
90.9408	261	352.0000	346.2143
91.2892	262	352.0000	346.5714
91.6376	263	353.0000	346.9286
91.9861	264	354.0000	347.2857
92.3345	265	350.0000	347.6429
92.6829	266	351.0000	348.0000
93.0314	267	355.0000	348.3571
93.3798	268	359.0000	348.7143
93.7282	269	353.0000	349.0714
94.0767	270	353.0000	349.4286
94.4251	271	351.0000	349.7857
94.7735	272	346.0000	350.1429
95.1220	273	353.0000	350.5000
95.4704	274	355.0000	350.8571
95.8188	275	349.0000	351.2143
96.1672	276	348.0000	351.5714
96.5157	277	347.0000	351.9286
96.8641	278	355.0000	352.2857
97.2125	279	349.0000	352.6429
97.5610	280	353.0000	353.0000
97.9094	281	345.0000	352.5000
98.2578	282	351.0000	352.0000
98.6063	283	344.0000	351.5000
98.9547	284	347.0000	351.0000
99.3031	285	345.0000	350.5000
99.6516	286	350.0000	350.0000
---------- 5: r1_d5 ----------
Offset(%)	Offset(pix)	Profile	Background
1.0453	3	231.0000	231.0000
1.3937	4	257.0000	232.1892
1.7422	5	265.0000	233.3784
2.0906	6	249.0000	234.5676
2.4390	7	242.0000	235.7568
2.7875	8	257.0000	236.9460
3.1359	9	282.0000	238.1351
3.4843	10	291.0000	239.3243
3.8328	11	286.0000	240.5135
4.1812	12	286.0000	241.7027
4.5296	13	290.0000	242.8919
4.8780	14	292.0000	244.0811
5.2265	15	291.0000	245.2703
5.5749	16	284.0000	246.4595
5.9233	17	289.0000	247.6487
6.2718	18	284.0000	248.8378
6.6202	19	290.0000	250.0270
6.9686	20	286.0000	251.2162
7.3171	21	286.0000	252.4054
7.6655	22	290.0000	253.5946
8.0139	23	288.0000	254.7838
8.3624	24	295.0000	255.9730
8.7108	25	293.0000	257.1622
9.0592	26	294.0000	258.3513
9.4077	27	294.0000	259.5405
9.7561	28	298.0000	260.7297
10.1045	29	301.0000	261.9189
10.4530	30	304.0000	263.1081
10.8014	31	307.0000	264.2973
11.1498	32	307.0000	265.4865
11.4983	33	318.0000	266.6757
11.8467	34	321.0000	267.8649
12.1951	35	341.0000	269.0540
12.5436	36	351.0000	270.2433
12.8920	37	365.0000	271.4324
13.2404	38	383.0000	272.6216
13.5889	39	402.0000	273.8108
13.9373	40	431.0000	275.0000
14.2857	41	463.0000	276.1892
14.6341	42	520.0000	277.3784
14.9826	43	607.0000	278.5676
15.3310	44	686.0000	279.7567
15.6794	45	706.0000	280.9460
16.0279	46	651.0000	282.1351
16.3763	47	615.0000	283.3243
16.7247	48	567.0000	284.5135
17.0732	49	530.0000	285.7027
17.4216	50	499.0000	286.8919
17.7700	51	473.0000	288.0811
18.1185	52	446.0000	289.2703
18.4669	53	432.0000	290.4595
18.8153	54	402.0000	291.6487
19.1638	55	398.0000	292.8378
19.5122	56	390.0000	294.0270
19.8606	57	375.0000	295.2162
20.2091	58	369.0000	296.4054
20.5575	59	362.0000	297.5946
20.9059	60	358.0000	298.7838
21.2544	61	350.0000	299.9730
21.6028	62	348.0000	301.1622
21.9512	63	347.0000	302.3513
22.2997	64	343.0000	303.5405
22.6481	65	340.0000	304.7297
22.9965	66	336.0000	305.9189
23.3449	67	336.0000	307.1081
23.6934	68	334.0000	308.2973
24.0418	69	328.0000	309.4865
24.3902	70	329.0000	310.6757
24.7387	71	322.0000	311.8649
25.0871	72	320.0000	313.0540
25.4355	73	324.0000	314.2432
25.7840	74	320.0000	315.4324
26.1324	75	321.0000	316.6216
26.4808	76	317.0000	317.8108
26.8293	77	319.0000	319.0000
27.1777	78	315.0000	318.6154
27.5261	79	315.0000	318.2308
27.8746	80	319.0000	317.8462
28.2230	81	316.0000	317.4615
28.5714	82	314.0000	317.0769
28.9199	83	313.0000	316.6923
29.2683	84	314.0000	316.3077
29.6167	85	309.0000	315.9231
29.9652	86	313.0000	315.5385
30.3136	87	310.0000	315.1538
30.6620	88	313.0000	314.7692
31.0105	89	309.0000	314.3846
31.3589	90	314.0000	314.0000
31.7073	91	314.0000	314.2258
32.0557	92	313.0000	314.4516
32.4042	93	312.0000	314.6774
32.7526	94	310.0000	314.9032
33.1010	95	314.0000	315.1290
33.4495	96	311.0000	315.3548
33.7979	97	313.0000	315.5807
34.1463	98	315.0000	315.8065
34.4948	99	315.0000	316.0323
34.8432	100	314.0000	316.2581
35.1916	101	317.0000	316.4839
35.5401	102	313.0000	316.7097
35.8885	103	315.0000	316.9355
36.2369	104	316.0000	317.1613
36.5854	105	317.0000	317.3871
36.9338	106	315.0000	317.6129
37.2822	107	314.0000	317.8387
37.6307	108	312.0000	318.0645
37.9791	109	320.0000	318.2903
38.3275	110	316.0000	318.5161
38.6760	111	320.0000	318.7419
39.0244	112	318.0000	318.9677
39.3728	113	320.0000	319.1935
39.7213	114	319.0000	319.4193
40.0697	115	326.0000	319.6452
40.4181	116	326.0000	319.8710
40.7666	117	322.0000	320.0968
41.1150	118	319.0000	320.3226
41.4634	119	323.0000	320.5484
41.8118	120	324.0000	320.7742
42.1603	121	321.0000	321.0000
42.5087	122	320.0000	321.3000
42.8571	123	327.0000	321.6000
43.2056	124	325.0000	321.9000
43.5540	125	319.0000	322.2000
43.9024	126	323.0000	322.5000
44.2509	127	325.0000	322.8000
44.5993	128	324.0000	323.1000
44.9477	129	329.0000	323.4000
45.2962	130	331.0000	323.7000
45.6446	131	329.0000	324.0000
45.9930	132	324.0000	324.3000
46.3415	133	325.0000	324.6000
46.6899	134	330.0000	324.9000
47.0383	135	326.0000	325.2000
47.3868	136	328.0000	325.5000
47.7352	137	325.0000	325.8000
48.0836	138	335.0000	326.1000
48.4321	139	335.0000	326.4000
48.7805	140	331.0000	326.7000
49.1289	141	333.0000	327.0000
49.4774	142	332.0000	327.3000
49.8258	143	333.0000	327.6000
50.1742	144	338.0000	327.9000
50.5226	145	335.0000	328.2000
50.8711	146	333.0000	328.5000
51.2195	147	340.0000	328.8000
51.5679	148	335.0000	329.1000
51.9164	149	335.0000	329.4000
52.2648	150	331.0000	329.7000
52.6132	151	338.0000	330.0000
52.9617	152	337.0000	330.3000
53.3101	153	339.0000	330.6000
53.6585	154	338.0000	330.9000
54.0070	155	338.0000	331.2000
54.3554	156	336.0000	331.5000
54.7038	157	339.0000	331.8000
55.0523	158	342.0000	332.1000
55.4007	159	335.0000	332.4000
55.7491	160	336.0000	332.7000
56.0976	161	333.0000	333.0000
56.4460	162	340.0000	332.9828
56.7944	163	338.0000	332.9655
57.1429	164	338.0000	332.9483
57.4913	165	340.0000	332.9310
57.8397	166	338.0000	332.9138
58.1882	167	340.0000	332.8965
58.5366	168	339.0000	332.8793
58.8850	169	337.0000	332.8621
59.2334	170	341.0000	332.8448
59.5819	171	339.0000	332.8276
59.9303	172	346.0000	332.8103
60.2787	173	340.0000	332.7931
60.6272	174	347.0000	332.7758
60.9756	175	346.0000	332.7586
61.3240	176	353.0000	332.7414
61.6725	177	350.0000	332.7242
62.0209	178	353.0000	332.7069
62.3693	179	350.0000	332.6897
62.7178	180	353.0000	332.6724
63.0662	181	354.0000	332.6552
63.4146	182	349.0000	332.6379
63.7631	183	353.0000	332.6207
64.1115	184	345.0000	332.6035
64.4599	185	347.0000	332.5862
64.8084	186	350.0000	332.5690
65.1568	187	343.0000	332.5517
65.5052	188	351.0000	332.5345
65.8537	189	342.0000	332.5172
66.2021	190	342.0000	332.5000
66.5505	191	345.0000	332.4828
66.8990	192	340.0000	332.4655
67.2474	193	342.0000	332.4483
67.5958	194	338.0000	332.4310
67.9443	195	341.0000	332.4138
68.2927	196	337.0000	332.3965
68.6411	197	336.0000	332.3793
68.9895	198	337.0000	332.3621
69.3380	199	336.0000	332.3448
70.0348	201	338.0000	332.3276
70.3833	202	338.0000	332.3103
70.7317	203	334.0000	332.2931
71.0801	204	336.0000	332.2758
71.4286	205	332.0000	332.2586
71.7770	206	335.0000	332.2414
72.1254	207	334.0000	332.2242
72.4739	208	338.0000	332.2069
72.8223	209	340.0000	332.1897
73.1707	210	335.0000	332.1724
73.5192	211	335.0000	332.1552
73.8676	212	329.0000	332.1379
74.2160	213	332.0000	332.1207
74.5645	214	331.0000	332.1035
74.9129	215	331.0000	332.0862
75.2613	216	332.0000	332.0690
75.6098	217	332.0000	332.0517
75.9582	218	336.0000	332.0345
76.3066	219	333.0000	332.0172
76.6551	220	332.0000	332.0000
77.0035	221	330.0000	332.1639
77.3519	222	338.0000	332.3279
77.7003	223	337.0000	332.4918
78.0488	224	333.0000	332.6557
78.3972	225	331.0000	332.8197
78.7456	226	335.0000	332.9836
79.0941	227	330.0000	333.1476
79.4425	228	333.0000	333.3115
79.7909	229	338.0000	333.4754
80.1394	230	334.0000	333.6393
80.4878	231	335.0000	333.8033
80.8362	232	334.0000	333.9672
81.1847	233	329.0000	334.1311
81.5331	234	330.0000	334.2951
81.8815	235	336.0000	334.4590
82.2300	236	336.0000	334.6230
82.5784	237	331.0000	334.7869
82.9268	238	336.0000	334.9508
83.2753	239	337.0000	335.1147
83.6237	240	342.0000	335.2787
83.9721	241	337.0000	335.4426
84.3206	242	341.0000	335.6066
84.6690	243	336.0000	335.7705
85.0174	244	334.0000	335.9344
85.3659	245	341.0000	336.0984
85.7143	246	341.0000	336.2623
86.0627	247	342.0000	336.4262
86.4111	248	340.0000	336.5901
86.7596	249	339.0000	336.7541
87.1080	250	341.0000	336.9180
87.4564	251	344.0000	337.0820
87.8049	252	345.0000	337.2459
88.1533	253	344.0000	337.4099
88.5017	254	345.0000	337.5738
88.8502	255	340.0000	337.7377
89.1986	256	340.0000	337.9016
89.5470	257	346.0000	338.0656
89.8955	258	342.0000	338.2295
90.2439	259	341.0000	338.3934
90.5923	260	339.0000	338.5574
90.9408	261	342.0000	338.7213
91.2892	262	342.0000	338.8853
91.6376	263	340.0000	339.0492
91.9861	264	343.0000	339.2131
92.3345	265	344.0000	339.3770
92.6829	266	342.0000	339.5410
93.0314	267	344.0000	339.7049
93.3798	268	338.0000	339.8689
93.7282	269	348.0000	340.0328
94.0767	270	343.0000	340.1967
94.4251	271	345.0000	340.3607
94.7735	272	343.0000	340.5246
95.1220	273	340.0000	340.6885
95.4704	274	341.0000	340.8524
95.8188	275	345.0000	341.0164
96.1672	276	341.0000	341.1803
96.5157	277	339.0000	341.3443
96.8641	278	343.0000	341.5082
97.2125	279	339.0000	341.6721
97.5610	280	337.0000	341.8361
97.9094	281	342.0000	342.0000
98.2578	282	338.0000	341.2000
98.6063	283	336.0000	340.4000
98.9547	284	338.0000	339.6000
99.3031	285	340.0000	338.8000
99.6516	286	338.0000	338.0000
---------- 6: r1_d6 ----------
Offset(%)	Offset(pix)	Profile	Background
1.0453	3	220.0000	220.0000
1.3937	4	225.0000	221.4105
1.7422	5	230.0000	222.8210
2.0906	6	241.0000	224.2316
2.4390	7	252.0000	225.6421
2.7875	8	265.0000	227.0526
3.1359	9	264.0000	228.4632
3.4843	10	264.0000	229.8737
3.8328	11	261.0000	231.2842
4.1812	12	266.0000	232.6947
4.5296	13	265.0000	234.1053
4.8780	14	266.0000	235.5158
5.2265	15	264.0000	236.9263
5.5749	16	269.0000	238.3368
5.9233	17	267.0000	239.7474
6.2718	18	269.0000	241.1579
6.6202	19	266.0000	242.5684
6.9686	20	271.0000	243.9789
7.3171	21	271.0000	245.3895
7.6655	22	274.0000	246.8000
8.0139	23	274.0000	248.2105
8.3624	24	276.0000	249.6210
8.7108	25	276.0000	251.0316
9.0592	26	284.0000	252.4421
9.4077	27	285.0000	253.8526
9.7561	28	288.0000	255.2632
10.1045	29	296.0000	256.6737
10.4530	30	295.0000	258.0842
10.8014	31	301.0000	259.4948
11.1498	32	309.0000	260.9053
11.4983	33	315.0000	262.3158
11.8467	34	323.0000	263.7263
12.1951	35	330.0000	265.1368
12.5436	36	340.0000	266.5474
12.8920	37	349.0000	267.9579
13.2404	38	363.0000	269.3684
13.5889	39	387.0000	270.7789
13.9373	40	400.0000	272.1895
14.2857	41	423.0000	273.6000
14.6341	42	456.0000	275.0105
14.9826	43	504.0000	276.4211
15.3310	44	545.0000	277.8316
15.6794	45	584.0000	279.2421
16.0279	46	606.0000	280.6526
16.3763	47	609.0000	282.0632
16.7247	48	604.0000	283.4737
17.0732	49	596.0000	284.8842
17.4216	50	587.0000	286.2947
17.7700	51	564.0000	287.7053
18.1185	52	562.0000	289.1158
18.4669	53	542.0000	290.5263
18.8153	54	528.0000	291.9368
19.1638	55	520.0000	293.3474
19.5122	56	506.0000	294.7579
19.8606	57	494.0000	296.1684
20.2091	58	480.0000	297.5789
20.5575	59	473.0000	298.9895
20.9059	60	467.0000	300.4000
21.2544	61	456.0000	301.8105
21.6028	62	447.0000	303.2211
21.9512	63	449.0000	304.6316
22.2997	64	437.0000	306.0421
22.6481	65	425.0000	307.4526
22.9965	66	421.0000	308.8632
23.3449	67	411.0000	310.2737
23.6934	68	410.0000	311.6842
24.0418	69	406.0000	313.0947
24.3902	70	401.0000	314.5052
24.7387	71	395.0000	315.9158
25.0871	72	390.0000	317.3263
25.4355	73	386.0000	318.7368
25.7840	74	384.0000	320.1474
26.1324	75	385.0000	321.5579
26.4808	76	380.0000	322.9684
26.8293	77	379.0000	324.3789
27.1777	78	374.0000	325.7895
27.5261	79	371.0000	327.2000
27.8746	80	366.0000	328.6105
28.2230	81	366.0000	330.0211
28.5714	82	369.0000	331.4316
28.9199	83	360.0000	332.8421
29.2683	84	361.0000	334.2526
29.6167	85	356.0000	335.6631
29.9652	86	356.0000	337.0737
30.3136	87	359.0000	338.4842
30.6620	88	351.0000	339.8947
31.0105	89	355.0000	341.3053
31.3589	90	353.0000	342.7158
31.7073	91	350.0000	344.1263
32.0557	92	355.0000	345.5368
32.4042	93	354.0000	346.9474
32.7526	94	352.0000	348.3579
33.1010	95	349.0000	349.7684
33.4495	96	355.0000	351.1790
33.7979	97	350.0000	352.5895
34.1463	98	354.0000	354.0000
34.4948	99	351.0000	354.1053
34.8432	100	350.0000	354.2105
35.1916	101	353.0000	354.3158
35.5401	102	350.0000	354.4211
35.8885	103	352.0000	354.5263
36.2369	104	351.0000	354.6316
36.5854	105	350.0000	354.7368
36.9338	106	356.0000	354.8421
37.2822	107	353.0000	354.9474
37.6307	108	351.0000	355.0526
37.9791	109	352.0000	355.1579
38.3275	110	355.0000	355.2632
38.6760	111	351.0000	355.3684
39.0244	112	355.0000	355.4737
39.3728	113	356.0000	355.5789
39.7213	114	353.0000	355.6842
40.0697	115	355.0000	355.7895
40.4181	116	360.0000	355.8947
40.7666	117	356.0000	356.0000
41.1150	118	358.0000	355.9881
41.4634	119	358.0000	355.9762
41.8118	120	364.0000	355.9643
42.1603	121	358.0000	355.9524
42.5087	122	357.0000	355.9405
42.8571	123	361.0000	355.9286
43.2056	124	357.0000	355.9167
43.5540	125	363.0000	355.9048
43.9024	126	360.0000	355.8929
44.2509	127	363.0000	355.8810
44.5993	128	360.0000	355.8690
44.9477	129	364.0000	355.8571
45.2962	130	368.0000	355.8452
45.6446	131	368.0000	355.8333
45.9930	132	374.0000	355.8214
46.3415	133	369.0000	355.8095
46.6899	134	370.0000	355.7976
47.0383	135	369.0000	355.7857
47.3868	136	366.0000	355.7738
47.7352	137	370.0000	355.7619
48.0836	138	368.0000	355.7500
48.4321	139	369.0000	355.7381
48.7805	140	372.0000	355.7262
49.1289	141	369.0000	355.7143
49.4774	142	371.0000	355.7024
49.8258	143	372.0000	355.6905
50.1742	144	371.0000	355.6786
50.5226	145	371.0000	355.6667
50.8711	146	374.0000	355.6548
51.2195	147	374.0000	355.6429
51.5679	148	373.0000	355.6310
51.9164	149	371.0000	355.6190
52.2648	150	378.0000	355.6071
52.6132	151	379.0000	355.5952
52.9617	152	378.0000	355.5833
53.3101	153	384.0000	355.5714
53.6585	154	381.0000	355.5595
54.0070	155	385.0000	355.5476
54.3554	156	385.0000	355.5357
54.7038	157	384.0000	355.5238
55.0523	158	385.0000	355.5119
55.4007	159	393.0000	355.5000
55.7491	160	386.0000	355.4881
56.0976	161	389.0000	355.4762
56.4460	162	389.0000	355.4643
56.7944	163	386.0000	355.4524
57.1429	164	385.0000	355.4405
57.4913	165	379.0000	355.4286
57.8397	166	379.0000	355.4167
58.1882	167	383.0000	355.4048
58.5366	168	380.0000	355.3929
58.8850	169	381.0000	355.3810
59.2334	170	385.0000	355.3690
59.5819	171	376.0000	355.3571
59.9303	172	373.0000	355.3452
60.2787	173	379.0000	355.3333
60.6272	174	377.0000	355.3214
60.9756	175	380.0000	355.3095
61.3240	176	381.0000	355.2976
61.6725	177	383.0000	355.2857
62.0209	178	379.0000	355.2738
62.3693	179	379.0000	355.2619
62.7178	180	377.0000	355.2500
63.0662	181	377.0000	355.2381
63.4146	182	377.0000	355.2262
63.7631	183	381.0000	355.2143
64.1115	184	380.0000	355.2024
64.4599	185	380.0000	355.1905
64.8084	186	376.0000	355.1786
65.1568	187	379.0000	355.1667
65.5052	188	380.0000	355.1548
65.8537	189	378.0000	355.1429
66.2021	190	378.0000	355.1310
66.5505	191	376.0000	355.1190
66.8990	192	376.0000	355.1071
67.2474	193	374.0000	355.0952
67.5958	194	374.0000	355.0833
67.9443	195	374.0000	355.0714
68.2927	196	376.0000	355.0595
68.6411	197	374.0000	355.0476
68.9895	198	372.0000	355.0357
69.3380	199	373.0000	355.0238
70.0348	201	373.0000	355.0119
70.3833	202	372.0000	355.0000
70.7317	203	368.0000	354.9881
71.0801	204	372.0000	354.9762
71.4286	205	369.0000	354.9643
71.7770	206	367.0000	354.9524
72.1254	207	372.0000	354.9405
72.4739	208	372.0000	354.9286
72.8223	209	372.0000	354.9167
73.1707	210	366.0000	354.9048
73.5192	211	369.0000	354.8929
73.8676	212	369.0000	354.8810
74.2160	213	371.0000	354.8690
74.5645	214	368.0000	354.8571
74.9129	215	373.0000	354.8452
75.2613	216	375.0000	354.8333
75.6098	217	371.0000	354.8214
75.9582	218	372.0000	354.8095
76.3066	219	374.0000	354.7976
76.6551	220	376.0000	354.7857
77.0035	221	371.0000	354.7738
77.3519	222	373.0000	354.7619
77.7003	223	378.0000	354.7500
78.0488	224	377.0000	354.7381
78.3972	225	375.0000	354.7262
78.7456	226	378.0000	354.7143
79.0941	227	377.0000	354.7024
79.4425	228	377.0000	354.6905
79.7909	229	387.0000	354.6786
80.1394	230	381.0000	354.6667
80.4878	231	385.0000	354.6548
80.8362	232	394.0000	354.6429
81.1847	233	393.0000	354.6310
81.5331	234	395.0000	354.6190
81.8815	235	408.0000	354.6071
82.2300	236	398.0000	354.5952
82.5784	237	399.0000	354.5833
82.9268	238	391.0000	354.5714
83.2753	239	396.0000	354.5595
83.6237	240	400.0000	354.5476
83.9721	241	404.0000	354.5357
84.3206	242	401.0000	354.5238
84.6690	243	404.0000	354.5119
85.0174	244	404.0000	354.5000
85.3659	245	409.0000	354.4881
85.7143	246	407.0000	354.4762
86.0627	247	403.0000	354.4643
86.4111	248	413.0000	354.4524
86.7596	249	408.0000	354.4405
87.1080	250	412.0000	354.4286
87.4564	251	407.0000	354.4167
87.8049	252	410.0000	354.4048
88.1533	253	414.0000	354.3929
88.5017	254	400.0000	354.3810
88.8502	255	406.0000	354.3690
89.1986	256	405.0000	354.3571
89.5470	257	400.0000	354.3452
89.8955	258	400.0000	354.3333
90.2439	259	395.0000	354.3214
90.5923	260	400.0000	354.3095
90.9408	261	399.0000	354.2976
91.2892	262	399.0000	354.2857
91.6376	263	397.0000	354.2738
91.9861	264	400.0000	354.2619
92.3345	265	398.0000	354.2500
92.6829	266	397.0000	354.2381
93.0314	267	395.0000	354.2262
93.3798	268	391.0000	354.2143
93.7282	269	390.0000	354.2024
94.0767	270	391.0000	354.1905
94.4251	271	388.0000	354.1786
94.7735	272	389.0000	354.1667
95.1220	273	388.0000	354.1548
95.4704	274	390.0000	354.1429
95.8188	275	384.0000	354.1310
96.1672	276	383.0000	354.1190
96.5157	277	380.0000	354.1071
96.8641	278	372.0000	354.0952
97.2125	279	374.0000	354.0833
97.5610	280	374.0000	354.0714
97.9094	281	363.0000	354.0595
98.2578	282	365.0000	354.0476
98.6063	283	367.0000	354.0357
98.9547	284	367.0000	354.0238
99.3031	285	363.0000	354.0119
99.6516	286	354.0000	354.0000
---------- 7: r1_d7 ----------
Offset(%)	Offset(pix)	Profile	Background
1.0453	3	236.0000	236.0000
1.3937	4	241.0000	236.6956
1.7422	5	247.0000	237.3913
2.0906	6	240.0000	238.0870
2.4390	7	254.0000	238.7826
2.7875	8	270.0000	239.4783
3.1359	9	278.0000	240.1739
3.4843	10	270.0000	240.8696
3.8328	11	279.0000	241.5652
4.1812	12	271.0000	242.2609
4.5296	13	268.0000	242.9565
4.8780	14	262.0000	243.6522
5.2265	15	264.0000	244.3478
5.5749	16	259.0000	245.0435
5.9233	17	262.0000	245.7391
6.2718	18	262.0000	246.4348
6.6202	19	260.0000	247.1304
6.9686	20	258.0000	247.8261
7.3171	21	260.0000	248.5217
7.6655	22	259.0000	249.2174
8.0139	23	260.0000	249.9130
8.3624	24	257.0000	250.6087
8.7108	25	260.0000	251.3044
9.0592	26	261.0000	252.0000
9.4077	27	257.0000	252.6956
9.7561	28	264.0000	253.3913
10.1045	29	263.0000	254.0870
10.4530	30	262.0000	254.7826
10.8014	31	269.0000	255.4783
11.1498	32	271.0000	256.1739
11.4983	33	268.0000	256.8696
11.8467	34	271.0000	257.5652
12.1951	35	276.0000	258.2609
12.5436	36	275.0000	258.9565
12.8920	37	279.0000	259.6522
13.2404	38	279.0000	260.3478
13.5889	39	286.0000	261.0435
13.9373	40	286.0000	261.7391
14.2857	41	296.0000	262.4348
14.6341	42	302.0000	263.1304
14.9826	43	307.0000	263.8261
15.3310	44	314.0000	264.5217
15.6794	45	316.0000	265.2174
16.0279	46	320.0000	265.9131
16.3763	47	312.0000	266.6087
16.7247	48	314.0000	267.3044
17.0732	49	311.0000	268.0000
17.4216	50	312.0000	268.6956
17.7700	51	312.0000	269.3913
18.1185	52	316.0000	270.0869
18.4669	53	320.0000	270.7826
18.8153	54	319.0000	271.4783
19.1638	55	307.0000	272.1739
19.5122	56	302.0000	272.8696
19.8606	57	299.0000	273.5652
20.2091	58	299.0000	274.2609
20.5575	59	297.0000	274.9565
20.9059	60	297.0000	275.6522
21.2544	61	292.0000	276.3478
21.6028	62	295.0000	277.0435
21.9512	63	294.0000	277.7391
22.2997	64	289.0000	278.4348
22.6481	65	291.0000	279.1304
22.9965	66	288.0000	279.8261
23.3449	67	294.0000	280.5217
23.6934	68	290.0000	281.2174
24.0418	69	287.0000	281.9131
24.3902	70	288.0000	282.6087
24.7387	71	289.0000	283.3044
25.0871	72	290.0000	284.0000
25.4355	73	287.0000	284.6956
25.7840	74	287.0000	285.3913
26.1324	75	288.0000	286.0869
26.4808	76	290.0000	286.7826
26.8293	77	290.0000	287.4783
27.1777	78	288.0000	288.1739
27.5261	79	290.0000	288.8696
27.8746	80	293.0000	289.5652
28.2230	81	292.0000	290.2609
28.5714	82	294.0000	290.9565
28.9199	83	288.0000	291.6522
29.2683	84	291.0000	292.3478
29.6167	85	289.0000	293.0435
29.9652	86	290.0000	293.7391
30.3136	87	290.0000	294.4348
30.6620	88	292.0000	295.1304
31.0105	89	292.0000	295.8261
31.3589	90	293.0000	296.5217
31.7073	91	293.0000	297.2174
32.0557	92	296.0000	297.9131
32.4042	93	294.0000	298.6087
32.7526	94	296.0000	299.3044
33.1010	95	298.0000	300.0000
33.4495	96	294.0000	300.6956
33.7979	97	302.0000	301.3913
34.1463	98	296.0000	302.0870
34.4948	99	300.0000	302.7826
34.8432	100	297.0000	303.4783
35.1916	101	292.0000	304.1739
35.5401	102	297.0000	304.8696
35.8885	103	299.0000	305.5652
36.2369	104	303.0000	306.2609
36.5854	105	302.0000	306.9565
36.9338	106	302.0000	307.6522
37.2822	107	306.0000	308.3478
37.6307	108	306.0000	309.0435
37.9791	109	304.0000	309.7391
38.3275	110	310.0000	310.4348
38.6760	111	310.0000	311.1304
39.0244	112	309.0000	311.8261
39.3728	113	306.0000	312.5217
39.7213	114	311.0000	313.2174
40.0697	115	311.0000	313.9130
40.4181	116	314.0000	314.6087
40.7666	117	317.0000	315.3044
41.1150	118	316.0000	316.0000
41.4634	119	318.0000	316.1385
41.8118	120	321.0000	316.2771
42.1603	121	318.0000	316.4156
42.5087	122	325.0000	316.5542
42.8571	123	321.0000	316.6928
43.2056	124	321.0000	316.8313
43.5540	125	323.0000	316.9699
43.9024	126	320.0000	317.1084
44.2509	127	325.0000	317.2470
44.5993	128	326.0000	317.3855
44.9477	129	325.0000	317.5241
45.2962	130	322.0000	317.6627
45.6446	131	326.0000	317.8012
45.9930	132	327.0000	317.9398
46.3415	133	331.0000	318.0783
46.6899	134	327.0000	318.2169
47.0383	135	332.0000	318.3554
47.3868	136	329.0000	318.4940
47.7352	137	332.0000	318.6325
48.0836	138	333.0000	318.7711
48.4321	139	331.0000	318.9096
48.7805	140	330.0000	319.0482
49.1289	141	333.0000	319.1867
49.4774	142	326.0000	319.3253
49.8258	143	328.0000	319.4639
50.1742	144	328.0000	319.6024
50.5226	145	332.0000	319.7410
50.8711	146	333.0000	319.8795
51.2195	147	328.0000	320.0181
51.5679	148	328.0000	320.1566
51.9164	149	332.0000	320.2952
52.2648	150	329.0000	320.4337
52.6132	151	330.0000	320.5723
52.9617	152	330.0000	320.7108
53.3101	153	330.0000	320.8494
53.6585	154	333.0000	320.9879
54.0070	155	333.0000	321.1265
54.3554	156	335.0000	321.2651
54.7038	157	333.0000	321.4036
55.0523	158	336.0000	321.5422
55.4007	159	333.0000	321.6807
55.7491	160	336.0000	321.8193
56.0976	161	337.0000	321.9578
56.4460	162	339.0000	322.0964
56.7944	163	338.0000	322.2349
57.1429	164	338.0000	322.3735
57.4913	165	339.0000	322.5121
57.8397	166	338.0000	322.6506
58.1882	167	337.0000	322.7892
58.5366	168	339.0000	322.9277
58.8850	169	336.0000	323.0663
59.2334	170	339.0000	323.2048
59.5819	171	339.0000	323.3434
59.9303	172	336.0000	323.4819
60.2787	173	335.0000	323.6205
60.6272	174	337.0000	323.7590
60.9756	175	339.0000	323.8976
61.3240	176	342.0000	324.0361
61.6725	177	337.0000	324.1747
62.0209	178	341.0000	324.3133
62.3693	179	334.0000	324.4518
62.7178	180	340.0000	324.5904
63.0662	181	341.0000	324.7289
63.4146	182	341.0000	324.8675
63.7631	183	340.0000	325.0060
64.1115	184	337.0000	325.1446
64.4599	185	340.0000	325.2831
64.8084	186	342.0000	325.4217
65.1568	187	341.0000	325.5602
65.5052	188	343.0000	325.6988
65.8537	189	336.0000	325.8373
66.2021	190	342.0000	325.9759
66.5505	191	341.0000	326.1145
66.8990	192	344.0000	326.2530
67.2474	193	340.0000	326.3916
67.5958	194	341.0000	326.5301
67.9443	195	340.0000	326.6687
68.2927	196	340.0000	326.8072
68.6411	197	341.0000	326.9458
68.9895	198	335.0000	327.0844
69.3380	199	336.0000	327.2229
70.0348	201	341.0000	327.3615
70.3833	202	340.0000	327.5000
70.7317	203	342.0000	327.6385
71.0801	204	343.0000	327.7771
71.4286	205	344.0000	327.9156
71.7770	206	343.0000	328.0542
72.1254	207	340.0000	328.1928
72.4739	208	337.0000	328.3313
72.8223	209	339.0000	328.4699
73.1707	210	337.0000	328.6084
73.5192	211	340.0000	328.7470
73.8676	212	336.0000	328.8855
74.2160	213	337.0000	329.0241
74.5645	214	340.0000	329.1627
74.9129	215	336.0000	329.3012
75.2613	216	333.0000	329.4398
75.6098	217	337.0000	329.5783
75.9582	218	339.0000	329.7169
76.3066	219	338.0000	329.8554
76.6551	220	336.0000	329.9940
77.0035	221	342.0000	330.1325
77.3519	222	339.0000	330.2711
77.7003	223	338.0000	330.4096
78.0488	224	337.0000	330.5482
78.3972	225	339.0000	330.6867
78.7456	226	340.0000	330.8253
79.0941	227	341.0000	330.9639
79.4425	228	344.0000	331.1024
79.7909	229	338.0000	331.2410
80.1394	230	343.0000	331.3795
80.4878	231	342.0000	331.5181
80.8362	232	343.0000	331.6566
81.1847	233	344.0000	331.7952
81.5331	234	341.0000	331.9337
81.8815	235	343.0000	332.0723
82.2300	236	345.0000	332.2108
82.5784	237	344.0000	332.3494
82.9268	238	348.0000	332.4879
83.2753	239	348.0000	332.6265
83.6237	240	347.0000	332.7651
83.9721	241	350.0000	332.9036
84.3206	242	352.0000	333.0422
84.6690	243	351.0000	333.1807
85.0174	244	355.0000	333.3193
85.3659	245	351.0000	333.4578
85.7143	246	357.0000	333.5964
86.0627	247	353.0000	333.7349
86.4111	248	361.0000	333.8735
86.7596	249	366.0000	334.0121
87.1080	250	360.0000	334.1506
87.4564	251	361.0000	334.2892
87.8049	252	359.0000	334.4277
88.1533	253	360.0000	334.5663
88.5017	254	358.0000	334.7048
88.8502	255	362.0000	334.8434
89.1986	256	359.0000	334.9819
89.5470	257	360.0000	335.1205
89.8955	258	354.0000	335.2590
90.2439	259	358.0000	335.3976
90.5923	260	359.0000	335.5361
90.9408	261	352.0000	335.6747
91.2892	262	356.0000	335.8133
91.6376	263	363.0000	335.9518
91.9861	264	364.0000	336.0904
92.3345	265	357.0000	336.2289
92.6829	266	356.0000	336.3675
93.0314	267	357.0000	336.5060
93.3798	268	355.0000	336.6446
93.7282	269	353.0000	336.7831
94.0767	270	353.0000	336.9217
94.4251	271	353.0000	337.0602
94.7735	272	352.0000	337.1988
95.1220	273	353.0000	337.3373
95.4704	274	353.0000	337.4759
95.8188	275	350.0000	337.6145
96.1672	276	353.0000	337.7530
96.5157	277	353.0000	337.8916
96.8641	278	353.0000	338.0301
97.2125	279	346.0000	338.1687
97.5610	280	345.0000	338.3072
97.9094	281	350.0000	338.4458
98.2578	282	345.0000	338.5844
98.6063	283	344.0000	338.7229
98.9547	284	341.0000	338.8615
99.3031	285	339.0000	339.0000
99.6516	286	341.0000	341.0000
---------- 8: r1_d8 ----------
Offset(%)	Offset(pix)	Profile	Background
1.0453	3	224.0000	224.0000
1.3937	4	230.0000	224.7160
1.7422	5	255.0000	225.4321
2.0906	6	297.0000	226.1481
2.4390	7	297.0000	226.8642
2.7875	8	310.0000	227.5802
3.1359	9	335.0000	228.2963
3.4843	10	321.0000	229.0123
3.8328	11	304.0000	229.7284
4.1812	12	301.0000	230.4444
4.5296	13	297.0000	231.1605
4.8780	14	289.0000	231.8765
5.2265	15	291.0000	232.5926
5.5749	16	284.0000	233.3086
5.9233	17	282.0000	234.0247
6.2718	18	278.0000	234.7407
6.6202	19	282.0000	235.4568
6.9686	20	286.0000	236.1728
7.3171	21	284.0000	236.8889
7.6655	22	287.0000	237.6049
8.0139	23	279.0000	238.3210
8.3624	24	280.0000	239.0370
8.7108	25	285.0000	239.7531
9.0592	26	281.0000	240.4691
9.4077	27	281.0000	241.1852
9.7561	28	290.0000	241.9012
10.1045	29	289.0000	242.6173
10.4530	30	281.0000	243.3333
10.8014	31	287.0000	244.0494
11.1498	32	286.0000	244.7654
11.4983	33	288.0000	245.4815
11.8467	34	294.0000	246.1975
12.1951	35	299.0000	246.9136
12.5436	36	297.0000	247.6296
12.8920	37	306.0000	248.3457
13.2404	38	312.0000	249.0617
13.5889	39	324.0000	249.7778
13.9373	40	334.0000	250.4938
14.2857	41	358.0000	251.2099
14.6341	42	398.0000	251.9259
14.9826	43	454.0000	252.6420
15.3310	44	502.0000	253.3580
15.6794	45	506.0000	254.0741
16.0279	46	473.0000	254.7901
16.3763	47	439.0000	255.5062
16.7247	48	407.0000	256.2222
17.0732	49	386.0000	256.9383
17.4216	50	367.0000	257.6543
17.7700	51	349.0000	258.3704
18.1185	52	350.0000	259.0864
18.4669	53	332.0000	259.8025
18.8153	54	323.0000	260.5185
19.1638	55	321.0000	261.2346
19.5122	56	306.0000	261.9506
19.8606	57	303.0000	262.6667
20.2091	58	307.0000	263.3827
20.5575	59	301.0000	264.0988
20.9059	60	295.0000	264.8148
21.2544	61	300.0000	265.5309
21.6028	62	292.0000	266.2469
21.9512	63	296.0000	266.9630
22.2997	64	293.0000	267.6790
22.6481	65	288.0000	268.3951
22.9965	66	290.0000	269.1111
23.3449	67	288.0000	269.8271
23.6934	68	286.0000	270.5432
24.0418	69	286.0000	271.2592
24.3902	70	280.0000	271.9753
24.7387	71	284.0000	272.6913
25.0871	72	283.0000	273.4074
25.4355	73	285.0000	274.1234
25.7840	74	286.0000	274.8395
26.1324	75	285.0000	275.5555
26.4808	76	284.0000	276.2716
26.8293	77	284.0000	276.9877
27.1777	78	287.0000	277.7037
27.5261	79	283.0000	278.4197
27.8746	80	285.0000	279.1358
28.2230	81	285.0000	279.8519
28.5714	82	288.0000	280.5679
28.9199	83	283.0000	281.2839
29.2683	84	282.0000	282.0000
29.6167	85	286.0000	282.7576
29.9652	86	285.0000	283.5151
30.3136	87	288.0000	284.2727
30.6620	88	293.0000	285.0303
31.0105	89	288.0000	285.7879
31.3589	90	288.0000	286.5454
31.7073	91	288.0000	287.3030
32.0557	92	288.0000	288.0606
32.4042	93	289.0000	288.8182
32.7526	94	287.0000	289.5757
33.1010	95	291.0000	290.3333
33.4495	96	294.0000	291.0909
33.7979	97	290.0000	291.8485
34.1463	98	291.0000	292.6060
34.4948	99	292.0000	293.3636
34.8432	100	294.0000	294.1212
35.1916	101	296.0000	294.8788
35.5401	102	296.0000	295.6364
35.8885	103	292.0000	296.3940
36.2369	104	293.0000	297.1515
36.5854	105	303.0000	297.9091
36.9338	106	300.0000	298.6667
37.2822	107	296.0000	299.4243
37.6307	108	298.0000	300.1818
37.9791	109	300.0000	300.9394
38.3275	110	302.0000	301.6970
38.6760	111	301.0000	302.4546
39.0244	112	301.0000	303.2121
39.3728	113	305.0000	303.9697
39.7213	114	311.0000	304.7273
40.0697	115	306.0000	305.4849
40.4181	116	309.0000	306.2424
40.7666	117	307.0000	307.0000
41.1150	118	313.0000	307.5357
41.4634	119	309.0000	308.0714
41.8118	120	313.0000	308.6071
42.1603	121	314.0000	309.1429
42.5087	122	313.0000	309.6786
42.8571	123	318.0000	310.2143
43.2056	124	320.0000	310.7500
43.5540	125	319.0000	311.2857
43.9024	126	322.0000	311.8214
44.2509	127	317.0000	312.3571
44.5993	128	318.0000	312.8929
44.9477	129	323.0000	313.4286
45.2962	130	319.0000	313.9643
45.6446	131	326.0000	314.5000
45.9930	132	327.0000	315.0357
46.3415	133	323.0000	315.5714
46.6899	134	329.0000	316.1071
47.0383	135	325.0000	316.6429
47.3868	136	327.0000	317.1786
47.7352	137	323.0000	317.7143
48.0836	138	330.0000	318.2500
48.4321	139	324.0000	318.7857
48.7805	140	329.0000	319.3214
49.1289	141	329.0000	319.8571
49.4774	142	329.0000	320.3929
49.8258	143	332.0000	320.9286
50.1742	144	330.0000	321.4643
50.5226	145	330.0000	322.0000
50.8711	146	331.0000	322.5357
51.2195	147	330.0000	323.0714
51.5679	148	333.0000	323.6071
51.9164	149	330.0000	324.1429
52.2648	150	334.0000	324.6786
52.6132	151	330.0000	325.2143
52.9617	152	332.0000	325.7500
53.3101	153	329.0000	326.2857
53.6585	154	331.0000	326.8214
54.0070	155	328.0000	327.3571
54.3554	156	336.0000	327.8929
54.7038	157	335.0000	328.4286
55.0523	158	334.0000	328.9643
55.4007	159	334.0000	329.5000
55.7491	160	333.0000	330.0357
56.0976	161	337.0000	330.5714
56.4460	162	332.0000	331.1071
56.7944	163	337.0000	331.6429
57.1429	164	340.0000	332.1786
57.4913	165	333.0000	332.7143
57.8397	166	337.0000	333.2500
58.1882	167	336.0000	333.7857
58.5366	168	338.0000	334.3214
58.8850	169	335.0000	334.8571
59.2334	170	334.0000	335.3929
59.5819	171	336.0000	335.9286
59.9303	172	339.0000	336.4643
60.2787	173	337.0000	337.0000
60.6272	174	338.0000	336.7059
60.9756	175	334.0000	336.4118
61.3240	176	337.0000	336.1176
61.6725	177	337.0000	335.8235
62.0209	178	337.0000	335.5294
62.3693	179	336.0000	335.2353
62.7178	180	339.0000	334.9412
63.0662	181	334.0000	334.6471
63.4146	182	331.0000	334.3529
63.7631	183	331.0000	334.0588
64.1115	184	338.0000	333.7647
64.4599	185	336.0000	333.4706
64.8084	186	333.0000	333.1765
65.1568	187	340.0000	332.8824
65.5052	188	332.0000	332.5882
65.8537	189	339.0000	332.2941
66.2021	190	336.0000	332.0000
66.5505	191	330.0000	331.7059
66.8990	192	335.0000	331.4118
67.2474	193	336.0000	331.1176
67.5958	194	333.0000	330.8235
67.9443	195	337.0000	330.5294
68.2927	196	333.0000	330.2353
68.6411	197	332.0000	329.9412
68.9895	198	331.0000	329.6471
69.3380	199	330.0000	329.3529
69.6864	200	332.0000	329.0588
70.0348	201	338.0000	328.7647
70.3833	202	333.0000	328.4706
70.7317	203	334.0000	328.1765
71.0801	204	329.0000	327.8824
71.4286	205	330.0000	327.5882
71.7770	206	334.0000	327.2941
72.1254	207	327.0000	327.0000
72.4739	208	337.0000	327.1060
72.8223	209	335.0000	327.2121
73.1707	210	333.0000	327.3182
73.5192	211	333.0000	327.4243
73.8676	212	332.0000	327.5303
74.2160	213	334.0000	327.6364
74.5645	214	335.0000	327.7424
74.9129	215	334.0000	327.8485
75.2613	216	334.0000	327.9546
75.6098	217	328.0000	328.0606
75.9582	218	333.0000	328.1667
76.3066	219	331.0000	328.2727
76.6551	220	336.0000	328.3788
77.0035	221	329.0000	328.4849
77.3519	222	334.0000	328.5909
77.7003	223	334.0000	328.6970
78.0488	224	333.0000	328.8030
78.3972	225	331.0000	328.9091
78.7456	226	333.0000	329.0151
79.0941	227	332.0000	329.1212
79.4425	228	336.0000	329.2273
79.7909	229	337.0000	329.3333
80.1394	230	334.0000	329.4394
80.4878	231	339.0000	329.5454
80.8362	232	337.0000	329.6515
81.1847	233	343.0000	329.7576
81.5331	234	333.0000	329.8636
81.8815	235	337.0000	329.9697
82.2300	236	335.0000	330.0757
82.5784	237	330.0000	330.1818
82.9268	238	335.0000	330.2879
83.2753	239	336.0000	330.3940
83.6237	240	339.0000	330.5000
83.9721	241	336.0000	330.6060
84.3206	242	339.0000	330.7121
84.6690	243	341.0000	330.8182
85.0174	244	345.0000	330.9243
85.3659	245	342.0000	331.0303
85.7143	246	334.0000	331.1364
86.0627	247	337.0000	331.2424
86.4111	248	344.0000	331.3485
86.7596	249	340.0000	331.4546
87.1080	250	338.0000	331.5606
87.4564	251	338.0000	331.6667
87.8049	252	335.0000	331.7727
88.1533	253	344.0000	331.8788
88.5017	254	344.0000	331.9849
88.8502	255	341.0000	332.0909
89.1986	256	340.0000	332.1970
89.5470	257	343.0000	332.3030
89.8955	258	343.0000	332.4091
90.2439	259	338.0000	332.5151
90.5923	260	339.0000	332.6212
90.9408	261	337.0000	332.7273
91.2892	262	342.0000	332.8333
91.6376	263	344.0000	332.9394
91.9861	264	340.0000	333.0454
92.3345	265	336.0000	333.1515
92.6829	266	339.0000	333.2576
93.0314	267	340.0000	333.3636
93.3798	268	334.0000	333.4697
93.7282	269	340.0000	333.5757
94.0767	270	334.0000	333.6818
94.4251	271	339.0000	333.7879
94.7735	272	336.0000	333.8940
95.1220	273	334.0000	334.0000
95.4704	274	331.0000	333.6667
95.8188	275	335.0000	333.3333
96.1672	276	333.0000	333.0000
96.5157	277	339.0000	332.6667
96.8641	278	333.0000	332.3333
97.2125	279	332.0000	332.0000
97.5610	280	329.0000	331.6667
97.9094	281	329.0000	331.3333
98.2578	282	331.0000	331.0000
98.6063	283	333.0000	330.7500
98.9547	284	329.0000	330.5000
99.3031	285	333.0000	330.2500
99.6516	286	330.0000	330.0000
