---------- 1: r2b_f1 ----------
Offset(%)	Offset(pix)	Profile	Background
0.0000	0	71.0000	71.0000
0.2128	1	70.0000	70.7200
0.4255	2	71.0000	70.4400
0.6383	3	71.0000	70.1600
0.8511	4	71.0000	69.8800
1.0638	5	72.0000	69.6000
1.2766	6	71.0000	69.3200
1.4894	7	71.0000	69.0400
1.7021	8	71.0000	68.7600
1.9149	9	71.0000	68.4800
2.1277	10	72.0000	68.2000
2.3404	11	71.0000	67.9200
2.5532	12	72.0000	67.6400
2.7660	13	72.0000	67.3600
2.9787	14	70.0000	67.0800
3.1915	15	71.0000	66.8000
3.4043	16	68.0000	66.5200
3.6170	17	67.0000	66.2400
3.8298	18	73.0000	65.9600
4.0426	19	75.0000	65.6800
4.2553	20	73.0000	65.4000
4.4681	21	72.0000	65.1200
4.6809	22	71.0000	64.8400
4.8936	23	67.0000	64.5600
5.1064	24	65.0000	64.2800
5.3191	25	64.0000	64.0000
5.5319	26	64.0000	64.1076
5.7447	27	65.0000	64.2152
5.9574	28	67.0000	64.3228
6.1702	29	73.0000	64.4304
6.3830	30	79.0000	64.5380
6.5957	31	89.0000	64.6456
6.8085	32	77.0000	64.7532
7.0213	33	70.0000	64.8608
7.2340	34	69.0000	64.9684
7.4468	35	70.0000	65.0760
7.6596	36	72.0000	65.1835
7.8723	37	74.0000	65.2911
8.0851	38	74.0000	65.3987
8.2979	39	77.0000	65.5063
8.5106	40	79.0000	65.6139
8.7234	41	78.0000	65.7215
8.9362	42	77.0000	65.8291
9.1489	43	77.0000	65.9367
9.3617	44	77.0000	66.0443
9.5745	45	75.0000	66.1519
9.7872	46	76.0000	66.2595
10.0000	47	75.0000	66.3671
10.2128	48	77.0000	66.4747
10.4255	49	76.0000	66.5823
10.6383	50	75.0000	66.6899
10.8511	51	75.0000	66.7975
11.0638	52	76.0000	66.9051
11.2766	53	76.0000	67.0127
11.4894	54	75.0000	67.1203
11.7021	55	76.0000	67.2278
11.9149	56	76.0000	67.3354
12.1277	57	77.0000	67.4430
12.3404	58	78.0000	67.5506
12.5532	59	78.0000	67.6582
12.7660	60	76.0000	67.7658
12.9787	61	78.0000	67.8734
13.1915	62	79.0000	67.9810
13.4043	63	81.0000	68.0886
13.6170	64	80.0000	68.1962
13.8298	65	82.0000	68.3038
14.0426	66	83.0000	68.4114
14.2553	67	81.0000	68.5190
14.4681	68	82.0000	68.6266
14.6809	69	82.0000	68.7342
14.8936	70	85.0000	68.8418
15.1064	71	85.0000	68.9494
15.3191	72	87.0000	69.0570
15.5319	73	87.0000	69.1646
15.7447	74	88.0000	69.2722
15.9574	75	90.0000	69.3797
16.1702	76	90.0000	69.4873
16.3830	77	93.0000	69.5949
16.5957	78	95.0000	69.7025
16.8085	79	97.0000	69.8101
17.0213	80	99.0000	69.9177
17.2340	81	103.0000	70.0253
17.4468	82	108.0000	70.1329
17.6596	83	114.0000	70.2405
17.8723	84	117.0000	70.3481
18.0851	85	125.0000	70.4557
18.2979	86	134.0000	70.5633
18.5106	87	144.0000	70.6709
18.7234	88	151.0000	70.7785
18.9362	89	156.0000	70.8861
19.1489	90	163.0000	70.9937
19.3617	91	168.0000	71.1013
19.5745	92	169.0000	71.2089
19.7872	93	168.0000	71.3165
20.0000	94	165.0000	71.4240
20.2128	95	168.0000	71.5316
20.4255	96	161.0000	71.6392
20.6383	97	159.0000	71.7468
20.8511	98	160.0000	71.8544
21.0638	99	157.0000	71.9620
21.2766	100	153.0000	72.0696
21.4894	101	150.0000	72.1772
21.7021	102	146.0000	72.2848
21.9149	103	143.0000	72.3924
22.1277	104	140.0000	72.5000
22.3404	105	140.0000	72.6076
22.5532	106	134.0000	72.7152
22.7660	107	131.0000	72.8228
22.9787	108	126.0000	72.9304
23.1915	109	125.0000	73.0380
23.4043	110	125.0000	73.1456
23.6170	111	123.0000	73.2532
23.8298	112	120.0000	73.3608
24.0426	113	117.0000	73.4684
24.2553	114	116.0000	73.5760
24.4681	115	114.0000	73.6835
24.6809	116	112.0000	73.7911
24.8936	117	107.0000	73.8987
25.1064	118	111.0000	74.0063
25.3191	119	108.0000	74.1139
25.5319	120	106.0000	74.2215
25.7447	121	104.0000	74.3291
25.9574	122	105.0000	74.4367
26.1702	123	104.0000	74.5443
26.3830	124	102.0000	74.6519
26.5957	125	102.0000	74.7595
26.8085	126	100.0000	74.8671
27.0213	127	99.0000	74.9747
27.2340	128	100.0000	75.0823
27.4468	129	98.0000	75.1899
27.6596	130	95.0000	75.2975
27.8723	131	96.0000	75.4051
28.0851	132	93.0000	75.5127
28.2979	133	94.0000	75.6203
28.5106	134	93.0000	75.7278
28.7234	135	92.0000	75.8354
28.9362	136	91.0000	75.9430
29.1489	137	92.0000	76.0506
29.3617	138	91.0000	76.1582
29.5745	139	90.0000	76.2658
29.7872	140	90.0000	76.3734
30.0000	141	90.0000	76.4810
30.2128	142	87.0000	76.5886
30.4255	143	89.0000	76.6962
30.6383	144	89.0000	76.8038
30.8511	145	88.0000	76.9114
31.0638	146	87.0000	77.0190
31.2766	147	86.0000	77.1266
31.4894	148	88.0000	77.2342
31.7021	149	86.0000	77.3418
31.9149	150	84.0000	77.4494
32.1277	151	83.0000	77.5570
32.3404	152	84.0000	77.6646
32.5532	153	83.0000	77.7722
32.7660	154	84.0000	77.8797
32.9787	155	83.0000	77.9873
33.1915	156	83.0000	78.0949
33.4043	157	83.0000	78.2025
33.6170	158	83.0000	78.3101
33.8298	159	83.0000	78.4177
34.0426	160	82.0000	78.5253
34.2553	161	82.0000	78.6329
34.4681	162	82.0000	78.7405
34.6809	163	81.0000	78.8481
34.8936	164	81.0000	78.9557
35.1064	165	82.0000	79.0633
35.3191	166	80.0000	79.1709
35.5319	167	81.0000	79.2785
35.7447	168	81.0000	79.3861
35.9574	169	82.0000	79.4937
36.1702	170	81.0000	79.6013
36.3830	171	79.0000	79.7089
36.5957	172	80.0000	79.8165
36.8085	173	82.0000	79.9240
37.0213	174	81.0000	80.0316
37.2340	175	80.0000	80.1392
37.4468	176	78.0000	80.2468
37.6596	177	80.0000	80.3544
37.8723	178	82.0000	80.4620
38.0851	179	80.0000	80.5696
38.2979	180	80.0000	80.6772
38.5106	181	80.0000	80.7848
38.7234	182	81.0000	80.8924
38.9362	183	81.0000	81.0000
39.1489	184	80.0000	80.9556
39.3617	185	80.0000	80.9111
39.5745	186	81.0000	80.8667
39.7872	187	79.0000	80.8222
40.0000	188	80.0000	80.7778
40.2128	189	79.0000	80.7333
40.4255	190	78.0000	80.6889
40.6383	191	79.0000	80.6444
40.8511	192	81.0000	80.6000
41.0638	193	80.0000	80.5556
41.2766	194	81.0000	80.5111
41.4894	195	80.0000	80.4667
41.7021	196	80.0000	80.4222
41.9149	197	80.0000	80.3778
42.1277	198	81.0000	80.3333
42.3404	199	79.0000	80.2889
42.5532	200	79.0000	80.2444
42.7660	201	79.0000	80.2000
42.9787	202	80.0000	80.1556
43.1915	203	79.0000	80.1111
43.4043	204	80.0000	80.0667
43.6170	205	80.0000	80.0222
43.8298	206	81.0000	79.9778
44.0426	207	81.0000	79.9333
44.2553	208	80.0000	79.8889
44.4681	209	79.0000	79.8444
44.6809	210	79.0000	79.8000
44.8936	211	78.0000	79.7556
45.1064	212	79.0000	79.7111
45.3191	213	80.0000	79.6667
45.5319	214	79.0000	79.6222
45.7447	215	79.0000	79.5778
45.9574	216	79.0000	79.5333
46.1702	217	79.0000	79.4889
46.3830	218	78.0000	79.4444
46.5957	219	80.0000	79.4000
46.8085	220	80.0000	79.3556
47.0213	221	80.0000	79.3111
47.2340	222	78.0000	79.2667
47.4468	223	79.0000	79.2222
47.6596	224	80.0000	79.1778
47.8723	225	79.0000	79.1333
48.0851	226	79.0000	79.0889
48.2979	227	80.0000	79.0444
48.5106	228	79.0000	79.0000
48.7234	229	80.0000	79.0244
48.9362	230	80.0000	79.0488
49.1489	231	79.0000	79.0732
49.3617	232	80.0000	79.0976
49.5745	233	79.0000	79.1219
49.7872	234	81.0000	79.1463
50.0000	235	79.0000	79.1707
50.2128	236	80.0000	79.1951
50.4255	237	80.0000	79.2195
50.6383	238	79.0000	79.2439
50.8511	239	80.0000	79.2683
51.0638	240	79.0000	79.2927
51.2766	241	79.0000	79.3171
51.4894	242	78.0000	79.3415
51.7021	243	80.0000	79.3659
51.9149	244	80.0000	79.3902
52.1277	245	79.0000	79.4146
52.3404	246	80.0000	79.4390
52.5532	247	79.0000	79.4634
52.7660	248	80.0000	79.4878
52.9787	249	79.0000	79.5122
53.1915	250	78.0000	79.5366
53.4043	251	80.0000	79.5610
53.6170	252	79.0000	79.5854
53.8298	253	79.0000	79.6098
54.0426	254	79.0000	79.6341
54.2553	255	81.0000	79.6585
54.4681	256	80.0000	79.6829
54.6809	257	80.0000	79.7073
54.8936	258	80.0000	79.7317
55.1064	259	80.0000	79.7561
55.3191	260	81.0000	79.7805
55.5319	261	80.0000	79.8049
55.7447	262	80.0000	79.8293
55.9574	263	80.0000	79.8537
56.1702	264	79.0000	79.8781
56.3830	265	80.0000	79.9024
56.5957	266	79.0000	79.9268
56.8085	267	78.0000	79.9512
57.0213	268	79.0000	79.9756
57.2340	269	80.0000	80.0000
57.4468	270	81.0000	80.0465
57.6596	271	78.0000	80.0930
57.8723	272	80.0000	80.1395
58.0851	273	79.0000	80.1860
58.2979	274	80.0000	80.2326
58.5106	275	80.0000	80.2791
58.7234	276	80.0000	80.3256
58.9362	277	79.0000	80.3721
59.1489	278	79.0000	80.4186
59.3617	279	80.0000	80.4651
59.5745	280	80.0000	80.5116
59.7872	281	80.0000	80.5581
60.0000	282	80.0000	80.6047
60.2128	283	81.0000	80.6512
60.4255	284	80.0000	80.6977
60.6383	285	81.0000	80.7442
60.8511	286	79.0000	80.7907
61.0638	287	79.0000	80.8372
61.2766	288	79.0000	80.8837
61.4894	289	80.0000	80.9302
61.7021	290	81.0000	80.9767
61.9149	291	79.0000	81.0233
62.1277	292	80.0000	81.0698
62.3404	293	81.0000	81.1163
62.5532	294	81.0000	81.1628
62.7660	295	82.0000	81.2093
62.9787	296	81.0000	81.2558
63.1915	297	79.0000	81.3023
63.4043	298	82.0000	81.3488
63.6170	299	80.0000	81.3953
63.8298	300	81.0000	81.4419
64.0426	301	81.0000	81.4884
64.2553	302	81.0000	81.5349
64.4681	303	82.0000	81.5814
64.6809	304	82.0000	81.6279
64.8936	305	81.0000	81.6744
65.1064	306	82.0000	81.7209
65.3191	307	82.0000	81.7674
65.5319	308	82.0000	81.8140
65.7447	309	83.0000	81.8605
65.9574	310	81.0000	81.9070
66.1702	311	84.0000	81.9535
66.3830	312	82.0000	82.0000
66.5957	313	86.0000	82.0000
66.8085	314	84.0000	82.0000
67.0213	315	84.0000	82.0000
67.2340	316	84.0000	82.0000
67.4468	317	83.0000	82.0000
67.6596	318	85.0000	82.0000
67.8723	319	84.0000	82.0000
68.0851	320	84.0000	82.0000
68.2979	321	88.0000	82.0000
68.5106	322	87.0000	82.0000
68.7234	323	86.0000	82.0000
68.9362	324	88.0000	82.0000
69.1489	325	88.0000	82.0000
69.3617	326	87.0000	82.0000
69.5745	327	88.0000	82.0000
69.7872	328	88.0000	82.0000
70.0000	329	90.0000	82.0000
70.2128	330	88.0000	82.0000
70.4255	331	88.0000	82.0000
70.6383	332	87.0000	82.0000
70.8511	333	90.0000	82.0000
71.0638	334	88.0000	82.0000
71.2766	335	88.0000	82.0000
71.4894	336	90.0000	82.0000
71.7021	337	90.0000	82.0000
71.9149	338	88.0000	82.0000
72.1277	339	90.0000	82.0000
72.3404	340	89.0000	82.0000
72.5532	341	90.0000	82.0000
72.7660	342	88.0000	82.0000
72.9787	343	93.0000	82.0000
73.1915	344	93.0000	82.0000
73.4043	345	90.0000	82.0000
73.6170	346	93.0000	82.0000
73.8298	347	92.0000	82.0000
74.0426	348	95.0000	82.0000
74.2553	349	91.0000	82.0000
74.4681	350	92.0000	82.0000
74.6809	351	94.0000	82.0000
74.8936	352	94.0000	82.0000
75.1064	353	93.0000	82.0000
75.3191	354	92.0000	82.0000
75.5319	355	95.0000	82.0000
75.7447	356	96.0000	82.0000
75.9574	357	95.0000	82.0000
76.1702	358	93.0000	82.0000
76.3830	359	94.0000	82.0000
76.5957	360	96.0000	82.0000
76.8085	361	96.0000	82.0000
77.0213	362	95.0000	82.0000
77.2340	363	96.0000	82.0000
77.4468	364	96.0000	82.0000
77.6596	365	93.0000	82.0000
77.8723	366	96.0000	82.0000
78.0851	367	96.0000	82.0000
78.2979	368	94.0000	82.0000
78.5106	369	94.0000	82.0000
78.7234	370	97.0000	82.0000
78.9362	371	97.0000	82.0000
79.1489	372	98.0000	82.0000
79.3617	373	95.0000	82.0000
79.5745	374	96.0000	82.0000
79.7872	375	94.0000	82.0000
80.0000	376	96.0000	82.0000
80.2128	377	95.0000	82.0000
80.4255	378	96.0000	82.0000
80.6383	379	93.0000	82.0000
80.8511	380	93.0000	82.0000
81.0638	381	94.0000	82.0000
81.2766	382	96.0000	82.0000
81.4894	383	94.0000	82.0000
81.7021	384	94.0000	82.0000
81.9149	385	95.0000	82.0000
82.1277	386	98.0000	82.0000
82.3404	387	96.0000	82.0000
82.5532	388	90.0000	82.0000
82.7660	389	93.0000	82.0000
82.9787	390	94.0000	82.0000
83.1915	391	92.0000	82.0000
83.4043	392	93.0000	82.0000
83.6170	393	91.0000	82.0000
83.8298	394	91.0000	82.0000
84.0426	395	90.0000	82.0000
84.2553	396	86.0000	82.0000
84.4681	397	90.0000	82.0000
84.6809	398	89.0000	82.0000
84.8936	399	86.0000	82.0000
85.1064	400	87.0000	82.0000
85.3191	401	88.0000	82.0000
85.5319	402	88.0000	82.0000
85.7447	403	85.0000	82.0000
85.9574	404	85.0000	82.0000
86.1702	405	88.0000	82.0000
86.3830	406	86.0000	82.0000
86.5957	407	84.0000	82.0000
86.8085	408	83.0000	82.0000
87.0213	409	83.0000	82.0000
87.2340	410	83.0000	82.0000
87.4468	411	82.0000	82.0000
87.6596	412	80.0000	82.0000
87.8723	413	82.0000	82.0000
88.0851	414	83.0000	81.7593
88.2979	415	80.0000	81.5185
88.5106	416	78.0000	81.2778
88.7234	417	78.0000	81.0370
88.9362	418	77.0000	80.7963
89.1489	419	80.0000	80.5556
89.3617	420	80.0000	80.3148
89.5745	421	77.0000	80.0741
89.7872	422	76.0000	79.8333
90.0000	423	76.0000	79.5926
90.2128	424	76.0000	79.3519
90.4255	425	76.0000	79.1111
90.6383	426	76.0000	78.8704
90.8511	427	74.0000	78.6296
91.0638	428	74.0000	78.3889
91.2766	429	75.0000	78.1481
91.4894	430	73.0000	77.9074
91.7021	431	74.0000	77.6667
91.9149	432	73.0000	77.4259
92.1277	433	73.0000	77.1852
92.3404	434	73.0000	76.9444
92.5532	435	72.0000	76.7037
92.7660	436	73.0000	76.4630
92.9787	437	72.0000	76.2222
93.1915	438	72.0000	75.9815
93.4043	439	73.0000	75.7407
93.6170	440	71.0000	75.5000
93.8298	441	72.0000	75.2593
94.0426	442	71.0000	75.0185
94.2553	443	72.0000	74.7778
94.4681	444	71.0000	74.5370
94.6809	445	72.0000	74.2963
94.8936	446	72.0000	74.0556
95.1064	447	70.0000	73.8148
95.3191	448	70.0000	73.5741
95.5319	449	71.0000	73.3333
95.7447	450	71.0000	73.0926
95.9574	451	70.0000	72.8519
96.1702	452	70.0000	72.6111
96.3830	453	71.0000	72.3704
96.5957	454	72.0000	72.1296
96.8085	455	71.0000	71.8889
97.0213	456	70.0000	71.6481
97.2340	457	71.0000	71.4074
97.4468	458	71.0000	71.1667
97.6596	459	70.0000	70.9259
97.8723	460	70.0000	70.6852
98.0851	461	70.0000	70.4444
98.2979	462	71.0000	70.2037
98.5106	463	71.0000	69.9630
98.7234	464	71.0000	69.7222
98.9362	465	72.0000	69.4815
99.1489	466	72.0000	69.2407
99.3617	467	69.0000	69.0000
99.5745	468	71.0000	70.0000
99.7872	469	71.0000	71.0000
100.0000	470	71.0000	71.0000
---------- 2: r2b_f2 ----------
Offset(%)	Offset(pix)	Profile	Background
0.0000	0	71.0000	71.0000
0.2128	1	71.0000	70.8696
0.4255	2	72.0000	70.7391
0.6383	3	71.0000	70.6087
0.8511	4	71.0000	70.4783
1.0638	5	70.0000	70.3478
1.2766	6	71.0000	70.2174
1.4894	7	73.0000	70.0870
1.7021	8	70.0000	69.9565
1.9149	9	70.0000	69.8261
2.1277	10	71.0000	69.6957
2.3404	11	70.0000	69.5652
2.5532	12	73.0000	69.4348
2.7660	13	71.0000	69.3043
2.9787	14	70.0000	69.1739
3.1915	15	69.0000	69.0435
3.4043	16	70.0000	68.9130
3.6170	17	73.0000	68.7826
3.8298	18	76.0000	68.6522
4.0426	19	72.0000	68.5217
4.2553	20	74.0000	68.3913
4.4681	21	72.0000	68.2609
4.6809	22	70.0000	68.1304
4.8936	23	68.0000	68.0000
5.1064	24	70.0000	68.0571
5.3191	25	69.0000	68.1143
5.5319	26	70.0000	68.1714
5.7447	27	70.0000	68.2286
5.9574	28	72.0000	68.2857
6.1702	29	74.0000	68.3429
6.3830	30	75.0000	68.4000
6.5957	31	73.0000	68.4571
6.8085	32	70.0000	68.5143
7.0213	33	70.0000	68.5714
7.2340	34	71.0000	68.6286
7.4468	35	70.0000	68.6857
7.6596	36	74.0000	68.7429
7.8723	37	72.0000	68.8000
8.0851	38	73.0000	68.8571
8.2979	39	73.0000	68.9143
8.5106	40	71.0000	68.9714
8.7234	41	72.0000	69.0286
8.9362	42	74.0000	69.0857
9.1489	43	73.0000	69.1429
9.3617	44	70.0000	69.2000
9.5745	45	71.0000	69.2571
9.7872	46	71.0000	69.3143
10.0000	47	72.0000	69.3714
10.2128	48	70.0000	69.4286
10.4255	49	74.0000	69.4857
10.6383	50	71.0000	69.5429
10.8511	51	72.0000	69.6000
11.0638	52	71.0000	69.6571
11.2766	53	71.0000	69.7143
11.4894	54	72.0000	69.7714
11.7021	55	72.0000	69.8286
11.9149	56	71.0000	69.8857
12.1277	57	72.0000	69.9429
12.3404	58	70.0000	70.0000
12.5532	59	73.0000	70.1395
12.7660	60	72.0000	70.2791
12.9787	61	71.0000	70.4186
13.1915	62	71.0000	70.5581
13.4043	63	72.0000	70.6977
13.6170	64	72.0000	70.8372
13.8298	65	71.0000	70.9767
14.0426	66	72.0000	71.1163
14.2553	67	71.0000	71.2558
14.4681	68	71.0000	71.3953
14.6809	69	71.0000	71.5349
14.8936	70	71.0000	71.6744
15.1064	71	71.0000	71.8140
15.3191	72	72.0000	71.9535
15.5319	73	73.0000	72.0930
15.7447	74	72.0000	72.2326
15.9574	75	74.0000	72.3721
16.1702	76	72.0000	72.5116
16.3830	77	73.0000	72.6512
16.5957	78	73.0000	72.7907
16.8085	79	73.0000	72.9302
17.0213	80	75.0000	73.0698
17.2340	81	76.0000	73.2093
17.4468	82	75.0000	73.3488
17.6596	83	76.0000	73.4884
17.8723	84	76.0000	73.6279
18.0851	85	79.0000	73.7674
18.2979	86	77.0000	73.9070
18.5106	87	79.0000	74.0465
18.7234	88	80.0000	74.1861
18.9362	89	82.0000	74.3256
19.1489	90	83.0000	74.4651
19.3617	91	83.0000	74.6047
19.5745	92	81.0000	74.7442
19.7872	93	84.0000	74.8837
20.0000	94	85.0000	75.0233
20.2128	95	87.0000	75.1628
20.4255	96	86.0000	75.3023
20.6383	97	89.0000	75.4419
20.8511	98	91.0000	75.5814
21.0638	99	90.0000	75.7209
21.2766	100	93.0000	75.8605
21.4894	101	93.0000	76.0000
21.7021	102	94.0000	76.1395
21.9149	103	95.0000	76.2791
22.1277	104	94.0000	76.4186
22.3404	105	93.0000	76.5581
22.5532	106	93.0000	76.6977
22.7660	107	93.0000	76.8372
22.9787	108	96.0000	76.9767
23.1915	109	96.0000	77.1163
23.4043	110	96.0000	77.2558
23.6170	111	94.0000	77.3953
23.8298	112	96.0000	77.5349
24.0426	113	95.0000	77.6744
24.2553	114	97.0000	77.8139
24.4681	115	97.0000	77.9535
24.6809	116	95.0000	78.0930
24.8936	117	94.0000	78.2326
25.1064	118	97.0000	78.3721
25.3191	119	95.0000	78.5116
25.5319	120	97.0000	78.6512
25.7447	121	93.0000	78.7907
25.9574	122	92.0000	78.9302
26.1702	123	95.0000	79.0698
26.3830	124	96.0000	79.2093
26.5957	125	96.0000	79.3488
26.8085	126	96.0000	79.4884
27.0213	127	94.0000	79.6279
27.2340	128	95.0000	79.7674
27.4468	129	93.0000	79.9070
27.6596	130	97.0000	80.0465
27.8723	131	93.0000	80.1861
28.0851	132	93.0000	80.3256
28.2979	133	97.0000	80.4651
28.5106	134	98.0000	80.6047
28.7234	135	95.0000	80.7442
28.9362	136	95.0000	80.8837
29.1489	137	95.0000	81.0233
29.3617	138	97.0000	81.1628
29.5745	139	95.0000	81.3023
29.7872	140	94.0000	81.4419
30.0000	141	94.0000	81.5814
30.2128	142	92.0000	81.7209
30.4255	143	93.0000	81.8605
30.6383	144	94.0000	82.0000
30.8511	145	94.0000	82.1395
31.0638	146	93.0000	82.2791
31.2766	147	94.0000	82.4186
31.4894	148	93.0000	82.5581
31.7021	149	94.0000	82.6977
31.9149	150	95.0000	82.8372
32.1277	151	92.0000	82.9767
32.3404	152	93.0000	83.1163
32.5532	153	92.0000	83.2558
32.7660	154	95.0000	83.3953
32.9787	155	91.0000	83.5349
33.1915	156	95.0000	83.6744
33.4043	157	94.0000	83.8139
33.6170	158	92.0000	83.9535
33.8298	159	93.0000	84.0930
34.0426	160	92.0000	84.2326
34.2553	161	92.0000	84.3721
34.4681	162	94.0000	84.5116
34.6809	163	95.0000	84.6512
34.8936	164	92.0000	84.7907
35.1064	165	92.0000	84.9302
35.3191	166	95.0000	85.0698
35.5319	167	94.0000	85.2093
35.7447	168	94.0000	85.3488
35.9574	169	92.0000	85.4884
36.1702	170	92.0000	85.6279
36.3830	171	92.0000	85.7674
36.5957	172	95.0000	85.9070
36.8085	173	94.0000	86.0465
37.0213	174	90.0000	86.1861
37.2340	175	94.0000	86.3256
37.4468	176	93.0000	86.4651
37.6596	177	94.0000	86.6047
37.8723	178	94.0000	86.7442
38.0851	179	92.0000	86.8837
38.2979	180	93.0000	87.0233
38.5106	181	91.0000	87.1628
38.7234	182	95.0000	87.3023
38.9362	183	94.0000	87.4419
39.1489	184	93.0000	87.5814
39.3617	185	94.0000	87.7209
39.5745	186	92.0000	87.8605
39.7872	187	93.0000	88.0000
40.0000	188	93.0000	88.1395
40.2128	189	92.0000	88.2791
40.4255	190	93.0000	88.4186
40.6383	191	94.0000	88.5581
40.8511	192	94.0000	88.6977
41.0638	193	95.0000	88.8372
41.2766	194	95.0000	88.9767
41.4894	195	94.0000	89.1163
41.7021	196	95.0000	89.2558
41.9149	197	94.0000	89.3953
42.1277	198	94.0000	89.5349
42.3404	199	92.0000	89.6744
42.5532	200	95.0000	89.8139
42.7660	201	95.0000	89.9535
42.9787	202	96.0000	90.0930
43.1915	203	93.0000	90.2326
43.4043	204	92.0000	90.3721
43.6170	205	93.0000	90.5116
43.8298	206	93.0000	90.6512
44.0426	207	92.0000	90.7907
44.2553	208	94.0000	90.9302
44.4681	209	92.0000	91.0698
44.6809	210	92.0000	91.2093
44.8936	211	94.0000	91.3488
45.1064	212	94.0000	91.4884
45.3191	213	93.0000	91.6279
45.5319	214	92.0000	91.7674
45.7447	215	94.0000	91.9070
45.9574	216	94.0000	92.0465
46.1702	217	92.0000	92.1861
46.3830	218	92.0000	92.3256
46.5957	219	90.0000	92.4651
46.8085	220	92.0000	92.6047
47.0213	221	93.0000	92.7442
47.2340	222	94.0000	92.8837
47.4468	223	91.0000	93.0233
47.6596	224	92.0000	93.1628
47.8723	225	93.0000	93.3023
48.0851	226	93.0000	93.4419
48.2979	227	91.0000	93.5814
48.5106	228	93.0000	93.7209
48.7234	229	94.0000	93.8605
48.9362	230	94.0000	94.0000
49.1489	231	93.0000	93.8872
49.3617	232	92.0000	93.7744
49.5745	233	93.0000	93.6617
49.7872	234	93.0000	93.5489
50.0000	235	93.0000	93.4361
50.2128	236	93.0000	93.3233
50.4255	237	94.0000	93.2105
50.6383	238	92.0000	93.0977
50.8511	239	93.0000	92.9850
51.0638	240	93.0000	92.8722
51.2766	241	94.0000	92.7594
51.4894	242	90.0000	92.6466
51.7021	243	91.0000	92.5338
51.9149	244	92.0000	92.4211
52.1277	245	92.0000	92.3083
52.3404	246	92.0000	92.1955
52.5532	247	93.0000	92.0827
52.7660	248	91.0000	91.9699
52.9787	249	92.0000	91.8571
53.1915	250	92.0000	91.7444
53.4043	251	91.0000	91.6316
53.6170	252	92.0000	91.5188
53.8298	253	93.0000	91.4060
54.0426	254	93.0000	91.2932
54.2553	255	91.0000	91.1805
54.4681	256	91.0000	91.0677
54.6809	257	92.0000	90.9549
54.8936	258	91.0000	90.8421
55.1064	259	94.0000	90.7293
55.3191	260	92.0000	90.6165
55.5319	261	91.0000	90.5038
55.7447	262	91.0000	90.3910
55.9574	263	91.0000	90.2782
56.1702	264	91.0000	90.1654
56.3830	265	93.0000	90.0526
56.5957	266	90.0000	89.9398
56.8085	267	89.0000	89.8271
57.0213	268	91.0000	89.7143
57.2340	269	90.0000	89.6015
57.4468	270	91.0000	89.4887
57.6596	271	91.0000	89.3759
57.8723	272	91.0000	89.2632
58.0851	273	91.0000	89.1504
58.2979	274	94.0000	89.0376
58.5106	275	90.0000	88.9248
58.7234	276	89.0000	88.8120
58.9362	277	92.0000	88.6992
59.1489	278	92.0000	88.5865
59.3617	279	92.0000	88.4737
59.5745	280	92.0000	88.3609
59.7872	281	95.0000	88.2481
60.0000	282	92.0000	88.1353
60.2128	283	93.0000	88.0226
60.4255	284	94.0000	87.9098
60.6383	285	94.0000	87.7970
60.8511	286	93.0000	87.6842
61.0638	287	93.0000	87.5714
61.2766	288	93.0000	87.4586
61.4894	289	94.0000	87.3459
61.7021	290	93.0000	87.2331
61.9149	291	92.0000	87.1203
62.1277	292	94.0000	87.0075
62.3404	293	93.0000	86.8947
62.5532	294	94.0000	86.7820
62.7660	295	92.0000	86.6692
62.9787	296	92.0000	86.5564
63.1915	297	95.0000	86.4436
63.4043	298	96.0000	86.3308
63.6170	299	93.0000	86.2180
63.8298	300	95.0000	86.1053
64.0426	301	95.0000	85.9925
64.2553	302	93.0000	85.8797
64.4681	303	94.0000	85.7669
64.6809	304	93.0000	85.6541
64.8936	305	92.0000	85.5414
65.1064	306	93.0000	85.4286
65.3191	307	92.0000	85.3158
65.5319	308	94.0000	85.2030
65.7447	309	92.0000	85.0902
65.9574	310	91.0000	84.9774
66.1702	311	90.0000	84.8647
66.3830	312	93.0000	84.7519
66.5957	313	90.0000	84.6391
66.8085	314	90.0000	84.5263
67.0213	315	90.0000	84.4135
67.2340	316	89.0000	84.3008
67.4468	317	91.0000	84.1880
67.6596	318	88.0000	84.0752
67.8723	319	88.0000	83.9624
68.0851	320	92.0000	83.8496
68.2979	321	89.0000	83.7368
68.5106	322	89.0000	83.6241
68.7234	323	88.0000	83.5113
68.9362	324	88.0000	83.3985
69.1489	325	87.0000	83.2857
69.3617	326	89.0000	83.1729
69.5745	327	89.0000	83.0602
69.7872	328	91.0000	82.9474
70.0000	329	89.0000	82.8346
70.2128	330	89.0000	82.7218
70.4255	331	88.0000	82.6090
70.6383	332	88.0000	82.4962
70.8511	333	89.0000	82.3835
71.0638	334	88.0000	82.2707
71.2766	335	87.0000	82.1579
71.4894	336	91.0000	82.0451
71.7021	337	88.0000	81.9323
71.9149	338	87.0000	81.8195
72.1277	339	86.0000	81.7068
72.3404	340	87.0000	81.5940
72.5532	341	87.0000	81.4812
72.7660	342	87.0000	81.3684
72.9787	343	86.0000	81.2556
73.1915	344	85.0000	81.1429
73.4043	345	86.0000	81.0301
73.6170	346	87.0000	80.9173
73.8298	347	84.0000	80.8045
74.0426	348	84.0000	80.6917
74.2553	349	84.0000	80.5789
74.4681	350	85.0000	80.4662
74.6809	351	85.0000	80.3534
74.8936	352	84.0000	80.2406
75.1064	353	83.0000	80.1278
75.3191	354	84.0000	80.0150
75.5319	355	82.0000	79.9023
75.7447	356	82.0000	79.7895
75.9574	357	82.0000	79.6767
76.1702	358	80.0000	79.5639
76.3830	359	81.0000	79.4511
76.5957	360	81.0000	79.3383
76.8085	361	81.0000	79.2256
77.0213	362	80.0000	79.1128
77.2340	363	79.0000	79.0000
77.4468	364	79.0000	78.9340
77.6596	365	78.0000	78.8679
77.8723	366	78.0000	78.8019
78.0851	367	78.0000	78.7358
78.2979	368	78.0000	78.6698
78.5106	369	78.0000	78.6038
78.7234	370	77.0000	78.5377
78.9362	371	77.0000	78.4717
79.1489	372	77.0000	78.4057
79.3617	373	75.0000	78.3396
79.5745	374	76.0000	78.2736
79.7872	375	77.0000	78.2076
80.0000	376	75.0000	78.1415
80.2128	377	75.0000	78.0755
80.4255	378	75.0000	78.0094
80.6383	379	74.0000	77.9434
80.8511	380	74.0000	77.8774
81.0638	381	74.0000	77.8113
81.2766	382	74.0000	77.7453
81.4894	383	75.0000	77.6792
81.7021	384	75.0000	77.6132
81.9149	385	72.0000	77.5472
82.1277	386	74.0000	77.4811
82.3404	387	72.0000	77.4151
82.5532	388	74.0000	77.3491
82.7660	389	72.0000	77.2830
82.9787	390	72.0000	77.2170
83.1915	391	71.0000	77.1509
83.4043	392	72.0000	77.0849
83.6170	393	73.0000	77.0189
83.8298	394	73.0000	76.9528
84.0426	395	73.0000	76.8868
84.2553	396	70.0000	76.8208
84.4681	397	72.0000	76.7547
84.6809	398	71.0000	76.6887
84.8936	399	72.0000	76.6226
85.1064	400	70.0000	76.5566
85.3191	401	71.0000	76.4906
85.5319	402	72.0000	76.4245
85.7447	403	71.0000	76.3585
85.9574	404	72.0000	76.2924
86.1702	405	71.0000	76.2264
86.3830	406	71.0000	76.1604
86.5957	407	70.0000	76.0943
86.8085	408	71.0000	76.0283
87.0213	409	71.0000	75.9623
87.2340	410	70.0000	75.8962
87.4468	411	69.0000	75.8302
87.6596	412	71.0000	75.7642
87.8723	413	72.0000	75.6981
88.0851	414	70.0000	75.6321
88.2979	415	71.0000	75.5660
88.5106	416	69.0000	75.5000
88.7234	417	70.0000	75.4340
88.9362	418	69.0000	75.3679
89.1489	419	70.0000	75.3019
89.3617	420	69.0000	75.2358
89.5745	421	71.0000	75.1698
89.7872	422	70.0000	75.1038
90.0000	423	71.0000	75.0377
90.2128	424	70.0000	74.9717
90.4255	425	71.0000	74.9057
90.6383	426	70.0000	74.8396
90.8511	427	71.0000	74.7736
91.0638	428	71.0000	74.7076
91.2766	429	71.0000	74.6415
91.4894	430	71.0000	74.5755
91.7021	431	70.0000	74.5094
91.9149	432	70.0000	74.4434
92.1277	433	71.0000	74.3774
92.3404	434	72.0000	74.3113
92.5532	435	70.0000	74.2453
92.7660	436	72.0000	74.1792
92.9787	437	72.0000	74.1132
93.1915	438	70.0000	74.0472
93.4043	439	70.0000	73.9811
93.6170	440	71.0000	73.9151
93.8298	441	70.0000	73.8491
94.0426	442	71.0000	73.7830
94.2553	443	70.0000	73.7170
94.4681	444	71.0000	73.6509
94.6809	445	70.0000	73.5849
94.8936	446	70.0000	73.5189
95.1064	447	71.0000	73.4528
95.3191	448	71.0000	73.3868
95.5319	449	70.0000	73.3208
95.7447	450	70.0000	73.2547
95.9574	451	71.0000	73.1887
96.1702	452	73.0000	73.1226
96.3830	453	70.0000	73.0566
96.5957	454	71.0000	72.9906
96.8085	455	70.0000	72.9245
97.0213	456	72.0000	72.8585
97.2340	457	72.0000	72.7924
97.4468	458	71.0000	72.7264
97.6596	459	70.0000	72.6604
97.8723	460	71.0000	72.5943
98.0851	461	71.0000	72.5283
98.2979	462	72.0000	72.4623
98.5106	463	71.0000	72.3962
98.7234	464	72.0000	72.3302
98.9362	465	71.0000	72.2642
99.1489	466	72.0000	72.1981
99.3617	467	71.0000	72.1321
99.5745	468	71.0000	72.0660
99.7872	469	72.0000	72.0000
100.0000	470	71.0000	71.0000
---------- 3: r2b_f3 ----------
Offset(%)	Offset(pix)	Profile	Background
0.0000	0	70.0000	70.0000
0.2128	1	71.0000	69.7917
0.4255	2	69.0000	69.5833
0.6383	3	70.0000	69.3750
0.8511	4	71.0000	69.1667
1.0638	5	71.0000	68.9583
1.2766	6	73.0000	68.7500
1.4894	7	72.0000	68.5417
1.7021	8	72.0000	68.3333
1.9149	9	72.0000	68.1250
2.1277	10	71.0000	67.9167
2.3404	11	72.0000	67.7083
2.5532	12	72.0000	67.5000
2.7660	13	71.0000	67.2917
2.9787	14	68.0000	67.0833
3.1915	15	67.0000	66.8750
3.4043	16	69.0000	66.6667
3.6170	17	75.0000	66.4583
3.8298	18	76.0000	66.2500
4.0426	19	74.0000	66.0417
4.2553	20	72.0000	65.8333
4.4681	21	72.0000	65.6250
4.6809	22	68.0000	65.4167
4.8936	23	66.0000	65.2083
5.1064	24	65.0000	65.0000
5.3191	25	66.0000	65.1667
5.5319	26	66.0000	65.3333
5.7447	27	70.0000	65.5000
5.9574	28	75.0000	65.6667
6.1702	29	81.0000	65.8333
6.3830	30	79.0000	66.0000
6.5957	31	74.0000	66.1667
6.8085	32	71.0000	66.3333
7.0213	33	71.0000	66.5000
7.2340	34	72.0000	66.6667
7.4468	35	71.0000	66.8333
7.6596	36	74.0000	67.0000
7.8723	37	75.0000	67.1667
8.0851	38	74.0000	67.3333
8.2979	39	74.0000	67.5000
8.5106	40	73.0000	67.6667
8.7234	41	73.0000	67.8333
8.9362	42	73.0000	68.0000
9.1489	43	72.0000	68.1667
9.3617	44	72.0000	68.3333
9.5745	45	71.0000	68.5000
9.7872	46	72.0000	68.6667
10.0000	47	71.0000	68.8333
10.2128	48	72.0000	69.0000
10.4255	49	71.0000	69.1667
10.6383	50	70.0000	69.3333
10.8511	51	71.0000	69.5000
11.0638	52	71.0000	69.6667
11.2766	53	71.0000	69.8333
11.4894	54	71.0000	70.0000
11.7021	55	71.0000	70.1667
11.9149	56	72.0000	70.3333
12.1277	57	71.0000	70.5000
12.3404	58	72.0000	70.6667
12.5532	59	71.0000	70.8333
12.7660	60	70.0000	71.0000
12.9787	61	72.0000	71.1667
13.1915	62	72.0000	71.3333
13.4043	63	72.0000	71.5000
13.6170	64	71.0000	71.6667
13.8298	65	73.0000	71.8333
14.0426	66	73.0000	72.0000
14.2553	67	74.0000	72.1667
14.4681	68	71.0000	72.3333
14.6809	69	73.0000	72.5000
14.8936	70	72.0000	72.6667
15.1064	71	74.0000	72.8333
15.3191	72	73.0000	73.0000
15.5319	73	73.0000	73.1667
15.7447	74	73.0000	73.3333
15.9574	75	75.0000	73.5000
16.1702	76	76.0000	73.6667
16.3830	77	77.0000	73.8333
16.5957	78	75.0000	74.0000
16.8085	79	77.0000	74.1667
17.0213	80	77.0000	74.3333
17.2340	81	77.0000	74.5000
17.4468	82	79.0000	74.6667
17.6596	83	78.0000	74.8333
17.8723	84	80.0000	75.0000
18.0851	85	81.0000	75.1667
18.2979	86	83.0000	75.3333
18.5106	87	83.0000	75.5000
18.7234	88	84.0000	75.6667
18.9362	89	86.0000	75.8333
19.1489	90	87.0000	76.0000
19.3617	91	89.0000	76.1667
19.5745	92	92.0000	76.3333
19.7872	93	93.0000	76.5000
20.0000	94	91.0000	76.6667
20.2128	95	95.0000	76.8333
20.4255	96	98.0000	77.0000
20.6383	97	96.0000	77.1667
20.8511	98	101.0000	77.3333
21.0638	99	98.0000	77.5000
21.2766	100	99.0000	77.6667
21.4894	101	101.0000	77.8333
21.7021	102	100.0000	78.0000
21.9149	103	103.0000	78.1667
22.1277	104	100.0000	78.3333
22.3404	105	101.0000	78.5000
22.5532	106	106.0000	78.6667
22.7660	107	101.0000	78.8333
22.9787	108	104.0000	79.0000
23.1915	109	103.0000	79.1667
23.4043	110	105.0000	79.3333
23.6170	111	104.0000	79.5000
23.8298	112	103.0000	79.6667
24.0426	113	104.0000	79.8333
24.2553	114	104.0000	80.0000
24.4681	115	104.0000	80.1667
24.6809	116	104.0000	80.3333
24.8936	117	104.0000	80.5000
25.1064	118	103.0000	80.6667
25.3191	119	105.0000	80.8333
25.5319	120	105.0000	81.0000
25.7447	121	104.0000	81.1667
25.9574	122	104.0000	81.3333
26.1702	123	105.0000	81.5000
26.3830	124	104.0000	81.6667
26.5957	125	104.0000	81.8333
26.8085	126	106.0000	82.0000
27.0213	127	103.0000	82.1667
27.2340	128	102.0000	82.3333
27.4468	129	103.0000	82.5000
27.6596	130	101.0000	82.6667
27.8723	131	103.0000	82.8333
28.0851	132	100.0000	83.0000
28.2979	133	103.0000	83.1667
28.5106	134	102.0000	83.3333
28.7234	135	99.0000	83.5000
28.9362	136	98.0000	83.6667
29.1489	137	96.0000	83.8333
29.3617	138	100.0000	84.0000
29.5745	139	97.0000	84.1667
29.7872	140	101.0000	84.3333
30.0000	141	99.0000	84.5000
30.2128	142	99.0000	84.6667
30.4255	143	99.0000	84.8333
30.6383	144	101.0000	85.0000
30.8511	145	98.0000	85.1667
31.0638	146	100.0000	85.3333
31.2766	147	97.0000	85.5000
31.4894	148	99.0000	85.6667
31.7021	149	99.0000	85.8333
31.9149	150	99.0000	86.0000
32.1277	151	99.0000	86.1667
32.3404	152	98.0000	86.3333
32.5532	153	100.0000	86.5000
32.7660	154	98.0000	86.6667
32.9787	155	99.0000	86.8333
33.1915	156	98.0000	87.0000
33.4043	157	100.0000	87.1667
33.6170	158	99.0000	87.3333
33.8298	159	99.0000	87.5000
34.0426	160	98.0000	87.6667
34.2553	161	98.0000	87.8333
34.4681	162	96.0000	88.0000
34.6809	163	99.0000	88.1667
34.8936	164	99.0000	88.3333
35.1064	165	98.0000	88.5000
35.3191	166	99.0000	88.6667
35.5319	167	100.0000	88.8333
35.7447	168	98.0000	89.0000
35.9574	169	98.0000	89.1667
36.1702	170	98.0000	89.3333
36.3830	171	98.0000	89.5000
36.5957	172	97.0000	89.6667
36.8085	173	98.0000	89.8333
37.0213	174	99.0000	90.0000
37.2340	175	98.0000	90.1667
37.4468	176	98.0000	90.3333
37.6596	177	99.0000	90.5000
37.8723	178	97.0000	90.6667
38.0851	179	99.0000	90.8333
38.2979	180	96.0000	91.0000
38.5106	181	97.0000	91.1667
38.7234	182	100.0000	91.3333
38.9362	183	99.0000	91.5000
39.1489	184	99.0000	91.6667
39.3617	185	97.0000	91.8333
39.5745	186	99.0000	92.0000
39.7872	187	97.0000	92.1667
40.0000	188	99.0000	92.3333
40.2128	189	96.0000	92.5000
40.4255	190	97.0000	92.6667
40.6383	191	98.0000	92.8333
40.8511	192	100.0000	93.0000
41.0638	193	98.0000	93.1667
41.2766	194	98.0000	93.3333
41.4894	195	98.0000	93.5000
41.7021	196	98.0000	93.6667
41.9149	197	96.0000	93.8333
42.1277	198	99.0000	94.0000
42.3404	199	97.0000	94.1667
42.5532	200	97.0000	94.3333
42.7660	201	97.0000	94.5000
42.9787	202	96.0000	94.6667
43.1915	203	98.0000	94.8333
43.4043	204	95.0000	95.0000
43.6170	205	98.0000	94.8768
43.8298	206	101.0000	94.7537
44.0426	207	97.0000	94.6305
44.2553	208	97.0000	94.5074
44.4681	209	96.0000	94.3842
44.6809	210	98.0000	94.2611
44.8936	211	98.0000	94.1379
45.1064	212	97.0000	94.0148
45.3191	213	95.0000	93.8916
45.5319	214	97.0000	93.7685
45.7447	215	95.0000	93.6453
45.9574	216	97.0000	93.5222
46.1702	217	95.0000	93.3990
46.3830	218	96.0000	93.2759
46.5957	219	96.0000	93.1527
46.8085	220	96.0000	93.0296
47.0213	221	98.0000	92.9064
47.2340	222	97.0000	92.7832
47.4468	223	95.0000	92.6601
47.6596	224	96.0000	92.5369
47.8723	225	98.0000	92.4138
48.0851	226	98.0000	92.2906
48.2979	227	98.0000	92.1675
48.5106	228	96.0000	92.0443
48.7234	229	95.0000	91.9212
48.9362	230	98.0000	91.7980
49.1489	231	95.0000	91.6749
49.3617	232	97.0000	91.5517
49.5745	233	95.0000	91.4286
49.7872	234	95.0000	91.3054
50.0000	235	95.0000	91.1823
50.2128	236	96.0000	91.0591
50.4255	237	98.0000	90.9360
50.6383	238	97.0000	90.8128
50.8511	239	97.0000	90.6897
51.0638	240	95.0000	90.5665
51.2766	241	97.0000	90.4434
51.4894	242	95.0000	90.3202
51.7021	243	95.0000	90.1970
51.9149	244	95.0000	90.0739
52.1277	245	99.0000	89.9507
52.3404	246	97.0000	89.8276
52.5532	247	97.0000	89.7044
52.7660	248	96.0000	89.5813
52.9787	249	94.0000	89.4581
53.1915	250	99.0000	89.3350
53.4043	251	95.0000	89.2118
53.6170	252	95.0000	89.0887
53.8298	253	95.0000	88.9655
54.0426	254	94.0000	88.8424
54.2553	255	97.0000	88.7192
54.4681	256	94.0000	88.5961
54.6809	257	95.0000	88.4729
54.8936	258	97.0000	88.3498
55.1064	259	95.0000	88.2266
55.3191	260	97.0000	88.1034
55.5319	261	96.0000	87.9803
55.7447	262	95.0000	87.8571
55.9574	263	95.0000	87.7340
56.1702	264	94.0000	87.6108
56.3830	265	97.0000	87.4877
56.5957	266	96.0000	87.3645
56.8085	267	96.0000	87.2414
57.0213	268	95.0000	87.1182
57.2340	269	96.0000	86.9951
57.4468	270	96.0000	86.8719
57.6596	271	97.0000	86.7488
57.8723	272	96.0000	86.6256
58.0851	273	96.0000	86.5025
58.2979	274	95.0000	86.3793
58.5106	275	97.0000	86.2562
58.7234	276	97.0000	86.1330
58.9362	277	97.0000	86.0098
59.1489	278	96.0000	85.8867
59.3617	279	98.0000	85.7635
59.5745	280	97.0000	85.6404
59.7872	281	97.0000	85.5172
60.0000	282	96.0000	85.3941
60.2128	283	97.0000	85.2709
60.4255	284	98.0000	85.1478
60.6383	285	97.0000	85.0246
60.8511	286	96.0000	84.9015
61.0638	287	98.0000	84.7783
61.2766	288	98.0000	84.6552
61.4894	289	99.0000	84.5320
61.7021	290	99.0000	84.4089
61.9149	291	98.0000	84.2857
62.1277	292	99.0000	84.1626
62.3404	293	98.0000	84.0394
62.5532	294	103.0000	83.9163
62.7660	295	100.0000	83.7931
62.9787	296	99.0000	83.6700
63.1915	297	100.0000	83.5468
63.4043	298	102.0000	83.4236
63.6170	299	98.0000	83.3005
63.8298	300	102.0000	83.1773
64.0426	301	100.0000	83.0542
64.2553	302	98.0000	82.9310
64.4681	303	101.0000	82.8079
64.6809	304	101.0000	82.6847
64.8936	305	100.0000	82.5616
65.1064	306	99.0000	82.4384
65.3191	307	98.0000	82.3153
65.5319	308	99.0000	82.1921
65.7447	309	97.0000	82.0690
65.9574	310	94.0000	81.9458
66.1702	311	93.0000	81.8227
66.3830	312	96.0000	81.6995
66.5957	313	93.0000	81.5764
66.8085	314	94.0000	81.4532
67.0213	315	92.0000	81.3300
67.2340	316	94.0000	81.2069
67.4468	317	92.0000	81.0837
67.6596	318	94.0000	80.9606
67.8723	319	92.0000	80.8374
68.0851	320	94.0000	80.7143
68.2979	321	92.0000	80.5911
68.5106	322	92.0000	80.4680
68.7234	323	92.0000	80.3448
68.9362	324	92.0000	80.2217
69.1489	325	92.0000	80.0985
69.3617	326	92.0000	79.9754
69.5745	327	90.0000	79.8522
69.7872	328	91.0000	79.7291
70.0000	329	89.0000	79.6059
70.2128	330	89.0000	79.4828
70.4255	331	89.0000	79.3596
70.6383	332	89.0000	79.2365
70.8511	333	90.0000	79.1133
71.0638	334	86.0000	78.9902
71.2766	335	89.0000	78.8670
71.4894	336	89.0000	78.7438
71.7021	337	87.0000	78.6207
71.9149	338	90.0000	78.4975
72.1277	339	88.0000	78.3744
72.3404	340	87.0000	78.2512
72.5532	341	86.0000	78.1281
72.7660	342	88.0000	78.0049
72.9787	343	87.0000	77.8818
73.1915	344	86.0000	77.7586
73.4043	345	87.0000	77.6355
73.6170	346	85.0000	77.5123
73.8298	347	86.0000	77.3892
74.0426	348	86.0000	77.2660
74.2553	349	85.0000	77.1429
74.4681	350	85.0000	77.0197
74.6809	351	84.0000	76.8966
74.8936	352	83.0000	76.7734
75.1064	353	83.0000	76.6502
75.3191	354	81.0000	76.5271
75.5319	355	82.0000	76.4039
75.7447	356	81.0000	76.2808
75.9574	357	83.0000	76.1576
76.1702	358	81.0000	76.0345
76.3830	359	81.0000	75.9113
76.5957	360	79.0000	75.7882
76.8085	361	82.0000	75.6650
77.0213	362	80.0000	75.5419
77.2340	363	78.0000	75.4187
77.4468	364	79.0000	75.2956
77.6596	365	77.0000	75.1724
77.8723	366	79.0000	75.0493
78.0851	367	78.0000	74.9261
78.2979	368	79.0000	74.8030
78.5106	369	77.0000	74.6798
78.7234	370	78.0000	74.5566
78.9362	371	78.0000	74.4335
79.1489	372	75.0000	74.3103
79.3617	373	76.0000	74.1872
79.5745	374	76.0000	74.0640
79.7872	375	76.0000	73.9409
80.0000	376	75.0000	73.8177
80.2128	377	75.0000	73.6946
80.4255	378	75.0000	73.5714
80.6383	379	75.0000	73.4483
80.8511	380	74.0000	73.3251
81.0638	381	75.0000	73.2020
81.2766	382	74.0000	73.0788
81.4894	383	74.0000	72.9557
81.7021	384	73.0000	72.8325
81.9149	385	74.0000	72.7094
82.1277	386	74.0000	72.5862
82.3404	387	74.0000	72.4631
82.5532	388	73.0000	72.3399
82.7660	389	74.0000	72.2168
82.9787	390	73.0000	72.0936
83.1915	391	73.0000	71.9704
83.4043	392	74.0000	71.8473
83.6170	393	73.0000	71.7241
83.8298	394	72.0000	71.6010
84.0426	395	72.0000	71.4778
84.2553	396	72.0000	71.3547
84.4681	397	71.0000	71.2315
84.6809	398	72.0000	71.1084
84.8936	399	73.0000	70.9852
85.1064	400	72.0000	70.8621
85.3191	401	71.0000	70.7389
85.5319	402	72.0000	70.6158
85.7447	403	72.0000	70.4926
85.9574	404	72.0000	70.3695
86.1702	405	71.0000	70.2463
86.3830	406	70.0000	70.1232
86.5957	407	70.0000	70.0000
86.8085	408	71.0000	70.0500
87.0213	409	73.0000	70.1000
87.2340	410	70.0000	70.1500
87.4468	411	71.0000	70.2000
87.6596	412	71.0000	70.2500
87.8723	413	71.0000	70.3000
88.0851	414	72.0000	70.3500
88.2979	415	71.0000	70.4000
88.5106	416	70.0000	70.4500
88.7234	417	71.0000	70.5000
88.9362	418	72.0000	70.5500
89.1489	419	71.0000	70.6000
89.3617	420	70.0000	70.6500
89.5745	421	71.0000	70.7000
89.7872	422	70.0000	70.7500
90.0000	423	71.0000	70.8000
90.2128	424	70.0000	70.8500
90.4255	425	71.0000	70.9000
90.6383	426	70.0000	70.9500
90.8511	427	70.0000	71.0000
91.0638	428	70.0000	71.0500
91.2766	429	71.0000	71.1000
91.4894	430	70.0000	71.1500
91.7021	431	70.0000	71.2000
91.9149	432	71.0000	71.2500
92.1277	433	72.0000	71.3000
92.3404	434	70.0000	71.3500
92.5532	435	71.0000	71.4000
92.7660	436	69.0000	71.4500
92.9787	437	71.0000	71.5000
93.1915	438	72.0000	71.5500
93.4043	439	71.0000	71.6000
93.6170	440	70.0000	71.6500
93.8298	441	70.0000	71.7000
94.0426	442	70.0000	71.7500
94.2553	443	71.0000	71.8000
94.4681	444	71.0000	71.8500
94.6809	445	71.0000	71.9000
94.8936	446	71.0000	71.9500
95.1064	447	72.0000	72.0000
95.3191	448	72.0000	71.9524
95.5319	449	71.0000	71.9048
95.7447	450	69.0000	71.8571
95.9574	451	71.0000	71.8095
96.1702	452	71.0000	71.7619
96.3830	453	70.0000	71.7143
96.5957	454	71.0000	71.6667
96.8085	455	70.0000	71.6190
97.0213	456	69.0000	71.5714
97.2340	457	72.0000	71.5238
97.4468	458	71.0000	71.4762
97.6596	459	70.0000	71.4286
97.8723	460	71.0000	71.3810
98.0851	461	72.0000	71.3333
98.2979	462	72.0000	71.2857
98.5106	463	70.0000	71.2381
98.7234	464	71.0000	71.1905
98.9362	465	71.0000	71.1429
99.1489	466	71.0000	71.0952
99.3617	467	71.0000	71.0476
99.5745	468	71.0000	71.0000
99.7872	469	71.0000	71.5000
100.0000	470	72.0000	72.0000
---------- 4: r2b_f4 ----------
Offset(%)	Offset(pix)	Profile	Background
0.0000	0	69.0000	69.0000
0.2128	1	70.0000	68.8000
0.4255	2	71.0000	68.6000
0.6383	3	71.0000	68.4000
0.8511	4	72.0000	68.2000
1.0638	5	70.0000	68.0000
1.2766	6	71.0000	67.8000
1.4894	7	71.0000	67.6000
1.7021	8	72.0000	67.4000
1.9149	9	71.0000	67.2000
2.1277	10	72.0000	67.0000
2.3404	11	71.0000	66.8000
2.5532	12	71.0000	66.6000
2.7660	13	70.0000	66.4000
2.9787	14	71.0000	66.2000
3.1915	15	70.0000	66.0000
3.4043	16	73.0000	65.8000
3.6170	17	75.0000	65.6000
3.8298	18	74.0000	65.4000
4.0426	19	73.0000	65.2000
4.2553	20	73.0000	65.0000
4.4681	21	71.0000	64.8000
4.6809	22	68.0000	64.6000
4.8936	23	66.0000	64.4000
5.1064	24	65.0000	64.2000
5.3191	25	64.0000	64.0000
5.5319	26	69.0000	64.0769
5.7447	27	73.0000	64.1538
5.9574	28	78.0000	64.2308
6.1702	29	76.0000	64.3077
6.3830	30	75.0000	64.3846
6.5957	31	74.0000	64.4615
6.8085	32	74.0000	64.5385
7.0213	33	73.0000	64.6154
7.2340	34	73.0000	64.6923
7.4468	35	74.0000	64.7692
7.6596	36	74.0000	64.8462
7.8723	37	77.0000	64.9231
8.0851	38	78.0000	65.0000
8.2979	39	75.0000	65.0769
8.5106	40	76.0000	65.1538
8.7234	41	75.0000	65.2308
8.9362	42	73.0000	65.3077
9.1489	43	74.0000	65.3846
9.3617	44	73.0000	65.4615
9.5745	45	73.0000	65.5385
9.7872	46	72.0000	65.6154
10.0000	47	73.0000	65.6923
10.2128	48	72.0000	65.7692
10.4255	49	72.0000	65.8462
10.6383	50	73.0000	65.9231
10.8511	51	73.0000	66.0000
11.0638	52	71.0000	66.0769
11.2766	53	70.0000	66.1538
11.4894	54	73.0000	66.2308
11.7021	55	72.0000	66.3077
11.9149	56	73.0000	66.3846
12.1277	57	74.0000	66.4615
12.3404	58	72.0000	66.5385
12.5532	59	73.0000	66.6154
12.7660	60	73.0000	66.6923
12.9787	61	73.0000	66.7692
13.1915	62	74.0000	66.8462
13.4043	63	73.0000	66.9231
13.6170	64	73.0000	67.0000
13.8298	65	72.0000	67.0769
14.0426	66	73.0000	67.1538
14.2553	67	73.0000	67.2308
14.4681	68	74.0000	67.3077
14.6809	69	74.0000	67.3846
14.8936	70	75.0000	67.4615
15.1064	71	75.0000	67.5385
15.3191	72	75.0000	67.6154
15.5319	73	75.0000	67.6923
15.7447	74	76.0000	67.7692
15.9574	75	78.0000	67.8462
16.1702	76	79.0000	67.9231
16.3830	77	79.0000	68.0000
16.5957	78	82.0000	68.0769
16.8085	79	83.0000	68.1538
17.0213	80	86.0000	68.2308
17.2340	81	86.0000	68.3077
17.4468	82	90.0000	68.3846
17.6596	83	95.0000	68.4615
17.8723	84	99.0000	68.5385
18.0851	85	104.0000	68.6154
18.2979	86	108.0000	68.6923
18.5106	87	109.0000	68.7692
18.7234	88	112.0000	68.8462
18.9362	89	114.0000	68.9231
19.1489	90	113.0000	69.0000
19.3617	91	113.0000	69.0769
19.5745	92	112.0000	69.1538
19.7872	93	115.0000	69.2308
20.0000	94	111.0000	69.3077
20.2128	95	114.0000	69.3846
20.4255	96	111.0000	69.4615
20.6383	97	107.0000	69.5385
20.8511	98	106.0000	69.6154
21.0638	99	105.0000	69.6923
21.2766	100	105.0000	69.7692
21.4894	101	100.0000	69.8462
21.7021	102	101.0000	69.9231
21.9149	103	99.0000	70.0000
22.1277	104	98.0000	70.0769
22.3404	105	100.0000	70.1538
22.5532	106	97.0000	70.2308
22.7660	107	95.0000	70.3077
22.9787	108	92.0000	70.3846
23.1915	109	93.0000	70.4615
23.4043	110	93.0000	70.5385
23.6170	111	89.0000	70.6154
23.8298	112	90.0000	70.6923
24.0426	113	89.0000	70.7692
24.2553	114	87.0000	70.8462
24.4681	115	88.0000	70.9231
24.6809	116	88.0000	71.0000
24.8936	117	88.0000	71.0769
25.1064	118	86.0000	71.1538
25.3191	119	85.0000	71.2308
25.5319	120	85.0000	71.3077
25.7447	121	84.0000	71.3846
25.9574	122	85.0000	71.4615
26.1702	123	85.0000	71.5385
26.3830	124	84.0000	71.6154
26.5957	125	82.0000	71.6923
26.8085	126	81.0000	71.7692
27.0213	127	82.0000	71.8462
27.2340	128	82.0000	71.9231
27.4468	129	81.0000	72.0000
27.6596	130	81.0000	72.0769
27.8723	131	82.0000	72.1538
28.0851	132	80.0000	72.2308
28.2979	133	79.0000	72.3077
28.5106	134	79.0000	72.3846
28.7234	135	79.0000	72.4615
28.9362	136	77.0000	72.5385
29.1489	137	79.0000	72.6154
29.3617	138	78.0000	72.6923
29.5745	139	78.0000	72.7692
29.7872	140	77.0000	72.8462
30.0000	141	76.0000	72.9231
30.2128	142	77.0000	73.0000
30.4255	143	77.0000	73.0769
30.6383	144	77.0000	73.1538
30.8511	145	76.0000	73.2308
31.0638	146	76.0000	73.3077
31.2766	147	78.0000	73.3846
31.4894	148	75.0000	73.4615
31.7021	149	76.0000	73.5385
31.9149	150	75.0000	73.6154
32.1277	151	77.0000	73.6923
32.3404	152	76.0000	73.7692
32.5532	153	76.0000	73.8462
32.7660	154	75.0000	73.9231
32.9787	155	74.0000	74.0000
33.1915	156	75.0000	74.0351
33.4043	157	75.0000	74.0702
33.6170	158	76.0000	74.1053
33.8298	159	74.0000	74.1404
34.0426	160	74.0000	74.1754
34.2553	161	76.0000	74.2105
34.4681	162	75.0000	74.2456
34.6809	163	76.0000	74.2807
34.8936	164	75.0000	74.3158
35.1064	165	75.0000	74.3509
35.3191	166	74.0000	74.3860
35.5319	167	75.0000	74.4211
35.7447	168	74.0000	74.4561
35.9574	169	73.0000	74.4912
36.1702	170	75.0000	74.5263
36.3830	171	74.0000	74.5614
36.5957	172	74.0000	74.5965
36.8085	173	74.0000	74.6316
37.0213	174	75.0000	74.6667
37.2340	175	75.0000	74.7018
37.4468	176	74.0000	74.7368
37.6596	177	75.0000	74.7719
37.8723	178	75.0000	74.8070
38.0851	179	74.0000	74.8421
38.2979	180	75.0000	74.8772
38.5106	181	75.0000	74.9123
38.7234	182	75.0000	74.9474
38.9362	183	74.0000	74.9825
39.1489	184	75.0000	75.0175
39.3617	185	76.0000	75.0526
39.5745	186	75.0000	75.0877
39.7872	187	74.0000	75.1228
40.0000	188	75.0000	75.1579
40.2128	189	73.0000	75.1930
40.4255	190	75.0000	75.2281
40.6383	191	74.0000	75.2632
40.8511	192	76.0000	75.2982
41.0638	193	74.0000	75.3333
41.2766	194	75.0000	75.3684
41.4894	195	76.0000	75.4035
41.7021	196	76.0000	75.4386
41.9149	197	75.0000	75.4737
42.1277	198	75.0000	75.5088
42.3404	199	75.0000	75.5439
42.5532	200	75.0000	75.5789
42.7660	201	75.0000	75.6140
42.9787	202	75.0000	75.6491
43.1915	203	74.0000	75.6842
43.4043	204	75.0000	75.7193
43.6170	205	76.0000	75.7544
43.8298	206	77.0000	75.7895
44.0426	207	75.0000	75.8246
44.2553	208	74.0000	75.8596
44.4681	209	74.0000	75.8947
44.6809	210	75.0000	75.9298
44.8936	211	76.0000	75.9649
45.1064	212	76.0000	76.0000
45.3191	213	76.0000	76.0161
45.5319	214	76.0000	76.0323
45.7447	215	74.0000	76.0484
45.9574	216	76.0000	76.0645
46.1702	217	74.0000	76.0806
46.3830	218	75.0000	76.0968
46.5957	219	76.0000	76.1129
46.8085	220	76.0000	76.1290
47.0213	221	76.0000	76.1452
47.2340	222	75.0000	76.1613
47.4468	223	76.0000	76.1774
47.6596	224	77.0000	76.1936
47.8723	225	75.0000	76.2097
48.0851	226	75.0000	76.2258
48.2979	227	76.0000	76.2419
48.5106	228	76.0000	76.2581
48.7234	229	76.0000	76.2742
48.9362	230	77.0000	76.2903
49.1489	231	76.0000	76.3064
49.3617	232	76.0000	76.3226
49.5745	233	77.0000	76.3387
49.7872	234	77.0000	76.3548
50.0000	235	77.0000	76.3710
50.2128	236	76.0000	76.3871
50.4255	237	76.0000	76.4032
50.6383	238	77.0000	76.4194
50.8511	239	76.0000	76.4355
51.0638	240	77.0000	76.4516
51.2766	241	75.0000	76.4677
51.4894	242	75.0000	76.4839
51.7021	243	76.0000	76.5000
51.9149	244	76.0000	76.5161
52.1277	245	77.0000	76.5323
52.3404	246	76.0000	76.5484
52.5532	247	75.0000	76.5645
52.7660	248	76.0000	76.5806
52.9787	249	77.0000	76.5968
53.1915	250	77.0000	76.6129
53.4043	251	77.0000	76.6290
53.6170	252	76.0000	76.6452
53.8298	253	77.0000	76.6613
54.0426	254	77.0000	76.6774
54.2553	255	76.0000	76.6936
54.4681	256	76.0000	76.7097
54.6809	257	77.0000	76.7258
54.8936	258	79.0000	76.7419
55.1064	259	77.0000	76.7581
55.3191	260	77.0000	76.7742
55.5319	261	77.0000	76.7903
55.7447	262	78.0000	76.8064
55.9574	263	76.0000	76.8226
56.1702	264	77.0000	76.8387
56.3830	265	77.0000	76.8548
56.5957	266	77.0000	76.8710
56.8085	267	77.0000	76.8871
57.0213	268	76.0000	76.9032
57.2340	269	77.0000	76.9194
57.4468	270	79.0000	76.9355
57.6596	271	77.0000	76.9516
57.8723	272	78.0000	76.9677
58.0851	273	77.0000	76.9839
58.2979	274	77.0000	77.0000
58.5106	275	76.0000	77.0526
58.7234	276	76.0000	77.1053
58.9362	277	77.0000	77.1579
59.1489	278	77.0000	77.2105
59.3617	279	77.0000	77.2632
59.5745	280	77.0000	77.3158
59.7872	281	77.0000	77.3684
60.0000	282	77.0000	77.4211
60.2128	283	78.0000	77.4737
60.4255	284	79.0000	77.5263
60.6383	285	77.0000	77.5789
60.8511	286	78.0000	77.6316
61.0638	287	79.0000	77.6842
61.2766	288	79.0000	77.7368
61.4894	289	78.0000	77.7895
61.7021	290	76.0000	77.8421
61.9149	291	78.0000	77.8947
62.1277	292	78.0000	77.9474
62.3404	293	78.0000	78.0000
62.5532	294	79.0000	78.0526
62.7660	295	78.0000	78.1053
62.9787	296	79.0000	78.1579
63.1915	297	78.0000	78.2105
63.4043	298	80.0000	78.2632
63.6170	299	79.0000	78.3158
63.8298	300	78.0000	78.3684
64.0426	301	80.0000	78.4211
64.2553	302	81.0000	78.4737
64.4681	303	80.0000	78.5263
64.6809	304	79.0000	78.5789
64.8936	305	77.0000	78.6316
65.1064	306	79.0000	78.6842
65.3191	307	79.0000	78.7368
65.5319	308	81.0000	78.7895
65.7447	309	80.0000	78.8421
65.9574	310	79.0000	78.8947
66.1702	311	79.0000	78.9474
66.3830	312	79.0000	79.0000
66.5957	313	81.0000	78.9504
66.8085	314	80.0000	78.9007
67.0213	315	81.0000	78.8511
67.2340	316	83.0000	78.8014
67.4468	317	82.0000	78.7518
67.6596	318	82.0000	78.7021
67.8723	319	81.0000	78.6525
68.0851	320	81.0000	78.6028
68.2979	321	83.0000	78.5532
68.5106	322	81.0000	78.5035
68.7234	323	81.0000	78.4539
68.9362	324	83.0000	78.4043
69.1489	325	84.0000	78.3546
69.3617	326	81.0000	78.3050
69.5745	327	83.0000	78.2553
69.7872	328	81.0000	78.2057
70.0000	329	84.0000	78.1560
70.2128	330	81.0000	78.1064
70.4255	331	81.0000	78.0567
70.6383	332	81.0000	78.0071
70.8511	333	81.0000	77.9574
71.0638	334	84.0000	77.9078
71.2766	335	82.0000	77.8582
71.4894	336	84.0000	77.8085
71.7021	337	84.0000	77.7589
71.9149	338	82.0000	77.7092
72.1277	339	83.0000	77.6596
72.3404	340	84.0000	77.6099
72.5532	341	87.0000	77.5603
72.7660	342	84.0000	77.5106
72.9787	343	85.0000	77.4610
73.1915	344	83.0000	77.4113
73.4043	345	84.0000	77.3617
73.6170	346	86.0000	77.3121
73.8298	347	84.0000	77.2624
74.0426	348	84.0000	77.2128
74.2553	349	84.0000	77.1631
74.4681	350	86.0000	77.1135
74.6809	351	87.0000	77.0638
74.8936	352	82.0000	77.0142
75.1064	353	83.0000	76.9645
75.3191	354	84.0000	76.9149
75.5319	355	84.0000	76.8652
75.7447	356	84.0000	76.8156
75.9574	357	84.0000	76.7660
76.1702	358	86.0000	76.7163
76.3830	359	86.0000	76.6667
76.5957	360	84.0000	76.6170
76.8085	361	84.0000	76.5674
77.0213	362	83.0000	76.5177
77.2340	363	84.0000	76.4681
77.4468	364	83.0000	76.4184
77.6596	365	84.0000	76.3688
77.8723	366	84.0000	76.3192
78.0851	367	84.0000	76.2695
78.2979	368	83.0000	76.2199
78.5106	369	84.0000	76.1702
78.7234	370	82.0000	76.1206
78.9362	371	82.0000	76.0709
79.1489	372	84.0000	76.0213
79.3617	373	83.0000	75.9716
79.5745	374	82.0000	75.9220
79.7872	375	83.0000	75.8723
80.0000	376	82.0000	75.8227
80.2128	377	83.0000	75.7730
80.4255	378	81.0000	75.7234
80.6383	379	80.0000	75.6738
80.8511	380	81.0000	75.6241
81.0638	381	81.0000	75.5745
81.2766	382	79.0000	75.5248
81.4894	383	80.0000	75.4752
81.7021	384	80.0000	75.4255
81.9149	385	81.0000	75.3759
82.1277	386	80.0000	75.3262
82.3404	387	82.0000	75.2766
82.5532	388	78.0000	75.2270
82.7660	389	79.0000	75.1773
82.9787	390	81.0000	75.1277
83.1915	391	80.0000	75.0780
83.4043	392	78.0000	75.0284
83.6170	393	78.0000	74.9787
83.8298	394	78.0000	74.9291
84.0426	395	78.0000	74.8794
84.2553	396	77.0000	74.8298
84.4681	397	79.0000	74.7801
84.6809	398	76.0000	74.7305
84.8936	399	78.0000	74.6808
85.1064	400	78.0000	74.6312
85.3191	401	75.0000	74.5816
85.5319	402	77.0000	74.5319
85.7447	403	76.0000	74.4823
85.9574	404	77.0000	74.4326
86.1702	405	76.0000	74.3830
86.3830	406	74.0000	74.3333
86.5957	407	76.0000	74.2837
86.8085	408	74.0000	74.2340
87.0213	409	74.0000	74.1844
87.2340	410	73.0000	74.1348
87.4468	411	75.0000	74.0851
87.6596	412	74.0000	74.0355
87.8723	413	74.0000	73.9858
88.0851	414	74.0000	73.9362
88.2979	415	74.0000	73.8865
88.5106	416	72.0000	73.8369
88.7234	417	73.0000	73.7872
88.9362	418	74.0000	73.7376
89.1489	419	73.0000	73.6879
89.3617	420	73.0000	73.6383
89.5745	421	72.0000	73.5887
89.7872	422	72.0000	73.5390
90.0000	423	73.0000	73.4894
90.2128	424	72.0000	73.4397
90.4255	425	72.0000	73.3901
90.6383	426	72.0000	73.3404
90.8511	427	72.0000	73.2908
91.0638	428	73.0000	73.2411
91.2766	429	72.0000	73.1915
91.4894	430	71.0000	73.1418
91.7021	431	71.0000	73.0922
91.9149	432	72.0000	73.0426
92.1277	433	71.0000	72.9929
92.3404	434	72.0000	72.9433
92.5532	435	70.0000	72.8936
92.7660	436	71.0000	72.8440
92.9787	437	72.0000	72.7943
93.1915	438	72.0000	72.7447
93.4043	439	71.0000	72.6950
93.6170	440	72.0000	72.6454
93.8298	441	72.0000	72.5957
94.0426	442	71.0000	72.5461
94.2553	443	71.0000	72.4965
94.4681	444	72.0000	72.4468
94.6809	445	71.0000	72.3972
94.8936	446	71.0000	72.3475
95.1064	447	72.0000	72.2979
95.3191	448	71.0000	72.2482
95.5319	449	71.0000	72.1986
95.7447	450	70.0000	72.1489
95.9574	451	70.0000	72.0993
96.1702	452	72.0000	72.0496
96.3830	453	72.0000	72.0000
96.5957	454	71.0000	71.8667
96.8085	455	70.0000	71.7333
97.0213	456	71.0000	71.6000
97.2340	457	71.0000	71.4667
97.4468	458	71.0000	71.3333
97.6596	459	71.0000	71.2000
97.8723	460	70.0000	71.0667
98.0851	461	72.0000	70.9333
98.2979	462	71.0000	70.8000
98.5106	463	72.0000	70.6667
98.7234	464	71.0000	70.5333
98.9362	465	71.0000	70.4000
99.1489	466	72.0000	70.2667
99.3617	467	72.0000	70.1333
99.5745	468	70.0000	70.0000
99.7872	469	71.0000	70.5000
100.0000	470	71.0000	71.0000
---------- 5: r2b_f5 ----------
Offset(%)	Offset(pix)	Profile	Background
0.0000	0	70.0000	70.0000
0.2128	1	71.0000	69.6667
0.4255	2	69.0000	69.3333
0.6383	3	71.0000	69.0000
0.8511	4	70.0000	68.6667
1.0638	5	70.0000	68.3333
1.2766	6	70.0000	68.0000
1.4894	7	71.0000	67.6667
1.7021	8	70.0000	67.3333
1.9149	9	71.0000	67.0000
2.1277	10	71.0000	66.6667
2.3404	11	70.0000	66.3333
2.5532	12	69.0000	66.0000
2.7660	13	67.0000	65.6667
2.9787	14	66.0000	65.3333
3.1915	15	67.0000	65.0000
3.4043	16	73.0000	64.6667
3.6170	17	76.0000	64.3333
3.8298	18	73.0000	64.0000
4.0426	19	69.0000	63.6667
4.2553	20	67.0000	63.3333
4.4681	21	64.0000	63.0000
4.6809	22	64.0000	62.6667
4.8936	23	64.0000	62.3333
5.1064	24	62.0000	62.0000
5.3191	25	65.0000	62.1341
5.5319	26	72.0000	62.2682
5.7447	27	78.0000	62.4022
5.9574	28	79.0000	62.5363
6.1702	29	74.0000	62.6704
6.3830	30	70.0000	62.8045
6.5957	31	69.0000	62.9385
6.8085	32	69.0000	63.0726
7.0213	33	71.0000	63.2067
7.2340	34	72.0000	63.3408
7.4468	35	73.0000	63.4749
7.6596	36	74.0000	63.6089
7.8723	37	73.0000	63.7430
8.0851	38	71.0000	63.8771
8.2979	39	73.0000	64.0112
8.5106	40	72.0000	64.1452
8.7234	41	72.0000	64.2793
8.9362	42	73.0000	64.4134
9.1489	43	72.0000	64.5475
9.3617	44	72.0000	64.6816
9.5745	45	72.0000	64.8156
9.7872	46	71.0000	64.9497
10.0000	47	71.0000	65.0838
10.2128	48	71.0000	65.2179
10.4255	49	72.0000	65.3520
10.6383	50	73.0000	65.4860
10.8511	51	73.0000	65.6201
11.0638	52	72.0000	65.7542
11.2766	53	73.0000	65.8883
11.4894	54	72.0000	66.0223
11.7021	55	72.0000	66.1564
11.9149	56	73.0000	66.2905
12.1277	57	73.0000	66.4246
12.3404	58	72.0000	66.5587
12.5532	59	74.0000	66.6927
12.7660	60	72.0000	66.8268
12.9787	61	72.0000	66.9609
13.1915	62	72.0000	67.0950
13.4043	63	72.0000	67.2290
13.6170	64	73.0000	67.3631
13.8298	65	74.0000	67.4972
14.0426	66	73.0000	67.6313
14.2553	67	72.0000	67.7654
14.4681	68	72.0000	67.8994
14.6809	69	74.0000	68.0335
14.8936	70	74.0000	68.1676
15.1064	71	73.0000	68.3017
15.3191	72	72.0000	68.4358
15.5319	73	73.0000	68.5698
15.7447	74	74.0000	68.7039
15.9574	75	74.0000	68.8380
16.1702	76	74.0000	68.9721
16.3830	77	74.0000	69.1061
16.5957	78	75.0000	69.2402
16.8085	79	75.0000	69.3743
17.0213	80	76.0000	69.5084
17.2340	81	76.0000	69.6425
17.4468	82	76.0000	69.7765
17.6596	83	77.0000	69.9106
17.8723	84	78.0000	70.0447
18.0851	85	79.0000	70.1788
18.2979	86	81.0000	70.3129
18.5106	87	81.0000	70.4469
18.7234	88	83.0000	70.5810
18.9362	89	86.0000	70.7151
19.1489	90	85.0000	70.8492
19.3617	91	86.0000	70.9832
19.5745	92	86.0000	71.1173
19.7872	93	87.0000	71.2514
20.0000	94	92.0000	71.3855
20.2128	95	92.0000	71.5196
20.4255	96	92.0000	71.6536
20.6383	97	91.0000	71.7877
20.8511	98	92.0000	71.9218
21.0638	99	94.0000	72.0559
21.2766	100	95.0000	72.1899
21.4894	101	97.0000	72.3240
21.7021	102	95.0000	72.4581
21.9149	103	95.0000	72.5922
22.1277	104	96.0000	72.7263
22.3404	105	97.0000	72.8603
22.5532	106	96.0000	72.9944
22.7660	107	97.0000	73.1285
22.9787	108	93.0000	73.2626
23.1915	109	96.0000	73.3967
23.4043	110	96.0000	73.5307
23.6170	111	95.0000	73.6648
23.8298	112	97.0000	73.7989
24.0426	113	96.0000	73.9330
24.2553	114	96.0000	74.0670
24.4681	115	95.0000	74.2011
24.6809	116	94.0000	74.3352
24.8936	117	96.0000	74.4693
25.1064	118	94.0000	74.6033
25.3191	119	94.0000	74.7374
25.5319	120	95.0000	74.8715
25.7447	121	94.0000	75.0056
25.9574	122	93.0000	75.1397
26.1702	123	94.0000	75.2737
26.3830	124	94.0000	75.4078
26.5957	125	92.0000	75.5419
26.8085	126	94.0000	75.6760
27.0213	127	93.0000	75.8101
27.2340	128	92.0000	75.9441
27.4468	129	92.0000	76.0782
27.6596	130	93.0000	76.2123
27.8723	131	94.0000	76.3464
28.0851	132	92.0000	76.4804
28.2979	133	93.0000	76.6145
28.5106	134	91.0000	76.7486
28.7234	135	90.0000	76.8827
28.9362	136	92.0000	77.0168
29.1489	137	90.0000	77.1508
29.3617	138	92.0000	77.2849
29.5745	139	91.0000	77.4190
29.7872	140	90.0000	77.5531
30.0000	141	89.0000	77.6871
30.2128	142	90.0000	77.8212
30.4255	143	90.0000	77.9553
30.6383	144	88.0000	78.0894
30.8511	145	88.0000	78.2235
31.0638	146	89.0000	78.3575
31.2766	147	90.0000	78.4916
31.4894	148	88.0000	78.6257
31.7021	149	89.0000	78.7598
31.9149	150	89.0000	78.8939
32.1277	151	90.0000	79.0279
32.3404	152	90.0000	79.1620
32.5532	153	89.0000	79.2961
32.7660	154	89.0000	79.4302
32.9787	155	89.0000	79.5642
33.1915	156	91.0000	79.6983
33.4043	157	89.0000	79.8324
33.6170	158	89.0000	79.9665
33.8298	159	88.0000	80.1006
34.0426	160	88.0000	80.2346
34.2553	161	89.0000	80.3687
34.4681	162	89.0000	80.5028
34.6809	163	88.0000	80.6369
34.8936	164	88.0000	80.7710
35.1064	165	90.0000	80.9050
35.3191	166	89.0000	81.0391
35.5319	167	88.0000	81.1732
35.7447	168	88.0000	81.3073
35.9574	169	88.0000	81.4413
36.1702	170	88.0000	81.5754
36.3830	171	89.0000	81.7095
36.5957	172	89.0000	81.8436
36.8085	173	88.0000	81.9777
37.0213	174	88.0000	82.1117
37.2340	175	88.0000	82.2458
37.4468	176	88.0000	82.3799
37.6596	177	88.0000	82.5140
37.8723	178	89.0000	82.6480
38.0851	179	88.0000	82.7821
38.2979	180	89.0000	82.9162
38.5106	181	89.0000	83.0503
38.7234	182	88.0000	83.1844
38.9362	183	88.0000	83.3184
39.1489	184	88.0000	83.4525
39.3617	185	87.0000	83.5866
39.5745	186	88.0000	83.7207
39.7872	187	90.0000	83.8548
40.0000	188	88.0000	83.9888
40.2128	189	91.0000	84.1229
40.4255	190	89.0000	84.2570
40.6383	191	87.0000	84.3911
40.8511	192	88.0000	84.5251
41.0638	193	89.0000	84.6592
41.2766	194	87.0000	84.7933
41.4894	195	89.0000	84.9274
41.7021	196	89.0000	85.0615
41.9149	197	87.0000	85.1955
42.1277	198	88.0000	85.3296
42.3404	199	88.0000	85.4637
42.5532	200	88.0000	85.5978
42.7660	201	88.0000	85.7318
42.9787	202	88.0000	85.8659
43.1915	203	86.0000	86.0000
43.4043	204	88.0000	86.0392
43.6170	205	88.0000	86.0784
43.8298	206	88.0000	86.1176
44.0426	207	88.0000	86.1569
44.2553	208	88.0000	86.1961
44.4681	209	87.0000	86.2353
44.6809	210	86.0000	86.2745
44.8936	211	87.0000	86.3137
45.1064	212	87.0000	86.3529
45.3191	213	88.0000	86.3922
45.5319	214	88.0000	86.4314
45.7447	215	88.0000	86.4706
45.9574	216	88.0000	86.5098
46.1702	217	88.0000	86.5490
46.3830	218	89.0000	86.5882
46.5957	219	88.0000	86.6274
46.8085	220	88.0000	86.6667
47.0213	221	87.0000	86.7059
47.2340	222	89.0000	86.7451
47.4468	223	88.0000	86.7843
47.6596	224	87.0000	86.8235
47.8723	225	88.0000	86.8627
48.0851	226	87.0000	86.9020
48.2979	227	88.0000	86.9412
48.5106	228	86.0000	86.9804
48.7234	229	88.0000	87.0196
48.9362	230	88.0000	87.0588
49.1489	231	87.0000	87.0980
49.3617	232	87.0000	87.1373
49.5745	233	89.0000	87.1765
49.7872	234	88.0000	87.2157
50.0000	235	87.0000	87.2549
50.2128	236	88.0000	87.2941
50.4255	237	86.0000	87.3333
50.6383	238	87.0000	87.3726
50.8511	239	87.0000	87.4118
51.0638	240	88.0000	87.4510
51.2766	241	86.0000	87.4902
51.4894	242	88.0000	87.5294
51.7021	243	86.0000	87.5686
51.9149	244	88.0000	87.6078
52.1277	245	88.0000	87.6471
52.3404	246	89.0000	87.6863
52.5532	247	86.0000	87.7255
52.7660	248	87.0000	87.7647
52.9787	249	88.0000	87.8039
53.1915	250	88.0000	87.8431
53.4043	251	87.0000	87.8824
53.6170	252	85.0000	87.9216
53.8298	253	87.0000	87.9608
54.0426	254	88.0000	88.0000
54.2553	255	86.0000	87.9066
54.4681	256	85.0000	87.8132
54.6809	257	88.0000	87.7198
54.8936	258	87.0000	87.6264
55.1064	259	87.0000	87.5330
55.3191	260	86.0000	87.4396
55.5319	261	87.0000	87.3462
55.7447	262	86.0000	87.2527
55.9574	263	86.0000	87.1593
56.1702	264	86.0000	87.0659
56.3830	265	87.0000	86.9725
56.5957	266	87.0000	86.8791
56.8085	267	86.0000	86.7857
57.0213	268	85.0000	86.6923
57.2340	269	86.0000	86.5989
57.4468	270	86.0000	86.5055
57.6596	271	87.0000	86.4121
57.8723	272	87.0000	86.3187
58.0851	273	86.0000	86.2253
58.2979	274	85.0000	86.1319
58.5106	275	85.0000	86.0385
58.7234	276	85.0000	85.9451
58.9362	277	86.0000	85.8516
59.1489	278	86.0000	85.7582
59.3617	279	86.0000	85.6648
59.5745	280	88.0000	85.5714
59.7872	281	87.0000	85.4780
60.0000	282	86.0000	85.3846
60.2128	283	85.0000	85.2912
60.4255	284	87.0000	85.1978
60.6383	285	86.0000	85.1044
60.8511	286	86.0000	85.0110
61.0638	287	86.0000	84.9176
61.2766	288	88.0000	84.8242
61.4894	289	85.0000	84.7308
61.7021	290	87.0000	84.6374
61.9149	291	87.0000	84.5440
62.1277	292	88.0000	84.4505
62.3404	293	88.0000	84.3571
62.5532	294	87.0000	84.2637
62.7660	295	89.0000	84.1703
62.9787	296	89.0000	84.0769
63.1915	297	89.0000	83.9835
63.4043	298	88.0000	83.8901
63.6170	299	87.0000	83.7967
63.8298	300	88.0000	83.7033
64.0426	301	88.0000	83.6099
64.2553	302	91.0000	83.5165
64.4681	303	90.0000	83.4231
64.6809	304	89.0000	83.3297
64.8936	305	89.0000	83.2363
65.1064	306	92.0000	83.1429
65.3191	307	91.0000	83.0495
65.5319	308	89.0000	82.9560
65.7447	309	88.0000	82.8626
65.9574	310	90.0000	82.7692
66.1702	311	89.0000	82.6758
66.3830	312	91.0000	82.5824
66.5957	313	89.0000	82.4890
66.8085	314	89.0000	82.3956
67.0213	315	89.0000	82.3022
67.2340	316	90.0000	82.2088
67.4468	317	89.0000	82.1154
67.6596	318	88.0000	82.0220
67.8723	319	88.0000	81.9286
68.0851	320	88.0000	81.8352
68.2979	321	89.0000	81.7418
68.5106	322	88.0000	81.6484
68.7234	323	87.0000	81.5549
68.9362	324	87.0000	81.4615
69.1489	325	88.0000	81.3681
69.3617	326	87.0000	81.2747
69.5745	327	88.0000	81.1813
69.7872	328	86.0000	81.0879
70.0000	329	87.0000	80.9945
70.2128	330	87.0000	80.9011
70.4255	331	88.0000	80.8077
70.6383	332	86.0000	80.7143
70.8511	333	87.0000	80.6209
71.0638	334	87.0000	80.5275
71.2766	335	86.0000	80.4341
71.4894	336	87.0000	80.3407
71.7021	337	87.0000	80.2473
71.9149	338	86.0000	80.1538
72.1277	339	86.0000	80.0604
72.3404	340	86.0000	79.9670
72.5532	341	85.0000	79.8736
72.7660	342	86.0000	79.7802
72.9787	343	85.0000	79.6868
73.1915	344	85.0000	79.5934
73.4043	345	85.0000	79.5000
73.6170	346	87.0000	79.4066
73.8298	347	85.0000	79.3132
74.0426	348	84.0000	79.2198
74.2553	349	84.0000	79.1264
74.4681	350	83.0000	79.0330
74.6809	351	82.0000	78.9396
74.8936	352	84.0000	78.8462
75.1064	353	82.0000	78.7527
75.3191	354	83.0000	78.6593
75.5319	355	82.0000	78.5659
75.7447	356	82.0000	78.4725
75.9574	357	82.0000	78.3791
76.1702	358	81.0000	78.2857
76.3830	359	83.0000	78.1923
76.5957	360	80.0000	78.0989
76.8085	361	80.0000	78.0055
77.0213	362	81.0000	77.9121
77.2340	363	81.0000	77.8187
77.4468	364	80.0000	77.7253
77.6596	365	81.0000	77.6319
77.8723	366	78.0000	77.5385
78.0851	367	79.0000	77.4451
78.2979	368	78.0000	77.3516
78.5106	369	79.0000	77.2582
78.7234	370	79.0000	77.1648
78.9362	371	77.0000	77.0714
79.1489	372	79.0000	76.9780
79.3617	373	77.0000	76.8846
79.5745	374	78.0000	76.7912
79.7872	375	77.0000	76.6978
80.0000	376	75.0000	76.6044
80.2128	377	75.0000	76.5110
80.4255	378	76.0000	76.4176
80.6383	379	76.0000	76.3242
80.8511	380	76.0000	76.2308
81.0638	381	75.0000	76.1374
81.2766	382	75.0000	76.0440
81.4894	383	75.0000	75.9505
81.7021	384	74.0000	75.8571
81.9149	385	74.0000	75.7637
82.1277	386	74.0000	75.6703
82.3404	387	74.0000	75.5769
82.5532	388	72.0000	75.4835
82.7660	389	73.0000	75.3901
82.9787	390	73.0000	75.2967
83.1915	391	71.0000	75.2033
83.4043	392	73.0000	75.1099
83.6170	393	73.0000	75.0165
83.8298	394	73.0000	74.9231
84.0426	395	72.0000	74.8297
84.2553	396	73.0000	74.7363
84.4681	397	73.0000	74.6429
84.6809	398	72.0000	74.5495
84.8936	399	73.0000	74.4560
85.1064	400	71.0000	74.3626
85.3191	401	71.0000	74.2692
85.5319	402	71.0000	74.1758
85.7447	403	71.0000	74.0824
85.9574	404	72.0000	73.9890
86.1702	405	73.0000	73.8956
86.3830	406	72.0000	73.8022
86.5957	407	73.0000	73.7088
86.8085	408	72.0000	73.6154
87.0213	409	71.0000	73.5220
87.2340	410	70.0000	73.4286
87.4468	411	70.0000	73.3352
87.6596	412	71.0000	73.2418
87.8723	413	72.0000	73.1484
88.0851	414	71.0000	73.0549
88.2979	415	71.0000	72.9615
88.5106	416	70.0000	72.8681
88.7234	417	73.0000	72.7747
88.9362	418	71.0000	72.6813
89.1489	419	72.0000	72.5879
89.3617	420	70.0000	72.4945
89.5745	421	71.0000	72.4011
89.7872	422	70.0000	72.3077
90.0000	423	70.0000	72.2143
90.2128	424	71.0000	72.1209
90.4255	425	70.0000	72.0275
90.6383	426	72.0000	71.9341
90.8511	427	71.0000	71.8407
91.0638	428	70.0000	71.7473
91.2766	429	70.0000	71.6538
91.4894	430	71.0000	71.5604
91.7021	431	71.0000	71.4670
91.9149	432	71.0000	71.3736
92.1277	433	71.0000	71.2802
92.3404	434	72.0000	71.1868
92.5532	435	70.0000	71.0934
92.7660	436	71.0000	71.0000
92.9787	437	71.0000	70.9706
93.1915	438	71.0000	70.9412
93.4043	439	71.0000	70.9118
93.6170	440	70.0000	70.8824
93.8298	441	72.0000	70.8529
94.0426	442	72.0000	70.8235
94.2553	443	71.0000	70.7941
94.4681	444	72.0000	70.7647
94.6809	445	70.0000	70.7353
94.8936	446	72.0000	70.7059
95.1064	447	71.0000	70.6765
95.3191	448	72.0000	70.6471
95.5319	449	70.0000	70.6176
95.7447	450	71.0000	70.5882
95.9574	451	72.0000	70.5588
96.1702	452	71.0000	70.5294
96.3830	453	72.0000	70.5000
96.5957	454	71.0000	70.4706
96.8085	455	73.0000	70.4412
97.0213	456	71.0000	70.4118
97.2340	457	72.0000	70.3824
97.4468	458	72.0000	70.3529
97.6596	459	71.0000	70.3235
97.8723	460	72.0000	70.2941
98.0851	461	71.0000	70.2647
98.2979	462	73.0000	70.2353
98.5106	463	71.0000	70.2059
98.7234	464	73.0000	70.1765
98.9362	465	71.0000	70.1471
99.1489	466	71.0000	70.1176
99.3617	467	70.0000	70.0882
99.5745	468	72.0000	70.0588
99.7872	469	71.0000	70.0294
100.0000	470	70.0000	70.0000
---------- 6: r2b_f6 ----------
Offset(%)	Offset(pix)	Profile	Background
0.0000	0	70.0000	70.0000
0.2128	1	72.0000	69.6667
0.4255	2	71.0000	69.3333
0.6383	3	71.0000	69.0000
0.8511	4	71.0000	68.6667
1.0638	5	70.0000	68.3333
1.2766	6	71.0000	68.0000
1.4894	7	71.0000	67.6667
1.7021	8	70.0000	67.3333
1.9149	9	70.0000	67.0000
2.1277	10	72.0000	66.6667
2.3404	11	69.0000	66.3333
2.5532	12	68.0000	66.0000
2.7660	13	66.0000	65.6667
2.9787	14	64.0000	65.3333
3.1915	15	71.0000	65.0000
3.4043	16	74.0000	64.6667
3.6170	17	71.0000	64.3333
3.8298	18	70.0000	64.0000
4.0426	19	68.0000	63.6667
4.2553	20	65.0000	63.3333
4.4681	21	63.0000	63.0000
4.6809	22	63.0000	63.1377
4.8936	23	64.0000	63.2754
5.1064	24	72.0000	63.4132
5.3191	25	79.0000	63.5509
5.5319	26	81.0000	63.6886
5.7447	27	93.0000	63.8263
5.9574	28	80.0000	63.9641
6.1702	29	73.0000	64.1018
6.3830	30	71.0000	64.2395
6.5957	31	71.0000	64.3772
6.8085	32	71.0000	64.5150
7.0213	33	75.0000	64.6527
7.2340	34	80.0000	64.7904
7.4468	35	79.0000	64.9281
7.6596	36	78.0000	65.0659
7.8723	37	78.0000	65.2036
8.0851	38	74.0000	65.3413
8.2979	39	72.0000	65.4790
8.5106	40	74.0000	65.6168
8.7234	41	74.0000	65.7545
8.9362	42	73.0000	65.8922
9.1489	43	72.0000	66.0299
9.3617	44	73.0000	66.1677
9.5745	45	73.0000	66.3054
9.7872	46	74.0000	66.4431
10.0000	47	73.0000	66.5808
10.2128	48	73.0000	66.7186
10.4255	49	73.0000	66.8563
10.6383	50	73.0000	66.9940
10.8511	51	73.0000	67.1317
11.0638	52	74.0000	67.2695
11.2766	53	75.0000	67.4072
11.4894	54	73.0000	67.5449
11.7021	55	75.0000	67.6826
11.9149	56	74.0000	67.8204
12.1277	57	73.0000	67.9581
12.3404	58	74.0000	68.0958
12.5532	59	72.0000	68.2335
12.7660	60	74.0000	68.3713
12.9787	61	75.0000	68.5090
13.1915	62	74.0000	68.6467
13.4043	63	74.0000	68.7844
13.6170	64	76.0000	68.9222
13.8298	65	76.0000	69.0599
14.0426	66	78.0000	69.1976
14.2553	67	76.0000	69.3353
14.4681	68	76.0000	69.4731
14.6809	69	77.0000	69.6108
14.8936	70	78.0000	69.7485
15.1064	71	80.0000	69.8862
15.3191	72	79.0000	70.0239
15.5319	73	80.0000	70.1617
15.7447	74	83.0000	70.2994
15.9574	75	84.0000	70.4371
16.1702	76	83.0000	70.5749
16.3830	77	85.0000	70.7126
16.5957	78	86.0000	70.8503
16.8085	79	89.0000	70.9880
17.0213	80	92.0000	71.1257
17.2340	81	94.0000	71.2635
17.4468	82	97.0000	71.4012
17.6596	83	100.0000	71.5389
17.8723	84	105.0000	71.6766
18.0851	85	107.0000	71.8144
18.2979	86	111.0000	71.9521
18.5106	87	115.0000	72.0898
18.7234	88	116.0000	72.2275
18.9362	89	118.0000	72.3653
19.1489	90	122.0000	72.5030
19.3617	91	123.0000	72.6407
19.5745	92	123.0000	72.7784
19.7872	93	127.0000	72.9162
20.0000	94	127.0000	73.0539
20.2128	95	126.0000	73.1916
20.4255	96	128.0000	73.3293
20.6383	97	124.0000	73.4671
20.8511	98	128.0000	73.6048
21.0638	99	124.0000	73.7425
21.2766	100	126.0000	73.8802
21.4894	101	125.0000	74.0180
21.7021	102	125.0000	74.1557
21.9149	103	122.0000	74.2934
22.1277	104	124.0000	74.4311
22.3404	105	119.0000	74.5689
22.5532	106	123.0000	74.7066
22.7660	107	116.0000	74.8443
22.9787	108	118.0000	74.9820
23.1915	109	120.0000	75.1198
23.4043	110	117.0000	75.2575
23.6170	111	114.0000	75.3952
23.8298	112	113.0000	75.5329
24.0426	113	114.0000	75.6707
24.2553	114	115.0000	75.8084
24.4681	115	113.0000	75.9461
24.6809	116	111.0000	76.0838
24.8936	117	112.0000	76.2216
25.1064	118	113.0000	76.3593
25.3191	119	109.0000	76.4970
25.5319	120	107.0000	76.6347
25.7447	121	106.0000	76.7725
25.9574	122	109.0000	76.9102
26.1702	123	107.0000	77.0479
26.3830	124	107.0000	77.1856
26.5957	125	106.0000	77.3234
26.8085	126	103.0000	77.4611
27.0213	127	104.0000	77.5988
27.2340	128	102.0000	77.7365
27.4468	129	101.0000	77.8743
27.6596	130	102.0000	78.0120
27.8723	131	101.0000	78.1497
28.0851	132	100.0000	78.2874
28.2979	133	99.0000	78.4251
28.5106	134	99.0000	78.5629
28.7234	135	96.0000	78.7006
28.9362	136	99.0000	78.8383
29.1489	137	97.0000	78.9760
29.3617	138	97.0000	79.1138
29.5745	139	97.0000	79.2515
29.7872	140	96.0000	79.3892
30.0000	141	95.0000	79.5269
30.2128	142	98.0000	79.6647
30.4255	143	95.0000	79.8024
30.6383	144	96.0000	79.9401
30.8511	145	93.0000	80.0778
31.0638	146	95.0000	80.2156
31.2766	147	95.0000	80.3533
31.4894	148	95.0000	80.4910
31.7021	149	93.0000	80.6287
31.9149	150	91.0000	80.7665
32.1277	151	94.0000	80.9042
32.3404	152	92.0000	81.0419
32.5532	153	91.0000	81.1796
32.7660	154	90.0000	81.3174
32.9787	155	90.0000	81.4551
33.1915	156	91.0000	81.5928
33.4043	157	93.0000	81.7305
33.6170	158	91.0000	81.8683
33.8298	159	90.0000	82.0060
34.0426	160	90.0000	82.1437
34.2553	161	91.0000	82.2814
34.4681	162	91.0000	82.4192
34.6809	163	91.0000	82.5569
34.8936	164	91.0000	82.6946
35.1064	165	90.0000	82.8323
35.3191	166	91.0000	82.9701
35.5319	167	90.0000	83.1078
35.7447	168	90.0000	83.2455
35.9574	169	91.0000	83.3832
36.1702	170	89.0000	83.5210
36.3830	171	89.0000	83.6587
36.5957	172	89.0000	83.7964
36.8085	173	89.0000	83.9341
37.0213	174	89.0000	84.0719
37.2340	175	89.0000	84.2096
37.4468	176	89.0000	84.3473
37.6596	177	88.0000	84.4850
37.8723	178	90.0000	84.6228
38.0851	179	90.0000	84.7605
38.2979	180	89.0000	84.8982
38.5106	181	91.0000	85.0359
38.7234	182	89.0000	85.1737
38.9362	183	89.0000	85.3114
39.1489	184	89.0000	85.4491
39.3617	185	89.0000	85.5868
39.5745	186	89.0000	85.7245
39.7872	187	89.0000	85.8623
40.0000	188	86.0000	86.0000
40.2128	189	91.0000	86.0189
40.4255	190	89.0000	86.0377
40.6383	191	89.0000	86.0566
40.8511	192	90.0000	86.0755
41.0638	193	90.0000	86.0943
41.2766	194	89.0000	86.1132
41.4894	195	90.0000	86.1321
41.7021	196	87.0000	86.1509
41.9149	197	88.0000	86.1698
42.1277	198	87.0000	86.1887
42.3404	199	89.0000	86.2076
42.5532	200	90.0000	86.2264
42.7660	201	89.0000	86.2453
42.9787	202	89.0000	86.2642
43.1915	203	89.0000	86.2830
43.4043	204	88.0000	86.3019
43.6170	205	88.0000	86.3208
43.8298	206	88.0000	86.3396
44.0426	207	88.0000	86.3585
44.2553	208	88.0000	86.3774
44.4681	209	89.0000	86.3962
44.6809	210	88.0000	86.4151
44.8936	211	88.0000	86.4340
45.1064	212	86.0000	86.4528
45.3191	213	88.0000	86.4717
45.5319	214	88.0000	86.4906
45.7447	215	88.0000	86.5094
45.9574	216	89.0000	86.5283
46.1702	217	87.0000	86.5472
46.3830	218	87.0000	86.5660
46.5957	219	88.0000	86.5849
46.8085	220	88.0000	86.6038
47.0213	221	87.0000	86.6226
47.2340	222	87.0000	86.6415
47.4468	223	87.0000	86.6604
47.6596	224	87.0000	86.6792
47.8723	225	88.0000	86.6981
48.0851	226	87.0000	86.7170
48.2979	227	87.0000	86.7358
48.5106	228	87.0000	86.7547
48.7234	229	88.0000	86.7736
48.9362	230	89.0000	86.7924
49.1489	231	88.0000	86.8113
49.3617	232	88.0000	86.8302
49.5745	233	88.0000	86.8491
49.7872	234	87.0000	86.8679
50.0000	235	89.0000	86.8868
50.2128	236	87.0000	86.9057
50.4255	237	86.0000	86.9245
50.6383	238	88.0000	86.9434
50.8511	239	88.0000	86.9623
51.0638	240	88.0000	86.9811
51.2766	241	87.0000	87.0000
51.4894	242	89.0000	86.9600
51.7021	243	86.0000	86.9200
51.9149	244	86.0000	86.8800
52.1277	245	88.0000	86.8400
52.3404	246	87.0000	86.8000
52.5532	247	89.0000	86.7600
52.7660	248	88.0000	86.7200
52.9787	249	88.0000	86.6800
53.1915	250	88.0000	86.6400
53.4043	251	88.0000	86.6000
53.6170	252	87.0000	86.5600
53.8298	253	88.0000	86.5200
54.0426	254	86.0000	86.4800
54.2553	255	88.0000	86.4400
54.4681	256	88.0000	86.4000
54.6809	257	86.0000	86.3600
54.8936	258	88.0000	86.3200
55.1064	259	89.0000	86.2800
55.3191	260	89.0000	86.2400
55.5319	261	87.0000	86.2000
55.7447	262	88.0000	86.1600
55.9574	263	89.0000	86.1200
56.1702	264	88.0000	86.0800
56.3830	265	88.0000	86.0400
56.5957	266	86.0000	86.0000
56.8085	267	87.0000	85.9265
57.0213	268	91.0000	85.8529
57.2340	269	88.0000	85.7794
57.4468	270	87.0000	85.7059
57.6596	271	87.0000	85.6324
57.8723	272	87.0000	85.5588
58.0851	273	87.0000	85.4853
58.2979	274	87.0000	85.4118
58.5106	275	88.0000	85.3382
58.7234	276	89.0000	85.2647
58.9362	277	91.0000	85.1912
59.1489	278	88.0000	85.1176
59.3617	279	89.0000	85.0441
59.5745	280	90.0000	84.9706
59.7872	281	88.0000	84.8971
60.0000	282	89.0000	84.8235
60.2128	283	89.0000	84.7500
60.4255	284	89.0000	84.6765
60.6383	285	88.0000	84.6029
60.8511	286	89.0000	84.5294
61.0638	287	89.0000	84.4559
61.2766	288	89.0000	84.3824
61.4894	289	91.0000	84.3088
61.7021	290	90.0000	84.2353
61.9149	291	92.0000	84.1618
62.1277	292	94.0000	84.0882
62.3404	293	93.0000	84.0147
62.5532	294	91.0000	83.9412
62.7660	295	93.0000	83.8676
62.9787	296	92.0000	83.7941
63.1915	297	93.0000	83.7206
63.4043	298	94.0000	83.6471
63.6170	299	97.0000	83.5735
63.8298	300	96.0000	83.5000
64.0426	301	95.0000	83.4265
64.2553	302	97.0000	83.3529
64.4681	303	97.0000	83.2794
64.6809	304	95.0000	83.2059
64.8936	305	96.0000	83.1324
65.1064	306	97.0000	83.0588
65.3191	307	95.0000	82.9853
65.5319	308	95.0000	82.9118
65.7447	309	95.0000	82.8382
65.9574	310	97.0000	82.7647
66.1702	311	95.0000	82.6912
66.3830	312	94.0000	82.6176
66.5957	313	94.0000	82.5441
66.8085	314	96.0000	82.4706
67.0213	315	95.0000	82.3971
67.2340	316	92.0000	82.3235
67.4468	317	93.0000	82.2500
67.6596	318	93.0000	82.1765
67.8723	319	92.0000	82.1029
68.0851	320	91.0000	82.0294
68.2979	321	92.0000	81.9559
68.5106	322	88.0000	81.8824
68.7234	323	89.0000	81.8088
68.9362	324	89.0000	81.7353
69.1489	325	90.0000	81.6618
69.3617	326	89.0000	81.5882
69.5745	327	87.0000	81.5147
69.7872	328	89.0000	81.4412
70.0000	329	90.0000	81.3676
70.2128	330	89.0000	81.2941
70.4255	331	87.0000	81.2206
70.6383	332	87.0000	81.1471
70.8511	333	86.0000	81.0735
71.0638	334	87.0000	81.0000
71.2766	335	88.0000	80.9265
71.4894	336	89.0000	80.8529
71.7021	337	89.0000	80.7794
71.9149	338	86.0000	80.7059
72.1277	339	84.0000	80.6324
72.3404	340	85.0000	80.5588
72.5532	341	84.0000	80.4853
72.7660	342	85.0000	80.4118
72.9787	343	82.0000	80.3382
73.1915	344	85.0000	80.2647
73.4043	345	84.0000	80.1912
73.6170	346	83.0000	80.1176
73.8298	347	83.0000	80.0441
74.0426	348	84.0000	79.9706
74.2553	349	81.0000	79.8971
74.4681	350	83.0000	79.8235
74.6809	351	82.0000	79.7500
74.8936	352	80.0000	79.6765
75.1064	353	79.0000	79.6029
75.3191	354	80.0000	79.5294
75.5319	355	80.0000	79.4559
75.7447	356	81.0000	79.3824
75.9574	357	78.0000	79.3088
76.1702	358	80.0000	79.2353
76.3830	359	78.0000	79.1618
76.5957	360	78.0000	79.0882
76.8085	361	78.0000	79.0147
77.0213	362	78.0000	78.9412
77.2340	363	77.0000	78.8676
77.4468	364	78.0000	78.7941
77.6596	365	77.0000	78.7206
77.8723	366	75.0000	78.6471
78.0851	367	77.0000	78.5735
78.2979	368	75.0000	78.5000
78.5106	369	75.0000	78.4265
78.7234	370	75.0000	78.3529
78.9362	371	75.0000	78.2794
79.1489	372	75.0000	78.2059
79.3617	373	75.0000	78.1324
79.5745	374	75.0000	78.0588
79.7872	375	75.0000	77.9853
80.0000	376	75.0000	77.9118
80.2128	377	74.0000	77.8382
80.4255	378	72.0000	77.7647
80.6383	379	75.0000	77.6912
80.8511	380	74.0000	77.6176
81.0638	381	75.0000	77.5441
81.2766	382	73.0000	77.4706
81.4894	383	72.0000	77.3971
81.7021	384	73.0000	77.3235
81.9149	385	74.0000	77.2500
82.1277	386	73.0000	77.1765
82.3404	387	73.0000	77.1029
82.5532	388	73.0000	77.0294
82.7660	389	72.0000	76.9559
82.9787	390	72.0000	76.8824
83.1915	391	72.0000	76.8088
83.4043	392	71.0000	76.7353
83.6170	393	72.0000	76.6618
83.8298	394	73.0000	76.5882
84.0426	395	71.0000	76.5147
84.2553	396	72.0000	76.4412
84.4681	397	72.0000	76.3676
84.6809	398	72.0000	76.2941
84.8936	399	71.0000	76.2206
85.1064	400	72.0000	76.1471
85.3191	401	71.0000	76.0735
85.5319	402	71.0000	76.0000
85.7447	403	72.0000	75.9265
85.9574	404	71.0000	75.8529
86.1702	405	70.0000	75.7794
86.3830	406	71.0000	75.7059
86.5957	407	71.0000	75.6324
86.8085	408	72.0000	75.5588
87.0213	409	72.0000	75.4853
87.2340	410	70.0000	75.4118
87.4468	411	72.0000	75.3382
87.6596	412	72.0000	75.2647
87.8723	413	70.0000	75.1912
88.0851	414	71.0000	75.1176
88.2979	415	70.0000	75.0441
88.5106	416	70.0000	74.9706
88.7234	417	71.0000	74.8971
88.9362	418	70.0000	74.8235
89.1489	419	71.0000	74.7500
89.3617	420	71.0000	74.6765
89.5745	421	69.0000	74.6029
89.7872	422	72.0000	74.5294
90.0000	423	71.0000	74.4559
90.2128	424	71.0000	74.3824
90.4255	425	71.0000	74.3088
90.6383	426	70.0000	74.2353
90.8511	427	71.0000	74.1618
91.0638	428	71.0000	74.0882
91.2766	429	70.0000	74.0147
91.4894	430	71.0000	73.9412
91.7021	431	72.0000	73.8676
91.9149	432	72.0000	73.7941
92.1277	433	72.0000	73.7206
92.3404	434	71.0000	73.6471
92.5532	435	71.0000	73.5735
92.7660	436	71.0000	73.5000
92.9787	437	71.0000	73.4265
93.1915	438	72.0000	73.3529
93.4043	439	72.0000	73.2794
93.6170	440	70.0000	73.2059
93.8298	441	70.0000	73.1324
94.0426	442	72.0000	73.0588
94.2553	443	71.0000	72.9853
94.4681	444	71.0000	72.9118
94.6809	445	70.0000	72.8382
94.8936	446	72.0000	72.7647
95.1064	447	71.0000	72.6912
95.3191	448	73.0000	72.6176
95.5319	449	71.0000	72.5441
95.7447	450	71.0000	72.4706
95.9574	451	72.0000	72.3971
96.1702	452	72.0000	72.3235
96.3830	453	71.0000	72.2500
96.5957	454	72.0000	72.1765
96.8085	455	72.0000	72.1029
97.0213	456	72.0000	72.0294
97.2340	457	72.0000	71.9559
97.4468	458	72.0000	71.8824
97.6596	459	73.0000	71.8088
97.8723	460	70.0000	71.7353
98.0851	461	71.0000	71.6618
98.2979	462	72.0000	71.5882
98.5106	463	72.0000	71.5147
98.7234	464	71.0000	71.4412
98.9362	465	71.0000	71.3676
99.1489	466	71.0000	71.2941
99.3617	467	73.0000	71.2206
99.5745	468	72.0000	71.1471
99.7872	469	72.0000	71.0735
100.0000	470	71.0000	71.0000
