---------- 1: r1_e1 ----------
Offset(%)	Offset(pix)	Profile	Background
1.0453	3	249.0000	249.0000
1.3937	4	267.0000	250.1111
1.7422	5	289.0000	251.2222
2.0906	6	291.0000	252.3333
2.4390	7	291.0000	253.4444
2.7875	8	294.0000	254.5556
3.1359	9	294.0000	255.6667
3.4843	10	296.0000	256.7778
3.8328	11	297.0000	257.8889
4.1812	12	294.0000	259.0000
4.5296	13	300.0000	260.1111
4.8780	14	302.0000	261.2222
5.2265	15	303.0000	262.3333
5.5749	16	300.0000	263.4445
5.9233	17	298.0000	264.5555
6.2718	18	298.0000	265.6667
6.6202	19	298.0000	266.7778
6.9686	20	292.0000	267.8889
7.3171	21	292.0000	269.0000
7.6655	22	299.0000	270.1111
8.0139	23	296.0000	271.2222
8.3624	24	298.0000	272.3333
8.7108	25	295.0000	273.4445
9.0592	26	295.0000	274.5555
9.4077	27	294.0000	275.6667
9.7561	28	294.0000	276.7778
10.1045	29	301.0000	277.8889
10.4530	30	305.0000	279.0000
10.8014	31	313.0000	280.1111
11.1498	32	316.0000	281.2222
11.4983	33	334.0000	282.3333
11.8467	34	355.0000	283.4445
12.1951	35	392.0000	284.5555
12.5436	36	417.0000	285.6667
12.8920	37	452.0000	286.7778
13.2404	38	470.0000	287.8889
13.5889	39	520.0000	289.0000
13.9373	40	567.0000	290.1111
14.2857	41	597.0000	291.2222
14.6341	42	640.0000	292.3333
14.9826	43	688.0000	293.4445
15.3310	44	724.0000	294.5555
15.6794	45	728.0000	295.6667
16.0279	46	745.0000	296.7778
16.3763	47	731.0000	297.8889
16.7247	48	725.0000	299.0000
17.0732	49	687.0000	300.1111
17.4216	50	685.0000	301.2222
17.7700	51	666.0000	302.3333
18.1185	52	663.0000	303.4445
18.4669	53	635.0000	304.5555
18.8153	54	620.0000	305.6667
19.1638	55	601.0000	306.7778
19.5122	56	587.0000	307.8889
19.8606	57	576.0000	309.0000
20.2091	58	582.0000	310.1111
20.5575	59	553.0000	311.2222
20.9059	60	532.0000	312.3333
21.2544	61	527.0000	313.4445
21.6028	62	517.0000	314.5555
21.9512	63	503.0000	315.6667
22.2997	64	490.0000	316.7778
22.6481	65	488.0000	317.8889
22.9965	66	470.0000	319.0000
23.3449	67	469.0000	320.1111
23.6934	68	460.0000	321.2222
24.0418	69	461.0000	322.3333
24.3902	70	451.0000	323.4445
24.7387	71	441.0000	324.5555
25.0871	72	438.0000	325.6667
25.4355	73	433.0000	326.7778
25.7840	74	434.0000	327.8889
26.1324	75	422.0000	329.0000
26.4808	76	418.0000	330.1111
26.8293	77	414.0000	331.2222
27.1777	78	417.0000	332.3333
27.5261	79	413.0000	333.4445
27.8746	80	413.0000	334.5555
28.2230	81	403.0000	335.6667
28.5714	82	405.0000	336.7778
28.9199	83	400.0000	337.8889
29.2683	84	400.0000	339.0000
29.6167	85	401.0000	340.1111
29.9652	86	401.0000	341.2222
30.3136	87	393.0000	342.3333
30.6620	88	399.0000	343.4445
31.0105	89	389.0000	344.5555
31.3589	90	393.0000	345.6667
31.7073	91	397.0000	346.7778
32.0557	92	386.0000	347.8889
32.4042	93	382.0000	349.0000
32.7526	94	389.0000	350.1111
33.1010	95	385.0000	351.2222
33.4495	96	384.0000	352.3333
33.7979	97	384.0000	353.4445
34.1463	98	387.0000	354.5555
34.4948	99	381.0000	355.6667
34.8432	100	388.0000	356.7778
35.1916	101	383.0000	357.8889
35.5401	102	387.0000	359.0000
35.8885	103	386.0000	360.1111
36.2369	104	390.0000	361.2222
36.5854	105	389.0000	362.3333
36.9338	106	387.0000	363.4445
37.2822	107	381.0000	364.5555
37.6307	108	385.0000	365.6667
37.9791	109	387.0000	366.7778
38.3275	110	389.0000	367.8889
38.6760	111	387.0000	369.0000
39.0244	112	391.0000	370.1111
39.3728	113	386.0000	371.2222
39.7213	114	386.0000	372.3333
40.0697	115	391.0000	373.4445
40.4181	116	392.0000	374.5555
40.7666	117	387.0000	375.6667
41.1150	118	392.0000	376.7778
41.4634	119	394.0000	377.8889
41.8118	120	379.0000	379.0000
42.1603	121	391.0000	378.7429
42.5087	122	394.0000	378.4857
42.8571	123	398.0000	378.2286
43.2056	124	395.0000	377.9714
43.5540	125	400.0000	377.7143
43.9024	126	394.0000	377.4572
44.2509	127	392.0000	377.2000
44.5993	128	393.0000	376.9429
44.9477	129	397.0000	376.6857
45.2962	130	394.0000	376.4286
45.6446	131	392.0000	376.1714
45.9930	132	394.0000	375.9143
46.3415	133	390.0000	375.6571
46.6899	134	387.0000	375.4000
47.0383	135	395.0000	375.1429
47.3868	136	396.0000	374.8857
47.7352	137	394.0000	374.6286
48.0836	138	396.0000	374.3714
48.4321	139	394.0000	374.1143
48.7805	140	397.0000	373.8571
49.1289	141	393.0000	373.6000
49.4774	142	392.0000	373.3429
49.8258	143	392.0000	373.0857
50.1742	144	399.0000	372.8286
50.5226	145	393.0000	372.5714
50.8711	146	392.0000	372.3143
51.2195	147	395.0000	372.0571
51.5679	148	395.0000	371.8000
51.9164	149	392.0000	371.5428
52.2648	150	400.0000	371.2857
52.6132	151	395.0000	371.0286
52.9617	152	395.0000	370.7714
53.3101	153	397.0000	370.5143
53.6585	154	397.0000	370.2571
54.0070	155	392.0000	370.0000
54.3554	156	393.0000	369.7429
54.7038	157	402.0000	369.4857
55.0523	158	395.0000	369.2286
55.4007	159	397.0000	368.9714
55.7491	160	390.0000	368.7143
56.0976	161	391.0000	368.4572
56.4460	162	390.0000	368.2000
56.7944	163	395.0000	367.9429
57.1429	164	391.0000	367.6857
57.4913	165	391.0000	367.4286
57.8397	166	394.0000	367.1714
58.1882	167	395.0000	366.9143
58.5366	168	387.0000	366.6571
58.8850	169	390.0000	366.4000
59.2334	170	386.0000	366.1429
59.5819	171	381.0000	365.8857
59.9303	172	383.0000	365.6286
60.2787	173	377.0000	365.3714
60.6272	174	383.0000	365.1143
60.9756	175	374.0000	364.8571
61.3240	176	374.0000	364.6000
61.6725	177	377.0000	364.3429
62.0209	178	376.0000	364.0857
62.3693	179	373.0000	363.8286
62.7178	180	370.0000	363.5714
63.0662	181	371.0000	363.3143
63.4146	182	363.0000	363.0571
63.7631	183	364.0000	362.8000
64.1115	184	365.0000	362.5428
64.8084	186	364.0000	362.2857
65.1568	187	365.0000	362.0286
65.5052	188	363.0000	361.7714
65.8537	189	361.0000	361.5143
66.2021	190	357.0000	361.2571
66.5505	191	361.0000	361.0000
66.8990	192	360.0000	359.8750
67.2474	193	358.0000	358.7500
67.5958	194	352.0000	357.6250
67.9443	195	358.0000	356.5000
68.2927	196	352.0000	355.3750
68.6411	197	352.0000	354.2500
68.9895	198	350.0000	353.1250
69.3380	199	344.0000	352.0000
69.6864	200	345.0000	350.8750
70.0348	201	346.0000	349.7500
70.3833	202	343.0000	348.6250
70.7317	203	340.0000	347.5000
71.0801	204	344.0000	346.3750
71.4286	205	343.0000	345.2500
71.7770	206	340.0000	344.1250
72.1254	207	339.0000	343.0000
72.4739	208	338.0000	341.8750
72.8223	209	334.0000	340.7500
73.1707	210	337.0000	339.6250
73.5192	211	332.0000	338.5000
73.8676	212	333.0000	337.3750
74.2160	213	332.0000	336.2500
74.9129	215	329.0000	335.1250
75.2613	216	329.0000	334.0000
75.6098	217	328.0000	332.8750
75.9582	218	327.0000	331.7500
76.3066	219	327.0000	330.6250
76.6551	220	325.0000	329.5000
77.0035	221	328.0000	328.3750
77.3519	222	325.0000	327.2500
77.7003	223	326.0000	326.1250
78.0488	224	325.0000	325.0000
78.3972	225	327.0000	324.9622
78.7456	226	327.0000	324.9245
79.0941	227	327.0000	324.8868
79.4425	228	325.0000	324.8491
79.7909	229	325.0000	324.8113
80.1394	230	327.0000	324.7736
80.4878	231	325.0000	324.7358
80.8362	232	328.0000	324.6981
81.1847	233	322.0000	324.6604
81.5331	234	323.0000	324.6227
81.8815	235	329.0000	324.5849
82.2300	236	323.0000	324.5472
82.5784	237	323.0000	324.5094
82.9268	238	325.0000	324.4717
83.2753	239	326.0000	324.4340
83.6237	240	326.0000	324.3962
83.9721	241	325.0000	324.3585
84.3206	242	327.0000	324.3207
84.6690	243	319.0000	324.2830
85.0174	244	317.0000	324.2453
85.3659	245	324.0000	324.2076
85.7143	246	324.0000	324.1698
86.0627	247	327.0000	324.1321
86.4111	248	324.0000	324.0943
86.7596	249	328.0000	324.0566
87.1080	250	329.0000	324.0189
87.4564	251	323.0000	323.9811
87.8049	252	330.0000	323.9434
88.1533	253	322.0000	323.9057
88.5017	254	323.0000	323.8679
88.8502	255	325.0000	323.8302
89.1986	256	327.0000	323.7924
89.5470	257	322.0000	323.7547
89.8955	258	323.0000	323.7170
90.2439	259	322.0000	323.6793
90.5923	260	322.0000	323.6415
90.9408	261	325.0000	323.6038
91.2892	262	323.0000	323.5660
91.6376	263	326.0000	323.5283
91.9861	264	326.0000	323.4906
92.3345	265	321.0000	323.4528
92.6829	266	320.0000	323.4151
93.0314	267	323.0000	323.3773
93.3798	268	325.0000	323.3396
93.7282	269	325.0000	323.3019
94.0767	270	323.0000	323.2642
94.4251	271	322.0000	323.2264
94.7735	272	322.0000	323.1887
95.1220	273	321.0000	323.1509
95.4704	274	320.0000	323.1132
95.8188	275	324.0000	323.0755
96.1672	276	319.0000	323.0378
96.5157	277	323.0000	323.0000
96.8641	278	322.0000	323.5555
97.2125	279	323.0000	324.1111
97.5610	280	321.0000	324.6667
97.9094	281	324.0000	325.2222
98.2578	282	324.0000	325.7778
98.6063	283	320.0000	326.3333
98.9547	284	328.0000	326.8889
99.3031	285	336.0000	327.4445
99.6516	286	328.0000	328.0000
---------- 2: r1_e2 ----------
Offset(%)	Offset(pix)	Profile	Background
1.0453	3	247.0000	247.0000
1.3937	4	250.0000	247.5826
1.7422	5	260.0000	248.1652
2.0906	6	263.0000	248.7478
2.4390	7	263.0000	249.3304
2.7875	8	264.0000	249.9130
3.1359	9	262.0000	250.4957
3.4843	10	257.0000	251.0783
3.8328	11	258.0000	251.6609
4.1812	12	256.0000	252.2435
4.5296	13	257.0000	252.8261
4.8780	14	257.0000	253.4087
5.2265	15	255.0000	253.9913
5.5749	16	253.0000	254.5739
5.9233	17	257.0000	255.1565
6.2718	18	252.0000	255.7391
6.6202	19	254.0000	256.3217
6.9686	20	255.0000	256.9044
7.3171	21	255.0000	257.4870
7.6655	22	250.0000	258.0696
8.0139	23	252.0000	258.6522
8.3624	24	252.0000	259.2348
8.7108	25	252.0000	259.8174
9.0592	26	253.0000	260.4000
9.4077	27	253.0000	260.9826
9.7561	28	253.0000	261.5652
10.1045	29	259.0000	262.1478
10.4530	30	256.0000	262.7304
10.8014	31	259.0000	263.3130
11.1498	32	265.0000	263.8957
11.4983	33	270.0000	264.4783
11.8467	34	270.0000	265.0609
12.1951	35	287.0000	265.6435
12.5436	36	293.0000	266.2261
12.8920	37	298.0000	266.8087
13.2404	38	297.0000	267.3913
13.5889	39	311.0000	267.9739
13.9373	40	312.0000	268.5565
14.2857	41	327.0000	269.1391
14.6341	42	341.0000	269.7217
14.9826	43	355.0000	270.3044
15.3310	44	333.0000	270.8870
15.6794	45	347.0000	271.4696
16.0279	46	348.0000	272.0522
16.3763	47	352.0000	272.6348
16.7247	48	346.0000	273.2174
17.0732	49	354.0000	273.8000
17.4216	50	352.0000	274.3826
17.7700	51	339.0000	274.9652
18.1185	52	343.0000	275.5478
18.4669	53	349.0000	276.1304
18.8153	54	339.0000	276.7130
19.1638	55	332.0000	277.2957
19.5122	56	328.0000	277.8783
19.8606	57	326.0000	278.4609
20.2091	58	323.0000	279.0435
20.5575	59	316.0000	279.6261
20.9059	60	320.0000	280.2087
21.2544	61	314.0000	280.7913
21.6028	62	313.0000	281.3739
21.9512	63	313.0000	281.9565
22.2997	64	317.0000	282.5391
22.6481	65	309.0000	283.1217
22.9965	66	307.0000	283.7043
23.3449	67	309.0000	284.2870
23.6934	68	308.0000	284.8696
24.0418	69	304.0000	285.4522
24.3902	70	305.0000	286.0348
24.7387	71	299.0000	286.6174
25.0871	72	302.0000	287.2000
25.4355	73	301.0000	287.7826
25.7840	74	297.0000	288.3652
26.1324	75	299.0000	288.9478
26.4808	76	299.0000	289.5304
26.8293	77	299.0000	290.1130
27.1777	78	298.0000	290.6956
27.5261	79	300.0000	291.2783
27.8746	80	301.0000	291.8609
28.2230	81	298.0000	292.4435
28.5714	82	299.0000	293.0261
28.9199	83	302.0000	293.6087
29.2683	84	296.0000	294.1913
29.6167	85	298.0000	294.7739
29.9652	86	301.0000	295.3565
30.3136	87	300.0000	295.9391
30.6620	88	303.0000	296.5217
31.0105	89	300.0000	297.1043
31.3589	90	301.0000	297.6870
31.7073	91	302.0000	298.2696
32.0557	92	303.0000	298.8522
32.4042	93	304.0000	299.4348
32.7526	94	300.0000	300.0174
33.1010	95	304.0000	300.6000
33.4495	96	304.0000	301.1826
33.7979	97	304.0000	301.7652
34.1463	98	305.0000	302.3478
34.4948	99	304.0000	302.9304
34.8432	100	304.0000	303.5130
35.1916	101	307.0000	304.0956
35.5401	102	303.0000	304.6783
35.8885	103	307.0000	305.2609
36.2369	104	305.0000	305.8435
36.5854	105	312.0000	306.4261
36.9338	106	310.0000	307.0087
37.2822	107	308.0000	307.5913
37.6307	108	308.0000	308.1739
37.9791	109	310.0000	308.7565
38.3275	110	310.0000	309.3391
38.6760	111	311.0000	309.9218
39.0244	112	315.0000	310.5043
39.3728	113	315.0000	311.0870
39.7213	114	313.0000	311.6696
40.0697	115	316.0000	312.2522
40.4181	116	315.0000	312.8348
40.7666	117	315.0000	313.4174
41.1150	118	314.0000	314.0000
41.4634	119	319.0000	314.2239
41.8118	120	321.0000	314.4478
42.1603	121	321.0000	314.6716
42.5087	122	317.0000	314.8955
42.8571	123	318.0000	315.1194
43.2056	124	320.0000	315.3433
43.5540	125	323.0000	315.5672
43.9024	126	324.0000	315.7910
44.2509	127	320.0000	316.0149
44.5993	128	324.0000	316.2388
44.9477	129	324.0000	316.4627
45.2962	130	323.0000	316.6866
45.6446	131	324.0000	316.9105
45.9930	132	324.0000	317.1343
46.3415	133	322.0000	317.3582
46.6899	134	325.0000	317.5821
47.0383	135	322.0000	317.8060
47.3868	136	328.0000	318.0298
47.7352	137	326.0000	318.2537
48.0836	138	327.0000	318.4776
48.4321	139	327.0000	318.7015
48.7805	140	332.0000	318.9254
49.1289	141	330.0000	319.1493
49.4774	142	333.0000	319.3731
49.8258	143	331.0000	319.5970
50.1742	144	328.0000	319.8209
50.5226	145	333.0000	320.0448
50.8711	146	332.0000	320.2686
51.2195	147	332.0000	320.4925
51.5679	148	338.0000	320.7164
51.9164	149	331.0000	320.9403
52.2648	150	330.0000	321.1642
52.6132	151	334.0000	321.3881
52.9617	152	332.0000	321.6119
53.3101	153	334.0000	321.8358
53.6585	154	333.0000	322.0597
54.0070	155	337.0000	322.2836
54.3554	156	332.0000	322.5075
54.7038	157	336.0000	322.7314
55.0523	158	340.0000	322.9552
55.4007	159	336.0000	323.1791
55.7491	160	340.0000	323.4030
56.0976	161	337.0000	323.6269
56.4460	162	337.0000	323.8507
56.7944	163	335.0000	324.0746
57.1429	164	334.0000	324.2985
57.4913	165	338.0000	324.5224
57.8397	166	332.0000	324.7463
58.1882	167	332.0000	324.9702
58.5366	168	337.0000	325.1940
58.8850	169	335.0000	325.4179
59.2334	170	335.0000	325.6418
59.5819	171	332.0000	325.8657
59.9303	172	331.0000	326.0895
60.2787	173	328.0000	326.3134
60.6272	174	334.0000	326.5373
60.9756	175	332.0000	326.7612
61.3240	176	331.0000	326.9851
61.6725	177	331.0000	327.2090
62.0209	178	334.0000	327.4328
62.3693	179	331.0000	327.6567
62.7178	180	333.0000	327.8806
63.0662	181	329.0000	328.1045
63.4146	182	332.0000	328.3284
63.7631	183	331.0000	328.5522
64.1115	184	332.0000	328.7761
64.4599	185	329.0000	329.0000
64.8084	186	330.0000	328.5102
65.1568	187	330.0000	328.0204
65.5052	188	332.0000	327.5306
65.8537	189	329.0000	327.0408
66.2021	190	328.0000	326.5510
66.5505	191	331.0000	326.0612
66.8990	192	328.0000	325.5714
67.2474	193	327.0000	325.0816
67.5958	194	328.0000	324.5918
67.9443	195	324.0000	324.1021
68.2927	196	326.0000	323.6122
68.6411	197	325.0000	323.1224
68.9895	198	326.0000	322.6327
69.3380	199	324.0000	322.1429
70.0348	201	319.0000	321.6531
70.3833	202	318.0000	321.1633
70.7317	203	321.0000	320.6735
71.0801	204	318.0000	320.1837
71.4286	205	324.0000	319.6939
71.7770	206	318.0000	319.2041
72.1254	207	316.0000	318.7143
72.4739	208	312.0000	318.2245
72.8223	209	317.0000	317.7347
73.1707	210	320.0000	317.2449
73.5192	211	313.0000	316.7551
73.8676	212	315.0000	316.2653
74.2160	213	313.0000	315.7755
74.5645	214	310.0000	315.2857
74.9129	215	311.0000	314.7959
75.2613	216	316.0000	314.3061
75.6098	217	312.0000	313.8163
75.9582	218	316.0000	313.3265
76.3066	219	306.0000	312.8367
76.6551	220	306.0000	312.3469
77.0035	221	310.0000	311.8571
77.3519	222	309.0000	311.3673
77.7003	223	309.0000	310.8776
78.0488	224	309.0000	310.3878
78.3972	225	307.0000	309.8979
78.7456	226	307.0000	309.4082
79.0941	227	311.0000	308.9184
79.4425	228	313.0000	308.4286
79.7909	229	309.0000	307.9388
80.1394	230	303.0000	307.4490
80.4878	231	309.0000	306.9592
80.8362	232	312.0000	306.4694
81.1847	233	310.0000	305.9796
81.5331	234	311.0000	305.4898
81.8815	235	305.0000	305.0000
82.2300	236	309.0000	305.2105
82.5784	237	312.0000	305.4211
82.9268	238	309.0000	305.6316
83.2753	239	311.0000	305.8421
83.6237	240	310.0000	306.0526
83.9721	241	310.0000	306.2632
84.3206	242	313.0000	306.4737
84.6690	243	315.0000	306.6842
85.0174	244	314.0000	306.8947
85.3659	245	310.0000	307.1053
85.7143	246	309.0000	307.3158
86.0627	247	309.0000	307.5263
86.4111	248	313.0000	307.7368
86.7596	249	312.0000	307.9474
87.1080	250	313.0000	308.1579
87.4564	251	312.0000	308.3684
87.8049	252	314.0000	308.5789
88.1533	253	311.0000	308.7895
88.5017	254	309.0000	309.0000
88.8502	255	312.0000	309.2105
89.1986	256	312.0000	309.4211
89.5470	257	315.0000	309.6316
89.8955	258	312.0000	309.8421
90.2439	259	310.0000	310.0526
90.5923	260	318.0000	310.2632
90.9408	261	316.0000	310.4737
91.2892	262	314.0000	310.6842
91.6376	263	315.0000	310.8947
91.9861	264	312.0000	311.1053
92.3345	265	317.0000	311.3158
92.6829	266	318.0000	311.5263
93.0314	267	317.0000	311.7368
93.3798	268	313.0000	311.9474
93.7282	269	313.0000	312.1579
94.0767	270	318.0000	312.3684
94.4251	271	315.0000	312.5789
94.7735	272	320.0000	312.7895
95.1220	273	313.0000	313.0000
95.4704	274	319.0000	313.3846
95.8188	275	315.0000	313.7692
96.1672	276	317.0000	314.1538
96.5157	277	315.0000	314.5385
96.8641	278	315.0000	314.9231
97.2125	279	317.0000	315.3077
97.5610	280	321.0000	315.6923
97.9094	281	322.0000	316.0769
98.2578	282	317.0000	316.4615
98.6063	283	318.0000	316.8462
98.9547	284	320.0000	317.2308
99.3031	285	319.0000	317.6154
99.6516	286	318.0000	318.0000
---------- 3: r1_e3 ----------
Offset(%)	Offset(pix)	Profile	Background
1.0453	3	246.0000	246.0000
1.3937	4	257.0000	246.8978
1.7422	5	264.0000	247.7956
2.0906	6	268.0000	248.6934
2.4390	7	263.0000	249.5912
2.7875	8	266.0000	250.4890
3.1359	9	265.0000	251.3869
3.4843	10	264.0000	252.2847
3.8328	11	260.0000	253.1825
4.1812	12	269.0000	254.0803
4.5296	13	266.0000	254.9781
4.8780	14	273.0000	255.8759
5.2265	15	277.0000	256.7737
5.5749	16	277.0000	257.6715
5.9233	17	281.0000	258.5693
6.2718	18	278.0000	259.4672
6.6202	19	280.0000	260.3650
6.9686	20	284.0000	261.2628
7.3171	21	286.0000	262.1606
7.6655	22	295.0000	263.0584
8.0139	23	291.0000	263.9562
8.3624	24	289.0000	264.8540
8.7108	25	295.0000	265.7518
9.0592	26	294.0000	266.6496
9.4077	27	300.0000	267.5475
9.7561	28	301.0000	268.4453
10.1045	29	298.0000	269.3431
10.4530	30	294.0000	270.2409
10.8014	31	294.0000	271.1387
11.1498	32	307.0000	272.0365
11.4983	33	314.0000	272.9343
11.8467	34	334.0000	273.8321
12.1951	35	355.0000	274.7299
12.5436	36	374.0000	275.6277
12.8920	37	377.0000	276.5255
13.2404	38	389.0000	277.4234
13.5889	39	417.0000	278.3212
13.9373	40	425.0000	279.2190
14.2857	41	429.0000	280.1168
14.6341	42	465.0000	281.0146
14.9826	43	470.0000	281.9124
15.3310	44	474.0000	282.8102
15.6794	45	486.0000	283.7080
16.0279	46	494.0000	284.6058
16.3763	47	512.0000	285.5037
16.7247	48	506.0000	286.4015
17.0732	49	502.0000	287.2993
17.4216	50	501.0000	288.1971
17.7700	51	488.0000	289.0949
18.1185	52	494.0000	289.9927
18.4669	53	484.0000	290.8905
18.8153	54	478.0000	291.7883
19.1638	55	470.0000	292.6861
19.5122	56	453.0000	293.5840
19.8606	57	457.0000	294.4818
20.2091	58	443.0000	295.3796
20.5575	59	431.0000	296.2774
20.9059	60	433.0000	297.1752
21.2544	61	430.0000	298.0730
21.6028	62	425.0000	298.9708
21.9512	63	415.0000	299.8686
22.2997	64	416.0000	300.7664
22.6481	65	412.0000	301.6642
22.9965	66	411.0000	302.5620
23.3449	67	404.0000	303.4598
23.6934	68	397.0000	304.3577
24.0418	69	401.0000	305.2555
24.3902	70	399.0000	306.1533
24.7387	71	394.0000	307.0511
25.0871	72	393.0000	307.9489
25.4355	73	387.0000	308.8467
25.7840	74	383.0000	309.7445
26.1324	75	380.0000	310.6423
26.4808	76	386.0000	311.5402
26.8293	77	383.0000	312.4380
27.1777	78	379.0000	313.3358
27.5261	79	375.0000	314.2336
27.8746	80	377.0000	315.1314
28.2230	81	381.0000	316.0292
28.5714	82	370.0000	316.9270
28.9199	83	360.0000	317.8248
29.2683	84	374.0000	318.7226
29.6167	85	372.0000	319.6204
29.9652	86	369.0000	320.5182
30.3136	87	362.0000	321.4161
30.6620	88	374.0000	322.3139
31.0105	89	371.0000	323.2117
31.3589	90	368.0000	324.1095
31.7073	91	373.0000	325.0073
32.0557	92	365.0000	325.9051
32.4042	93	360.0000	326.8029
32.7526	94	372.0000	327.7007
33.1010	95	362.0000	328.5985
33.4495	96	364.0000	329.4963
33.7979	97	367.0000	330.3942
34.1463	98	369.0000	331.2920
34.4948	99	364.0000	332.1898
34.8432	100	360.0000	333.0876
35.1916	101	372.0000	333.9854
35.5401	102	364.0000	334.8832
35.8885	103	363.0000	335.7810
36.2369	104	364.0000	336.6788
36.5854	105	367.0000	337.5767
36.9338	106	360.0000	338.4745
37.2822	107	371.0000	339.3723
37.6307	108	369.0000	340.2701
37.9791	109	371.0000	341.1679
38.3275	110	368.0000	342.0657
38.6760	111	366.0000	342.9635
39.0244	112	371.0000	343.8613
39.3728	113	370.0000	344.7591
39.7213	114	372.0000	345.6569
40.0697	115	367.0000	346.5547
40.4181	116	368.0000	347.4525
40.7666	117	366.0000	348.3504
41.1150	118	369.0000	349.2482
41.4634	119	361.0000	350.1460
41.8118	120	371.0000	351.0438
42.1603	121	366.0000	351.9416
42.5087	122	371.0000	352.8394
42.8571	123	368.0000	353.7372
43.2056	124	369.0000	354.6350
43.5540	125	367.0000	355.5328
43.9024	126	370.0000	356.4307
44.2509	127	365.0000	357.3285
44.5993	128	371.0000	358.2263
44.9477	129	365.0000	359.1241
45.2962	130	360.0000	360.0219
45.6446	131	366.0000	360.9197
45.9930	132	369.0000	361.8175
46.3415	133	365.0000	362.7153
46.6899	134	366.0000	363.6131
47.0383	135	366.0000	364.5110
47.3868	136	366.0000	365.4088
47.7352	137	365.0000	366.3066
48.0836	138	371.0000	367.2044
48.4321	139	366.0000	368.1022
48.7805	140	369.0000	369.0000
49.1289	141	367.0000	368.5652
49.4774	142	366.0000	368.1304
49.8258	143	369.0000	367.6956
50.1742	144	366.0000	367.2609
50.5226	145	365.0000	366.8261
50.8711	146	366.0000	366.3913
51.2195	147	361.0000	365.9565
51.5679	148	365.0000	365.5217
51.9164	149	364.0000	365.0869
52.2648	150	367.0000	364.6522
52.6132	151	369.0000	364.2174
52.9617	152	362.0000	363.7826
53.3101	153	362.0000	363.3478
53.6585	154	367.0000	362.9131
54.0070	155	362.0000	362.4783
54.3554	156	364.0000	362.0435
54.7038	157	362.0000	361.6087
55.0523	158	366.0000	361.1739
55.4007	159	365.0000	360.7391
55.7491	160	360.0000	360.3044
56.0976	161	361.0000	359.8696
56.4460	162	359.0000	359.4348
56.7944	163	360.0000	359.0000
57.1429	164	362.0000	358.5652
57.4913	165	362.0000	358.1304
57.8397	166	354.0000	357.6956
58.1882	167	359.0000	357.2609
58.5366	168	357.0000	356.8261
58.8850	169	356.0000	356.3913
59.2334	170	362.0000	355.9565
59.5819	171	355.0000	355.5217
59.9303	172	349.0000	355.0869
60.2787	173	350.0000	354.6522
60.6272	174	354.0000	354.2174
60.9756	175	349.0000	353.7826
61.3240	176	359.0000	353.3478
61.6725	177	348.0000	352.9131
62.0209	178	352.0000	352.4783
62.3693	179	355.0000	352.0435
62.7178	180	352.0000	351.6087
63.0662	181	346.0000	351.1739
63.4146	182	353.0000	350.7391
63.7631	183	348.0000	350.3044
64.1115	184	347.0000	349.8696
64.4599	185	346.0000	349.4348
64.8084	186	349.0000	349.0000
65.1568	187	345.0000	348.6207
65.5052	188	350.0000	348.2414
65.8537	189	352.0000	347.8621
66.2021	190	351.0000	347.4828
66.5505	191	348.0000	347.1035
66.8990	192	346.0000	346.7242
67.2474	193	346.0000	346.3448
67.5958	194	342.0000	345.9655
67.9443	195	346.0000	345.5862
68.2927	196	343.0000	345.2069
68.6411	197	343.0000	344.8276
68.9895	198	344.0000	344.4483
69.3380	199	339.0000	344.0690
70.0348	201	338.0000	343.6897
70.3833	202	337.0000	343.3103
70.7317	203	338.0000	342.9310
71.0801	204	342.0000	342.5517
71.4286	205	333.0000	342.1724
71.7770	206	335.0000	341.7931
72.1254	207	330.0000	341.4138
72.4739	208	330.0000	341.0345
72.8223	209	334.0000	340.6552
73.1707	210	332.0000	340.2758
73.5192	211	329.0000	339.8965
73.8676	212	331.0000	339.5172
74.2160	213	327.0000	339.1379
74.5645	214	329.0000	338.7586
74.9129	215	325.0000	338.3793
75.2613	216	325.0000	338.0000
75.6098	217	319.0000	337.6207
75.9582	218	319.0000	337.2414
76.3066	219	319.0000	336.8621
76.6551	220	323.0000	336.4828
77.0035	221	319.0000	336.1035
77.3519	222	317.0000	335.7242
77.7003	223	318.0000	335.3448
78.0488	224	317.0000	334.9655
78.3972	225	316.0000	334.5862
78.7456	226	317.0000	334.2069
79.0941	227	316.0000	333.8276
79.4425	228	317.0000	333.4483
79.7909	229	317.0000	333.0690
80.1394	230	317.0000	332.6897
80.4878	231	317.0000	332.3103
80.8362	232	321.0000	331.9310
81.1847	233	319.0000	331.5517
81.5331	234	317.0000	331.1724
81.8815	235	315.0000	330.7931
82.2300	236	313.0000	330.4138
82.5784	237	315.0000	330.0345
82.9268	238	317.0000	329.6552
83.2753	239	314.0000	329.2758
83.6237	240	311.0000	328.8965
83.9721	241	312.0000	328.5172
84.3206	242	312.0000	328.1379
84.6690	243	312.0000	327.7586
85.0174	244	311.0000	327.3793
85.3659	245	312.0000	327.0000
85.7143	246	312.0000	326.6207
86.0627	247	314.0000	326.2414
86.4111	248	310.0000	325.8621
86.7596	249	314.0000	325.4828
87.1080	250	311.0000	325.1035
87.4564	251	310.0000	324.7242
87.8049	252	313.0000	324.3448
88.1533	253	311.0000	323.9655
88.5017	254	309.0000	323.5862
88.8502	255	309.0000	323.2069
89.1986	256	313.0000	322.8276
89.5470	257	312.0000	322.4483
89.8955	258	307.0000	322.0690
90.2439	259	310.0000	321.6897
90.5923	260	306.0000	321.3103
90.9408	261	313.0000	320.9310
91.2892	262	310.0000	320.5517
91.6376	263	313.0000	320.1724
91.9861	264	312.0000	319.7931
92.3345	265	313.0000	319.4138
92.6829	266	313.0000	319.0345
93.0314	267	314.0000	318.6552
93.3798	268	313.0000	318.2758
93.7282	269	313.0000	317.8965
94.0767	270	312.0000	317.5172
94.4251	271	311.0000	317.1379
94.7735	272	311.0000	316.7586
95.1220	273	312.0000	316.3793
95.4704	274	316.0000	316.0000
95.8188	275	313.0000	316.0000
96.1672	276	315.0000	316.0000
96.5157	277	317.0000	316.0000
96.8641	278	312.0000	316.0000
97.2125	279	313.0000	316.0000
97.5610	280	312.0000	316.0000
97.9094	281	311.0000	316.0000
98.2578	282	317.0000	316.0000
98.6063	283	315.0000	316.0000
98.9547	284	314.0000	316.0000
99.3031	285	316.0000	316.0000
99.6516	286	316.0000	316.0000
---------- 4: r1_e4 ----------
Offset(%)	Offset(pix)	Profile	Background
1.0453	3	262.0000	262.0000
1.3937	4	271.0000	260.8333
1.7422	5	265.0000	259.6667
2.0906	6	258.0000	258.5000
2.4390	7	253.0000	257.3333
2.7875	8	251.0000	256.1667
3.1359	9	255.0000	255.0000
3.4843	10	252.0000	256.2989
3.8328	11	252.0000	257.5977
4.1812	12	257.0000	258.8965
4.5296	13	260.0000	260.1954
4.8780	14	256.0000	261.4943
5.2265	15	263.0000	262.7931
5.5749	16	263.0000	264.0919
5.9233	17	271.0000	265.3908
6.2718	18	277.0000	266.6897
6.6202	19	283.0000	267.9885
6.9686	20	291.0000	269.2874
7.3171	21	298.0000	270.5862
7.6655	22	297.0000	271.8851
8.0139	23	300.0000	273.1839
8.3624	24	293.0000	274.4828
8.7108	25	300.0000	275.7816
9.0592	26	293.0000	277.0804
9.4077	27	298.0000	278.3793
9.7561	28	295.0000	279.6782
10.1045	29	305.0000	280.9770
10.4530	30	295.0000	282.2758
10.8014	31	309.0000	283.5747
11.1498	32	309.0000	284.8736
11.4983	33	331.0000	286.1724
11.8467	34	333.0000	287.4713
12.1951	35	340.0000	288.7701
12.5436	36	342.0000	290.0690
12.8920	37	352.0000	291.3678
13.2404	38	356.0000	292.6667
13.5889	39	370.0000	293.9655
13.9373	40	383.0000	295.2644
14.2857	41	386.0000	296.5632
14.6341	42	419.0000	297.8621
14.9826	43	419.0000	299.1609
15.3310	44	432.0000	300.4598
15.6794	45	447.0000	301.7586
16.0279	46	448.0000	303.0575
16.3763	47	455.0000	304.3563
16.7247	48	462.0000	305.6552
17.0732	49	442.0000	306.9540
17.4216	50	460.0000	308.2529
17.7700	51	451.0000	309.5517
18.1185	52	452.0000	310.8506
18.4669	53	448.0000	312.1494
18.8153	54	442.0000	313.4483
19.1638	55	433.0000	314.7471
19.5122	56	436.0000	316.0460
19.8606	57	431.0000	317.3448
20.2091	58	427.0000	318.6437
20.5575	59	424.0000	319.9425
20.9059	60	416.0000	321.2414
21.2544	61	419.0000	322.5402
21.6028	62	414.0000	323.8391
21.9512	63	409.0000	325.1379
22.2997	64	405.0000	326.4368
22.6481	65	400.0000	327.7356
22.9965	66	400.0000	329.0345
23.3449	67	404.0000	330.3333
23.6934	68	401.0000	331.6322
24.0418	69	393.0000	332.9310
24.3902	70	390.0000	334.2299
24.7387	71	396.0000	335.5287
25.0871	72	389.0000	336.8276
25.4355	73	385.0000	338.1264
25.7840	74	390.0000	339.4253
26.1324	75	379.0000	340.7241
26.4808	76	381.0000	342.0230
26.8293	77	378.0000	343.3218
27.1777	78	375.0000	344.6207
27.5261	79	373.0000	345.9196
27.8746	80	377.0000	347.2184
28.2230	81	378.0000	348.5172
28.5714	82	371.0000	349.8161
28.9199	83	373.0000	351.1149
29.2683	84	366.0000	352.4138
29.6167	85	376.0000	353.7126
29.9652	86	369.0000	355.0115
30.3136	87	366.0000	356.3104
30.6620	88	369.0000	357.6092
31.0105	89	368.0000	358.9081
31.3589	90	371.0000	360.2069
31.7073	91	368.0000	361.5057
32.0557	92	368.0000	362.8046
32.4042	93	374.0000	364.1035
32.7526	94	373.0000	365.4023
33.1010	95	375.0000	366.7011
33.4495	96	368.0000	368.0000
33.7979	97	370.0000	368.0857
34.1463	98	366.0000	368.1714
34.4948	99	368.0000	368.2571
34.8432	100	370.0000	368.3429
35.1916	101	368.0000	368.4286
35.5401	102	368.0000	368.5143
35.8885	103	367.0000	368.6000
36.2369	104	368.0000	368.6857
36.5854	105	366.0000	368.7714
36.9338	106	370.0000	368.8571
37.2822	107	365.0000	368.9429
37.6307	108	372.0000	369.0286
37.9791	109	371.0000	369.1143
38.3275	110	373.0000	369.2000
38.6760	111	369.0000	369.2857
39.0244	112	372.0000	369.3714
39.3728	113	376.0000	369.4572
39.7213	114	375.0000	369.5428
40.0697	115	374.0000	369.6286
40.4181	116	367.0000	369.7143
40.7666	117	373.0000	369.8000
41.1150	118	367.0000	369.8857
41.4634	119	375.0000	369.9714
41.8118	120	374.0000	370.0571
42.1603	121	373.0000	370.1429
42.5087	122	369.0000	370.2286
42.8571	123	372.0000	370.3143
43.2056	124	376.0000	370.4000
43.5540	125	373.0000	370.4857
43.9024	126	372.0000	370.5714
44.2509	127	372.0000	370.6571
44.5993	128	374.0000	370.7429
44.9477	129	372.0000	370.8286
45.2962	130	372.0000	370.9143
45.6446	131	371.0000	371.0000
45.9930	132	370.0000	370.9184
46.3415	133	370.0000	370.8367
46.6899	134	370.0000	370.7551
47.0383	135	369.0000	370.6735
47.3868	136	373.0000	370.5918
47.7352	137	376.0000	370.5102
48.0836	138	371.0000	370.4286
48.4321	139	371.0000	370.3469
48.7805	140	375.0000	370.2653
49.1289	141	378.0000	370.1837
49.4774	142	371.0000	370.1021
49.8258	143	376.0000	370.0204
50.1742	144	373.0000	369.9388
50.5226	145	380.0000	369.8571
50.8711	146	379.0000	369.7755
51.2195	147	371.0000	369.6939
51.5679	148	376.0000	369.6122
51.9164	149	378.0000	369.5306
52.2648	150	371.0000	369.4490
52.6132	151	369.0000	369.3673
52.9617	152	376.0000	369.2857
53.3101	153	376.0000	369.2041
53.6585	154	376.0000	369.1224
54.0070	155	376.0000	369.0408
54.3554	156	373.0000	368.9592
54.7038	157	371.0000	368.8776
55.0523	158	376.0000	368.7959
55.4007	159	374.0000	368.7143
55.7491	160	371.0000	368.6327
56.0976	161	370.0000	368.5510
56.4460	162	380.0000	368.4694
56.7944	163	375.0000	368.3878
57.1429	164	367.0000	368.3061
57.4913	165	372.0000	368.2245
57.8397	166	372.0000	368.1429
58.1882	167	370.0000	368.0612
58.5366	168	368.0000	367.9796
58.8850	169	372.0000	367.8979
59.2334	170	366.0000	367.8163
59.5819	171	369.0000	367.7347
59.9303	172	371.0000	367.6531
60.2787	173	371.0000	367.5714
60.6272	174	367.0000	367.4898
60.9756	175	367.0000	367.4082
61.3240	176	370.0000	367.3265
61.6725	177	369.0000	367.2449
62.0209	178	366.0000	367.1633
62.3693	179	369.0000	367.0816
62.7178	180	367.0000	367.0000
63.0662	181	371.0000	366.3596
63.4146	182	366.0000	365.7191
63.7631	183	371.0000	365.0786
64.1115	184	367.0000	364.4382
64.4599	185	370.0000	363.7978
64.8084	186	371.0000	363.1573
65.1568	187	370.0000	362.5168
65.5052	188	369.0000	361.8764
65.8537	189	374.0000	361.2360
66.2021	190	366.0000	360.5955
66.5505	191	377.0000	359.9550
66.8990	192	367.0000	359.3146
67.2474	193	369.0000	358.6742
67.5958	194	371.0000	358.0337
67.9443	195	376.0000	357.3932
68.2927	196	373.0000	356.7528
68.6411	197	374.0000	356.1124
68.9895	198	379.0000	355.4719
69.3380	199	380.0000	354.8315
70.0348	201	381.0000	354.1910
70.3833	202	380.0000	353.5506
70.7317	203	377.0000	352.9101
71.0801	204	378.0000	352.2697
71.4286	205	377.0000	351.6292
71.7770	206	382.0000	350.9888
72.1254	207	376.0000	350.3483
72.4739	208	379.0000	349.7079
72.8223	209	375.0000	349.0674
73.1707	210	374.0000	348.4270
73.5192	211	371.0000	347.7865
73.8676	212	370.0000	347.1461
74.2160	213	366.0000	346.5056
74.5645	214	366.0000	345.8652
74.9129	215	363.0000	345.2247
75.2613	216	366.0000	344.5843
75.6098	217	366.0000	343.9438
75.9582	218	358.0000	343.3034
76.3066	219	358.0000	342.6629
76.6551	220	361.0000	342.0225
77.0035	221	360.0000	341.3820
77.3519	222	353.0000	340.7416
77.7003	223	357.0000	340.1011
78.0488	224	350.0000	339.4607
78.3972	225	348.0000	338.8202
78.7456	226	349.0000	338.1798
79.0941	227	347.0000	337.5393
79.4425	228	346.0000	336.8989
79.7909	229	343.0000	336.2584
80.1394	230	342.0000	335.6180
80.4878	231	339.0000	334.9775
80.8362	232	336.0000	334.3371
81.1847	233	335.0000	333.6966
81.5331	234	334.0000	333.0562
81.8815	235	334.0000	332.4157
82.2300	236	332.0000	331.7753
82.5784	237	332.0000	331.1348
82.9268	238	330.0000	330.4944
83.2753	239	327.0000	329.8539
83.6237	240	328.0000	329.2135
83.9721	241	328.0000	328.5730
84.3206	242	327.0000	327.9326
84.6690	243	328.0000	327.2921
85.0174	244	329.0000	326.6517
85.3659	245	335.0000	326.0112
85.7143	246	329.0000	325.3708
86.0627	247	329.0000	324.7303
86.4111	248	328.0000	324.0899
86.7596	249	318.0000	323.4494
87.1080	250	325.0000	322.8090
87.4564	251	325.0000	322.1685
87.8049	252	323.0000	321.5281
88.1533	253	325.0000	320.8876
88.5017	254	320.0000	320.2472
88.8502	255	319.0000	319.6068
89.1986	256	318.0000	318.9663
89.5470	257	319.0000	318.3258
89.8955	258	319.0000	317.6854
90.2439	259	315.0000	317.0450
90.5923	260	317.0000	316.4045
90.9408	261	313.0000	315.7640
91.2892	262	313.0000	315.1236
91.6376	263	315.0000	314.4832
91.9861	264	314.0000	313.8427
92.3345	265	312.0000	313.2022
92.6829	266	312.0000	312.5618
93.0314	267	317.0000	311.9214
93.3798	268	315.0000	311.2809
93.7282	269	314.0000	310.6404
94.0767	270	310.0000	310.0000
94.4251	271	314.0000	310.3125
94.7735	272	316.0000	310.6250
95.1220	273	314.0000	310.9375
95.4704	274	312.0000	311.2500
95.8188	275	314.0000	311.5625
96.1672	276	318.0000	311.8750
96.5157	277	312.0000	312.1875
96.8641	278	317.0000	312.5000
97.2125	279	314.0000	312.8125
97.5610	280	315.0000	313.1250
97.9094	281	316.0000	313.4375
98.2578	282	320.0000	313.7500
98.6063	283	322.0000	314.0625
98.9547	284	314.0000	314.3750
99.3031	285	317.0000	314.6875
99.6516	286	315.0000	315.0000
---------- 5: r1_e5 ----------
Offset(%)	Offset(pix)	Profile	Background
1.0453	3	250.0000	250.0000
1.3937	4	254.0000	249.5714
1.7422	5	257.0000	249.1429
2.0906	6	257.0000	248.7143
2.4390	7	253.0000	248.2857
2.7875	8	249.0000	247.8571
3.1359	9	247.0000	247.4286
3.4843	10	247.0000	247.0000
3.8328	11	247.0000	247.7788
4.1812	12	250.0000	248.5575
4.5296	13	250.0000	249.3363
4.8780	14	253.0000	250.1151
5.2265	15	253.0000	250.8938
5.5749	16	256.0000	251.6726
5.9233	17	260.0000	252.4513
6.2718	18	259.0000	253.2301
6.6202	19	260.0000	254.0089
6.9686	20	262.0000	254.7876
7.3171	21	260.0000	255.5664
7.6655	22	260.0000	256.3451
8.0139	23	265.0000	257.1239
8.3624	24	266.0000	257.9026
8.7108	25	266.0000	258.6814
9.0592	26	266.0000	259.4602
9.4077	27	268.0000	260.2390
9.7561	28	264.0000	261.0177
10.1045	29	268.0000	261.7964
10.4530	30	274.0000	262.5752
10.8014	31	281.0000	263.3540
11.1498	32	283.0000	264.1328
11.4983	33	289.0000	264.9115
11.8467	34	290.0000	265.6903
12.1951	35	299.0000	266.4690
12.5436	36	313.0000	267.2478
12.8920	37	311.0000	268.0266
13.2404	38	317.0000	268.8053
13.5889	39	335.0000	269.5841
13.9373	40	338.0000	270.3628
14.2857	41	348.0000	271.1416
14.6341	42	357.0000	271.9203
14.9826	43	371.0000	272.6991
15.3310	44	374.0000	273.4779
15.6794	45	384.0000	274.2567
16.0279	46	384.0000	275.0354
16.3763	47	389.0000	275.8141
16.7247	48	396.0000	276.5929
17.0732	49	402.0000	277.3717
17.4216	50	402.0000	278.1505
17.7700	51	397.0000	278.9292
18.1185	52	394.0000	279.7080
18.4669	53	385.0000	280.4867
18.8153	54	382.0000	281.2655
19.1638	55	378.0000	282.0443
19.5122	56	376.0000	282.8230
19.8606	57	372.0000	283.6018
20.2091	58	366.0000	284.3805
20.5575	59	374.0000	285.1593
20.9059	60	369.0000	285.9380
21.2544	61	360.0000	286.7168
21.6028	62	358.0000	287.4956
21.9512	63	342.0000	288.2744
22.2997	64	347.0000	289.0531
22.6481	65	343.0000	289.8318
22.9965	66	338.0000	290.6106
23.3449	67	342.0000	291.3894
23.6934	68	338.0000	292.1682
24.0418	69	345.0000	292.9469
24.3902	70	332.0000	293.7256
24.7387	71	338.0000	294.5044
25.0871	72	342.0000	295.2832
25.4355	73	337.0000	296.0620
25.7840	74	331.0000	296.8407
26.1324	75	329.0000	297.6195
26.4808	76	330.0000	298.3982
26.8293	77	331.0000	299.1770
27.1777	78	325.0000	299.9557
27.5261	79	324.0000	300.7345
27.8746	80	326.0000	301.5133
28.2230	81	323.0000	302.2920
28.5714	82	326.0000	303.0708
28.9199	83	325.0000	303.8495
29.2683	84	323.0000	304.6283
29.6167	85	319.0000	305.4071
29.9652	86	319.0000	306.1859
30.3136	87	323.0000	306.9646
30.6620	88	329.0000	307.7433
31.0105	89	326.0000	308.5221
31.3589	90	326.0000	309.3009
31.7073	91	325.0000	310.0797
32.0557	92	325.0000	310.8584
32.4042	93	322.0000	311.6372
32.7526	94	321.0000	312.4159
33.1010	95	325.0000	313.1947
33.4495	96	327.0000	313.9734
33.7979	97	325.0000	314.7522
34.1463	98	325.0000	315.5310
34.4948	99	321.0000	316.3098
34.8432	100	324.0000	317.0885
35.1916	101	327.0000	317.8672
35.5401	102	324.0000	318.6460
35.8885	103	324.0000	319.4248
36.2369	104	325.0000	320.2036
36.5854	105	325.0000	320.9823
36.9338	106	325.0000	321.7610
37.2822	107	330.0000	322.5398
37.6307	108	331.0000	323.3186
37.9791	109	327.0000	324.0974
38.3275	110	329.0000	324.8761
38.6760	111	327.0000	325.6549
39.0244	112	332.0000	326.4336
39.3728	113	330.0000	327.2124
39.7213	114	333.0000	327.9911
40.0697	115	328.0000	328.7699
40.4181	116	328.0000	329.5487
40.7666	117	328.0000	330.3274
41.1150	118	330.0000	331.1062
41.4634	119	327.0000	331.8849
41.8118	120	327.0000	332.6637
42.1603	121	331.0000	333.4425
42.5087	122	337.0000	334.2213
42.8571	123	335.0000	335.0000
43.2056	124	325.0000	334.8283
43.5540	125	325.0000	334.6566
43.9024	126	330.0000	334.4849
44.2509	127	328.0000	334.3131
44.5993	128	332.0000	334.1414
44.9477	129	327.0000	333.9697
45.2962	130	335.0000	333.7980
45.6446	131	337.0000	333.6263
45.9930	132	337.0000	333.4546
46.3415	133	336.0000	333.2828
46.6899	134	335.0000	333.1111
47.0383	135	335.0000	332.9394
47.3868	136	341.0000	332.7677
47.7352	137	335.0000	332.5959
48.0836	138	333.0000	332.4243
48.4321	139	335.0000	332.2525
48.7805	140	337.0000	332.0808
49.1289	141	336.0000	331.9091
49.4774	142	339.0000	331.7374
49.8258	143	337.0000	331.5656
50.1742	144	340.0000	331.3940
50.5226	145	341.0000	331.2222
50.8711	146	340.0000	331.0505
51.2195	147	344.0000	330.8788
51.5679	148	338.0000	330.7071
51.9164	149	339.0000	330.5353
52.2648	150	345.0000	330.3636
52.6132	151	345.0000	330.1919
52.9617	152	338.0000	330.0202
53.3101	153	345.0000	329.8485
53.6585	154	347.0000	329.6768
54.0070	155	343.0000	329.5051
54.3554	156	342.0000	329.3333
54.7038	157	343.0000	329.1616
55.0523	158	341.0000	328.9899
55.4007	159	341.0000	328.8182
55.7491	160	346.0000	328.6465
56.0976	161	337.0000	328.4748
56.4460	162	342.0000	328.3030
56.7944	163	345.0000	328.1313
57.1429	164	345.0000	327.9596
57.4913	165	345.0000	327.7879
57.8397	166	339.0000	327.6161
58.1882	167	343.0000	327.4445
58.5366	168	343.0000	327.2727
58.8850	169	340.0000	327.1010
59.2334	170	349.0000	326.9293
59.5819	171	344.0000	326.7576
59.9303	172	339.0000	326.5858
60.2787	173	342.0000	326.4142
60.6272	174	340.0000	326.2424
60.9756	175	348.0000	326.0707
61.3240	176	342.0000	325.8990
61.6725	177	344.0000	325.7273
62.0209	178	343.0000	325.5555
62.3693	179	343.0000	325.3839
62.7178	180	341.0000	325.2121
63.0662	181	338.0000	325.0404
63.4146	182	340.0000	324.8687
63.7631	183	343.0000	324.6970
64.1115	184	341.0000	324.5252
64.4599	185	344.0000	324.3535
64.8084	186	340.0000	324.1818
65.1568	187	332.0000	324.0101
65.5052	188	338.0000	323.8384
65.8537	189	342.0000	323.6667
66.2021	190	338.0000	323.4949
66.5505	191	335.0000	323.3232
66.8990	192	341.0000	323.1515
67.2474	193	337.0000	322.9798
67.5958	194	336.0000	322.8081
67.9443	195	330.0000	322.6364
68.2927	196	329.0000	322.4647
68.6411	197	333.0000	322.2929
68.9895	198	334.0000	322.1212
69.3380	199	332.0000	321.9495
70.0348	201	332.0000	321.7778
70.3833	202	326.0000	321.6060
70.7317	203	333.0000	321.4344
71.0801	204	330.0000	321.2626
71.4286	205	337.0000	321.0909
71.7770	206	326.0000	320.9192
72.1254	207	322.0000	320.7475
72.4739	208	316.0000	320.5757
72.8223	209	322.0000	320.4041
73.1707	210	327.0000	320.2323
73.5192	211	323.0000	320.0606
73.8676	212	326.0000	319.8889
74.2160	213	321.0000	319.7172
74.5645	214	320.0000	319.5454
74.9129	215	320.0000	319.3737
75.2613	216	322.0000	319.2020
75.6098	217	321.0000	319.0303
75.9582	218	320.0000	318.8586
76.3066	219	319.0000	318.6869
76.6551	220	321.0000	318.5151
77.0035	221	320.0000	318.3434
77.3519	222	319.0000	318.1717
77.7003	223	318.0000	318.0000
78.0488	224	321.0000	317.8438
78.3972	225	321.0000	317.6875
78.7456	226	318.0000	317.5313
79.0941	227	318.0000	317.3750
79.4425	228	317.0000	317.2188
79.7909	229	321.0000	317.0625
80.1394	230	318.0000	316.9063
80.4878	231	323.0000	316.7500
80.8362	232	320.0000	316.5938
81.1847	233	320.0000	316.4375
81.5331	234	320.0000	316.2813
81.8815	235	317.0000	316.1250
82.2300	236	314.0000	315.9688
82.5784	237	320.0000	315.8125
82.9268	238	314.0000	315.6563
83.2753	239	318.0000	315.5000
83.6237	240	314.0000	315.3438
83.9721	241	319.0000	315.1875
84.3206	242	315.0000	315.0313
84.6690	243	318.0000	314.8750
85.0174	244	315.0000	314.7188
85.3659	245	317.0000	314.5625
85.7143	246	313.0000	314.4063
86.0627	247	315.0000	314.2500
86.4111	248	318.0000	314.0938
86.7596	249	318.0000	313.9375
87.1080	250	315.0000	313.7813
87.4564	251	314.0000	313.6250
87.8049	252	318.0000	313.4688
88.1533	253	313.0000	313.3125
88.5017	254	316.0000	313.1563
88.8502	255	313.0000	313.0000
89.1986	256	314.0000	312.9333
89.5470	257	317.0000	312.8667
89.8955	258	316.0000	312.8000
90.2439	259	315.0000	312.7333
90.5923	260	314.0000	312.6667
90.9408	261	312.0000	312.6000
91.2892	262	314.0000	312.5333
91.6376	263	315.0000	312.4667
91.9861	264	312.0000	312.4000
92.3345	265	316.0000	312.3333
92.6829	266	314.0000	312.2667
93.0314	267	312.0000	312.2000
93.3798	268	316.0000	312.1333
93.7282	269	314.0000	312.0667
94.0767	270	312.0000	312.0000
94.4251	271	316.0000	312.2500
94.7735	272	316.0000	312.5000
95.1220	273	317.0000	312.7500
95.4704	274	319.0000	313.0000
95.8188	275	317.0000	313.2500
96.1672	276	319.0000	313.5000
96.5157	277	316.0000	313.7500
96.8641	278	320.0000	314.0000
97.2125	279	319.0000	314.2500
97.5610	280	316.0000	314.5000
97.9094	281	316.0000	314.7500
98.2578	282	315.0000	315.0000
98.6063	283	316.0000	315.2500
98.9547	284	316.0000	315.5000
99.3031	285	315.0000	315.7500
99.6516	286	316.0000	316.0000
---------- 6: r1_e6 ----------
Offset(%)	Offset(pix)	Profile	Background
1.0453	3	255.0000	255.0000
1.3937	4	267.0000	256.1685
1.7422	5	264.0000	257.3371
2.0906	6	263.0000	258.5056
2.4390	7	258.0000	259.6742
2.7875	8	259.0000	260.8427
3.1359	9	258.0000	262.0112
3.4843	10	262.0000	263.1798
3.8328	11	260.0000	264.3483
4.1812	12	262.0000	265.5168
4.5296	13	270.0000	266.6854
4.8780	14	276.0000	267.8539
5.2265	15	276.0000	269.0225
5.5749	16	285.0000	270.1910
5.9233	17	285.0000	271.3596
6.2718	18	274.0000	272.5281
6.6202	19	277.0000	273.6966
6.9686	20	286.0000	274.8652
7.3171	21	292.0000	276.0337
7.6655	22	301.0000	277.2022
8.0139	23	305.0000	278.3708
8.3624	24	319.0000	279.5393
8.7108	25	312.0000	280.7079
9.0592	26	314.0000	281.8764
9.4077	27	316.0000	283.0450
9.7561	28	309.0000	284.2135
10.1045	29	314.0000	285.3820
10.4530	30	311.0000	286.5506
10.8014	31	325.0000	287.7191
11.1498	32	317.0000	288.8876
11.4983	33	330.0000	290.0562
11.8467	34	337.0000	291.2247
12.1951	35	328.0000	292.3932
12.5436	36	338.0000	293.5618
12.8920	37	336.0000	294.7303
13.2404	38	351.0000	295.8989
13.5889	39	346.0000	297.0674
13.9373	40	344.0000	298.2360
14.2857	41	358.0000	299.4045
14.6341	42	355.0000	300.5730
14.9826	43	363.0000	301.7416
15.3310	44	357.0000	302.9101
15.6794	45	374.0000	304.0786
16.0279	46	378.0000	305.2472
16.3763	47	388.0000	306.4157
16.7247	48	378.0000	307.5843
17.0732	49	389.0000	308.7528
17.4216	50	398.0000	309.9214
17.7700	51	396.0000	311.0899
18.1185	52	391.0000	312.2584
18.4669	53	405.0000	313.4270
18.8153	54	393.0000	314.5955
19.1638	55	393.0000	315.7640
19.5122	56	389.0000	316.9326
19.8606	57	379.0000	318.1011
20.2091	58	375.0000	319.2697
20.5575	59	378.0000	320.4382
20.9059	60	372.0000	321.6068
21.2544	61	375.0000	322.7753
21.6028	62	380.0000	323.9438
21.9512	63	365.0000	325.1124
22.2997	64	365.0000	326.2809
22.6481	65	367.0000	327.4494
22.9965	66	368.0000	328.6180
23.3449	67	361.0000	329.7865
23.6934	68	364.0000	330.9550
24.0418	69	361.0000	332.1236
24.3902	70	360.0000	333.2921
24.7387	71	366.0000	334.4607
25.0871	72	360.0000	335.6292
25.4355	73	367.0000	336.7978
25.7840	74	362.0000	337.9663
26.1324	75	363.0000	339.1348
26.4808	76	360.0000	340.3034
26.8293	77	365.0000	341.4719
27.1777	78	358.0000	342.6404
27.5261	79	356.0000	343.8090
27.8746	80	352.0000	344.9775
28.2230	81	351.0000	346.1461
28.5714	82	352.0000	347.3146
28.9199	83	351.0000	348.4832
29.2683	84	356.0000	349.6517
29.6167	85	353.0000	350.8202
29.9652	86	353.0000	351.9888
30.3136	87	351.0000	353.1573
30.6620	88	350.0000	354.3258
31.0105	89	352.0000	355.4944
31.3589	90	353.0000	356.6629
31.7073	91	349.0000	357.8315
32.0557	92	359.0000	359.0000
32.4042	93	352.0000	359.3000
32.7526	94	351.0000	359.6000
33.1010	95	354.0000	359.9000
33.4495	96	358.0000	360.2000
33.7979	97	351.0000	360.5000
34.1463	98	347.0000	360.8000
34.4948	99	357.0000	361.1000
34.8432	100	360.0000	361.4000
35.1916	101	362.0000	361.7000
35.5401	102	355.0000	362.0000
35.8885	103	360.0000	362.3000
36.2369	104	357.0000	362.6000
36.5854	105	357.0000	362.9000
36.9338	106	352.0000	363.2000
37.2822	107	352.0000	363.5000
37.6307	108	361.0000	363.8000
37.9791	109	361.0000	364.1000
38.3275	110	359.0000	364.4000
38.6760	111	364.0000	364.7000
39.0244	112	366.0000	365.0000
39.3728	113	364.0000	365.3000
39.7213	114	361.0000	365.6000
40.0697	115	365.0000	365.9000
40.4181	116	363.0000	366.2000
40.7666	117	369.0000	366.5000
41.1150	118	370.0000	366.8000
41.4634	119	367.0000	367.1000
41.8118	120	365.0000	367.4000
42.1603	121	370.0000	367.7000
42.5087	122	368.0000	368.0000
42.8571	123	368.0000	368.2069
43.2056	124	367.0000	368.4138
43.5540	125	365.0000	368.6207
43.9024	126	370.0000	368.8276
44.2509	127	368.0000	369.0345
44.5993	128	371.0000	369.2414
44.9477	129	369.0000	369.4483
45.2962	130	384.0000	369.6552
45.6446	131	368.0000	369.8621
45.9930	132	375.0000	370.0690
46.3415	133	376.0000	370.2758
46.6899	134	370.0000	370.4828
47.0383	135	379.0000	370.6897
47.3868	136	378.0000	370.8965
47.7352	137	382.0000	371.1035
48.0836	138	380.0000	371.3103
48.4321	139	381.0000	371.5172
48.7805	140	379.0000	371.7242
49.1289	141	381.0000	371.9310
49.4774	142	381.0000	372.1379
49.8258	143	383.0000	372.3448
50.1742	144	384.0000	372.5517
50.5226	145	383.0000	372.7586
50.8711	146	378.0000	372.9655
51.2195	147	383.0000	373.1724
51.5679	148	387.0000	373.3793
51.9164	149	384.0000	373.5862
52.2648	150	380.0000	373.7931
52.6132	151	385.0000	374.0000
52.9617	152	386.0000	374.2069
53.3101	153	391.0000	374.4138
53.6585	154	388.0000	374.6207
54.0070	155	394.0000	374.8276
54.3554	156	387.0000	375.0345
54.7038	157	389.0000	375.2414
55.0523	158	389.0000	375.4483
55.4007	159	387.0000	375.6552
55.7491	160	384.0000	375.8621
56.0976	161	391.0000	376.0690
56.4460	162	390.0000	376.2758
56.7944	163	388.0000	376.4828
57.1429	164	386.0000	376.6897
57.4913	165	386.0000	376.8965
57.8397	166	390.0000	377.1035
58.1882	167	390.0000	377.3103
58.5366	168	391.0000	377.5172
58.8850	169	383.0000	377.7242
59.2334	170	385.0000	377.9310
59.5819	171	383.0000	378.1379
59.9303	172	388.0000	378.3448
60.2787	173	388.0000	378.5517
60.6272	174	382.0000	378.7586
60.9756	175	382.0000	378.9655
61.3240	176	384.0000	379.1724
61.6725	177	383.0000	379.3793
62.0209	178	384.0000	379.5862
62.3693	179	385.0000	379.7931
62.7178	180	380.0000	380.0000
63.0662	181	383.0000	379.2857
63.4146	182	389.0000	378.5714
63.7631	183	382.0000	377.8571
64.1115	184	383.0000	377.1429
64.4599	185	385.0000	376.4286
64.8084	186	384.0000	375.7143
65.1568	187	385.0000	375.0000
65.5052	188	382.0000	374.2857
65.8537	189	384.0000	373.5714
66.2021	190	385.0000	372.8571
66.5505	191	391.0000	372.1429
66.8990	192	390.0000	371.4286
67.2474	193	382.0000	370.7143
67.5958	194	384.0000	370.0000
67.9443	195	386.0000	369.2857
68.2927	196	387.0000	368.5714
68.6411	197	393.0000	367.8571
68.9895	198	393.0000	367.1429
69.3380	199	394.0000	366.4286
70.0348	201	399.0000	365.7143
70.3833	202	397.0000	365.0000
70.7317	203	397.0000	364.2857
71.0801	204	395.0000	363.5714
71.4286	205	402.0000	362.8571
71.7770	206	396.0000	362.1429
72.1254	207	402.0000	361.4286
72.4739	208	396.0000	360.7143
72.8223	209	395.0000	360.0000
73.1707	210	390.0000	359.2857
73.5192	211	383.0000	358.5714
73.8676	212	390.0000	357.8571
74.2160	213	384.0000	357.1429
74.5645	214	380.0000	356.4286
74.9129	215	380.0000	355.7143
75.2613	216	381.0000	355.0000
75.6098	217	372.0000	354.2857
75.9582	218	370.0000	353.5714
76.3066	219	369.0000	352.8571
76.6551	220	367.0000	352.1429
77.0035	221	373.0000	351.4286
77.3519	222	366.0000	350.7143
77.7003	223	360.0000	350.0000
78.0488	224	360.0000	349.2857
78.3972	225	359.0000	348.5714
78.7456	226	356.0000	347.8571
79.0941	227	358.0000	347.1429
79.4425	228	354.0000	346.4286
79.7909	229	352.0000	345.7143
80.1394	230	345.0000	345.0000
80.4878	231	347.0000	344.4750
80.8362	232	347.0000	343.9500
81.1847	233	348.0000	343.4250
81.5331	234	344.0000	342.9000
81.8815	235	341.0000	342.3750
82.2300	236	343.0000	341.8500
82.5784	237	339.0000	341.3250
82.9268	238	344.0000	340.8000
83.2753	239	338.0000	340.2750
83.6237	240	337.0000	339.7500
83.9721	241	339.0000	339.2250
84.3206	242	335.0000	338.7000
84.6690	243	339.0000	338.1750
85.0174	244	338.0000	337.6500
85.3659	245	338.0000	337.1250
85.7143	246	340.0000	336.6000
86.0627	247	333.0000	336.0750
86.4111	248	336.0000	335.5500
86.7596	249	338.0000	335.0250
87.1080	250	336.0000	334.5000
87.4564	251	331.0000	333.9750
87.8049	252	333.0000	333.4500
88.1533	253	332.0000	332.9250
88.5017	254	332.0000	332.4000
88.8502	255	326.0000	331.8750
89.1986	256	327.0000	331.3500
89.5470	257	331.0000	330.8250
89.8955	258	328.0000	330.3000
90.2439	259	328.0000	329.7750
90.5923	260	327.0000	329.2500
90.9408	261	327.0000	328.7250
91.2892	262	322.0000	328.2000
91.6376	263	327.0000	327.6750
91.9861	264	324.0000	327.1500
92.3345	265	326.0000	326.6250
92.6829	266	322.0000	326.1000
93.0314	267	325.0000	325.5750
93.3798	268	323.0000	325.0500
93.7282	269	328.0000	324.5250
94.0767	270	324.0000	324.0000
94.4251	271	328.0000	323.7500
94.7735	272	324.0000	323.5000
95.1220	273	326.0000	323.2500
95.4704	274	323.0000	323.0000
95.8188	275	327.0000	323.3333
96.1672	276	324.0000	323.6667
96.5157	277	330.0000	324.0000
96.8641	278	327.0000	324.3333
97.2125	279	323.0000	324.6667
97.5610	280	330.0000	325.0000
97.9094	281	328.0000	325.3333
98.2578	282	329.0000	325.6667
98.6063	283	334.0000	326.0000
98.9547	284	332.0000	326.3333
99.3031	285	329.0000	326.6667
99.6516	286	327.0000	327.0000
---------- 7: r1_e7 ----------
Offset(%)	Offset(pix)	Profile	Background
1.0453	3	242.0000	242.0000
1.3937	4	253.0000	242.3976
1.7422	5	251.0000	242.7952
2.0906	6	252.0000	243.1928
2.4390	7	253.0000	243.5904
2.7875	8	249.0000	243.9879
3.1359	9	250.0000	244.3855
3.4843	10	250.0000	244.7831
3.8328	11	251.0000	245.1807
4.1812	12	250.0000	245.5783
4.5296	13	253.0000	245.9759
4.8780	14	253.0000	246.3735
5.2265	15	256.0000	246.7711
5.5749	16	257.0000	247.1687
5.9233	17	256.0000	247.5663
6.2718	18	255.0000	247.9639
6.6202	19	254.0000	248.3615
6.9686	20	256.0000	248.7590
7.3171	21	258.0000	249.1566
7.6655	22	256.0000	249.5542
8.0139	23	261.0000	249.9518
8.3624	24	261.0000	250.3494
8.7108	25	261.0000	250.7470
9.0592	26	259.0000	251.1446
9.4077	27	259.0000	251.5422
9.7561	28	264.0000	251.9398
10.1045	29	263.0000	252.3373
10.4530	30	264.0000	252.7349
10.8014	31	264.0000	253.1325
11.1498	32	269.0000	253.5301
11.4983	33	272.0000	253.9277
11.8467	34	270.0000	254.3253
12.1951	35	271.0000	254.7229
12.5436	36	269.0000	255.1205
12.8920	37	272.0000	255.5181
13.2404	38	271.0000	255.9157
13.5889	39	268.0000	256.3133
13.9373	40	271.0000	256.7108
14.2857	41	271.0000	257.1084
14.6341	42	272.0000	257.5060
14.9826	43	274.0000	257.9036
15.3310	44	273.0000	258.3012
15.6794	45	273.0000	258.6988
16.0279	46	271.0000	259.0964
16.3763	47	278.0000	259.4940
16.7247	48	276.0000	259.8916
17.0732	49	281.0000	260.2892
17.4216	50	277.0000	260.6867
17.7700	51	284.0000	261.0844
18.1185	52	282.0000	261.4819
18.4669	53	280.0000	261.8795
18.8153	54	278.0000	262.2771
19.1638	55	279.0000	262.6747
19.5122	56	277.0000	263.0723
19.8606	57	277.0000	263.4699
20.2091	58	273.0000	263.8675
20.5575	59	274.0000	264.2651
20.9059	60	272.0000	264.6627
21.2544	61	272.0000	265.0602
21.6028	62	273.0000	265.4578
21.9512	63	270.0000	265.8554
22.2997	64	270.0000	266.2530
22.6481	65	272.0000	266.6506
22.9965	66	271.0000	267.0482
23.3449	67	270.0000	267.4458
23.6934	68	271.0000	267.8434
24.0418	69	273.0000	268.2410
24.3902	70	272.0000	268.6385
24.7387	71	272.0000	269.0361
25.0871	72	273.0000	269.4337
25.4355	73	274.0000	269.8313
25.7840	74	270.0000	270.2289
26.1324	75	273.0000	270.6265
26.4808	76	274.0000	271.0241
26.8293	77	270.0000	271.4217
27.1777	78	272.0000	271.8193
27.5261	79	267.0000	272.2169
27.8746	80	273.0000	272.6145
28.2230	81	274.0000	273.0121
28.5714	82	270.0000	273.4096
28.9199	83	271.0000	273.8072
29.2683	84	276.0000	274.2048
29.6167	85	274.0000	274.6024
29.9652	86	275.0000	275.0000
30.3136	87	276.0000	275.3125
30.6620	88	275.0000	275.6250
31.0105	89	274.0000	275.9375
31.3589	90	273.0000	276.2500
31.7073	91	273.0000	276.5625
32.0557	92	274.0000	276.8750
32.4042	93	268.0000	277.1875
32.7526	94	275.0000	277.5000
33.1010	95	273.0000	277.8125
33.4495	96	275.0000	278.1250
33.7979	97	278.0000	278.4375
34.1463	98	275.0000	278.7500
34.4948	99	272.0000	279.0625
34.8432	100	272.0000	279.3750
35.1916	101	274.0000	279.6875
35.5401	102	275.0000	280.0000
35.8885	103	274.0000	280.3125
36.2369	104	278.0000	280.6250
36.5854	105	279.0000	280.9375
36.9338	106	277.0000	281.2500
37.2822	107	277.0000	281.5625
37.6307	108	279.0000	281.8750
37.9791	109	281.0000	282.1875
38.3275	110	280.0000	282.5000
38.6760	111	280.0000	282.8125
39.0244	112	282.0000	283.1250
39.3728	113	283.0000	283.4375
39.7213	114	280.0000	283.7500
40.0697	115	285.0000	284.0625
40.4181	116	283.0000	284.3750
40.7666	117	287.0000	284.6875
41.1150	118	285.0000	285.0000
41.4634	119	288.0000	285.5128
41.8118	120	288.0000	286.0256
42.1603	121	289.0000	286.5385
42.5087	122	290.0000	287.0513
42.8571	123	289.0000	287.5641
43.2056	124	289.0000	288.0769
43.5540	125	289.0000	288.5898
43.9024	126	294.0000	289.1026
44.2509	127	293.0000	289.6154
44.5993	128	294.0000	290.1282
44.9477	129	292.0000	290.6410
45.2962	130	297.0000	291.1538
45.6446	131	293.0000	291.6667
45.9930	132	293.0000	292.1795
46.3415	133	296.0000	292.6923
46.6899	134	294.0000	293.2051
47.0383	135	293.0000	293.7180
47.3868	136	296.0000	294.2308
47.7352	137	298.0000	294.7436
48.0836	138	296.0000	295.2564
48.4321	139	298.0000	295.7692
48.7805	140	303.0000	296.2820
49.1289	141	299.0000	296.7949
49.4774	142	303.0000	297.3077
49.8258	143	303.0000	297.8205
50.1742	144	299.0000	298.3333
50.5226	145	300.0000	298.8462
50.8711	146	299.0000	299.3590
51.2195	147	301.0000	299.8718
51.5679	148	302.0000	300.3846
51.9164	149	304.0000	300.8974
52.2648	150	311.0000	301.4102
52.6132	151	302.0000	301.9231
52.9617	152	304.0000	302.4359
53.3101	153	309.0000	302.9487
53.6585	154	310.0000	303.4615
54.0070	155	307.0000	303.9744
54.3554	156	306.0000	304.4872
54.7038	157	305.0000	305.0000
55.0523	158	310.0000	305.1210
55.4007	159	310.0000	305.2419
55.7491	160	306.0000	305.3629
56.0976	161	308.0000	305.4839
56.4460	162	309.0000	305.6048
56.7944	163	309.0000	305.7258
57.1429	164	313.0000	305.8468
57.4913	165	310.0000	305.9677
57.8397	166	308.0000	306.0887
58.1882	167	310.0000	306.2097
58.5366	168	311.0000	306.3307
58.8850	169	309.0000	306.4516
59.2334	170	311.0000	306.5726
59.5819	171	310.0000	306.6935
59.9303	172	311.0000	306.8145
60.2787	173	313.0000	306.9355
60.6272	174	309.0000	307.0565
60.9756	175	314.0000	307.1774
61.3240	176	312.0000	307.2984
61.6725	177	312.0000	307.4193
62.0209	178	312.0000	307.5403
62.3693	179	322.0000	307.6613
62.7178	180	314.0000	307.7823
63.0662	181	316.0000	307.9032
63.4146	182	319.0000	308.0242
63.7631	183	318.0000	308.1452
64.1115	184	318.0000	308.2661
64.4599	185	316.0000	308.3871
64.8084	186	314.0000	308.5081
65.1568	187	317.0000	308.6290
65.5052	188	317.0000	308.7500
65.8537	189	315.0000	308.8710
66.2021	190	320.0000	308.9919
66.5505	191	322.0000	309.1129
66.8990	192	322.0000	309.2339
67.2474	193	320.0000	309.3548
67.5958	194	321.0000	309.4758
67.9443	195	321.0000	309.5968
68.2927	196	323.0000	309.7177
68.6411	197	323.0000	309.8387
68.9895	198	320.0000	309.9597
69.3380	199	319.0000	310.0807
70.0348	201	322.0000	310.2016
70.3833	202	328.0000	310.3226
70.7317	203	330.0000	310.4435
71.0801	204	328.0000	310.5645
71.4286	205	333.0000	310.6855
71.7770	206	336.0000	310.8065
72.1254	207	337.0000	310.9274
72.4739	208	336.0000	311.0484
72.8223	209	333.0000	311.1693
73.1707	210	334.0000	311.2903
73.5192	211	332.0000	311.4113
73.8676	212	333.0000	311.5323
74.2160	213	335.0000	311.6532
74.5645	214	336.0000	311.7742
74.9129	215	336.0000	311.8952
75.2613	216	337.0000	312.0161
75.6098	217	339.0000	312.1371
75.9582	218	335.0000	312.2581
76.3066	219	339.0000	312.3790
76.6551	220	337.0000	312.5000
77.0035	221	339.0000	312.6210
77.3519	222	334.0000	312.7419
77.7003	223	337.0000	312.8629
78.0488	224	335.0000	312.9839
78.3972	225	336.0000	313.1048
78.7456	226	334.0000	313.2258
79.0941	227	339.0000	313.3468
79.4425	228	342.0000	313.4677
79.7909	229	334.0000	313.5887
80.1394	230	334.0000	313.7097
80.4878	231	341.0000	313.8307
80.8362	232	332.0000	313.9516
81.1847	233	331.0000	314.0726
81.5331	234	332.0000	314.1935
81.8815	235	334.0000	314.3145
82.2300	236	332.0000	314.4355
82.5784	237	330.0000	314.5565
82.9268	238	330.0000	314.6774
83.2753	239	327.0000	314.7984
83.6237	240	327.0000	314.9193
83.9721	241	333.0000	315.0403
84.3206	242	329.0000	315.1613
84.6690	243	326.0000	315.2823
85.0174	244	334.0000	315.4032
85.3659	245	331.0000	315.5242
85.7143	246	331.0000	315.6452
86.0627	247	334.0000	315.7661
86.4111	248	330.0000	315.8871
86.7596	249	331.0000	316.0081
87.1080	250	333.0000	316.1290
87.4564	251	332.0000	316.2500
87.8049	252	326.0000	316.3710
88.1533	253	328.0000	316.4919
88.5017	254	326.0000	316.6129
88.8502	255	329.0000	316.7339
89.1986	256	326.0000	316.8548
89.5470	257	323.0000	316.9758
89.8955	258	323.0000	317.0968
90.2439	259	324.0000	317.2177
90.5923	260	325.0000	317.3387
90.9408	261	322.0000	317.4597
91.2892	262	321.0000	317.5807
91.6376	263	320.0000	317.7016
91.9861	264	321.0000	317.8226
92.3345	265	324.0000	317.9435
92.6829	266	321.0000	318.0645
93.0314	267	323.0000	318.1855
93.3798	268	321.0000	318.3065
93.7282	269	322.0000	318.4274
94.0767	270	326.0000	318.5484
94.4251	271	323.0000	318.6693
94.7735	272	324.0000	318.7903
95.1220	273	324.0000	318.9113
95.4704	274	325.0000	319.0323
95.8188	275	328.0000	319.1532
96.1672	276	325.0000	319.2742
96.5157	277	324.0000	319.3952
96.8641	278	324.0000	319.5161
97.2125	279	323.0000	319.6371
97.5610	280	325.0000	319.7581
97.9094	281	322.0000	319.8790
98.2578	282	320.0000	320.0000
98.6063	283	325.0000	321.7500
98.9547	284	328.0000	323.5000
99.3031	285	328.0000	325.2500
99.6516	286	327.0000	327.0000
---------- 8: r1_e8 ----------
Offset(%)	Offset(pix)	Profile	Background
1.0453	3	241.0000	241.0000
1.3937	4	254.0000	241.3307
1.7422	5	260.0000	241.6614
2.0906	6	262.0000	241.9921
2.4390	7	257.0000	242.3228
2.7875	8	263.0000	242.6535
3.1359	9	265.0000	242.9843
3.4843	10	264.0000	243.3150
3.8328	11	264.0000	243.6457
4.1812	12	267.0000	243.9764
4.5296	13	268.0000	244.3071
4.8780	14	267.0000	244.6378
5.2265	15	269.0000	244.9685
5.5749	16	272.0000	245.2992
5.9233	17	273.0000	245.6299
6.2718	18	272.0000	245.9606
6.6202	19	270.0000	246.2913
6.9686	20	267.0000	246.6220
7.3171	21	271.0000	246.9528
7.6655	22	275.0000	247.2835
8.0139	23	270.0000	247.6142
8.3624	24	268.0000	247.9449
8.7108	25	272.0000	248.2756
9.0592	26	269.0000	248.6063
9.4077	27	268.0000	248.9370
9.7561	28	268.0000	249.2677
10.1045	29	266.0000	249.5984
10.4530	30	269.0000	249.9291
10.8014	31	272.0000	250.2598
11.1498	32	273.0000	250.5905
11.4983	33	285.0000	250.9213
11.8467	34	295.0000	251.2520
12.1951	35	293.0000	251.5827
12.5436	36	305.0000	251.9134
12.8920	37	311.0000	252.2441
13.2404	38	319.0000	252.5748
13.5889	39	316.0000	252.9055
13.9373	40	325.0000	253.2362
14.2857	41	332.0000	253.5669
14.6341	42	336.0000	253.8976
14.9826	43	347.0000	254.2283
15.3310	44	346.0000	254.5591
15.6794	45	351.0000	254.8898
16.0279	46	353.0000	255.2205
16.3763	47	342.0000	255.5512
16.7247	48	341.0000	255.8819
17.0732	49	344.0000	256.2126
17.4216	50	336.0000	256.5433
17.7700	51	338.0000	256.8740
18.1185	52	329.0000	257.2047
18.4669	53	335.0000	257.5354
18.8153	54	327.0000	257.8661
19.1638	55	329.0000	258.1968
19.5122	56	323.0000	258.5276
19.8606	57	315.0000	258.8583
20.2091	58	320.0000	259.1890
20.5575	59	314.0000	259.5197
20.9059	60	309.0000	259.8504
21.2544	61	307.0000	260.1811
21.6028	62	305.0000	260.5118
21.9512	63	306.0000	260.8425
22.2997	64	303.0000	261.1732
22.6481	65	304.0000	261.5039
22.9965	66	302.0000	261.8347
23.3449	67	293.0000	262.1653
23.6934	68	295.0000	262.4961
24.0418	69	296.0000	262.8268
24.3902	70	296.0000	263.1575
24.7387	71	290.0000	263.4882
25.0871	72	289.0000	263.8189
25.4355	73	290.0000	264.1496
25.7840	74	288.0000	264.4803
26.1324	75	287.0000	264.8110
26.4808	76	286.0000	265.1417
26.8293	77	286.0000	265.4724
27.1777	78	289.0000	265.8032
27.5261	79	291.0000	266.1339
27.8746	80	285.0000	266.4646
28.2230	81	289.0000	266.7953
28.5714	82	283.0000	267.1260
28.9199	83	287.0000	267.4567
29.2683	84	288.0000	267.7874
29.6167	85	281.0000	268.1181
29.9652	86	286.0000	268.4488
30.3136	87	280.0000	268.7795
30.6620	88	278.0000	269.1102
31.0105	89	283.0000	269.4409
31.3589	90	277.0000	269.7717
31.7073	91	282.0000	270.1024
32.0557	92	279.0000	270.4331
32.4042	93	279.0000	270.7638
32.7526	94	282.0000	271.0945
33.1010	95	279.0000	271.4252
33.4495	96	286.0000	271.7559
33.7979	97	284.0000	272.0866
34.1463	98	284.0000	272.4173
34.4948	99	284.0000	272.7480
34.8432	100	283.0000	273.0787
35.1916	101	288.0000	273.4095
35.5401	102	281.0000	273.7402
35.8885	103	282.0000	274.0709
36.2369	104	286.0000	274.4016
36.5854	105	285.0000	274.7323
36.9338	106	286.0000	275.0630
37.2822	107	283.0000	275.3937
37.6307	108	287.0000	275.7244
37.9791	109	287.0000	276.0551
38.3275	110	286.0000	276.3858
38.6760	111	284.0000	276.7165
39.0244	112	287.0000	277.0472
39.3728	113	285.0000	277.3780
39.7213	114	287.0000	277.7086
40.0697	115	285.0000	278.0394
40.4181	116	285.0000	278.3701
40.7666	117	286.0000	278.7008
41.1150	118	287.0000	279.0315
41.4634	119	292.0000	279.3622
41.8118	120	291.0000	279.6929
42.1603	121	290.0000	280.0236
42.5087	122	293.0000	280.3543
42.8571	123	293.0000	280.6850
43.2056	124	286.0000	281.0157
43.5540	125	286.0000	281.3465
43.9024	126	296.0000	281.6772
44.2509	127	298.0000	282.0079
44.5993	128	294.0000	282.3386
44.9477	129	291.0000	282.6693
45.2962	130	283.0000	283.0000
45.6446	131	294.0000	283.5000
45.9930	132	295.0000	284.0000
46.3415	133	291.0000	284.5000
46.6899	134	290.0000	285.0000
47.0383	135	296.0000	285.5000
47.3868	136	295.0000	286.0000
47.7352	137	294.0000	286.5000
48.0836	138	288.0000	287.0000
48.4321	139	292.0000	287.5000
48.7805	140	300.0000	288.0000
49.1289	141	292.0000	288.5000
49.4774	142	296.0000	289.0000
49.8258	143	293.0000	289.5000
50.1742	144	298.0000	290.0000
50.5226	145	302.0000	290.5000
50.8711	146	298.0000	291.0000
51.2195	147	302.0000	291.5000
51.5679	148	298.0000	292.0000
51.9164	149	294.0000	292.5000
52.2648	150	300.0000	293.0000
52.6132	151	301.0000	293.5000
52.9617	152	298.0000	294.0000
53.3101	153	302.0000	294.5000
53.6585	154	298.0000	295.0000
54.0070	155	303.0000	295.5000
54.3554	156	298.0000	296.0000
54.7038	157	300.0000	296.5000
55.0523	158	300.0000	297.0000
55.4007	159	299.0000	297.5000
55.7491	160	300.0000	298.0000
56.0976	161	300.0000	298.5000
56.4460	162	300.0000	299.0000
56.7944	163	299.0000	299.5000
57.1429	164	298.0000	300.0000
57.4913	165	304.0000	300.5000
57.8397	166	301.0000	301.0000
58.1882	167	297.0000	301.2000
58.5366	168	305.0000	301.4000
58.8850	169	303.0000	301.6000
59.2334	170	302.0000	301.8000
59.5819	171	299.0000	302.0000
59.9303	172	298.0000	302.2000
60.2787	173	301.0000	302.4000
60.6272	174	298.0000	302.6000
60.9756	175	301.0000	302.8000
61.3240	176	301.0000	303.0000
61.6725	177	301.0000	303.2000
62.0209	178	304.0000	303.4000
62.3693	179	303.0000	303.6000
62.7178	180	303.0000	303.8000
63.0662	181	304.0000	304.0000
63.4146	182	303.0000	304.2000
63.7631	183	305.0000	304.4000
64.1115	184	303.0000	304.6000
64.4599	185	302.0000	304.8000
64.8084	186	302.0000	305.0000
65.1568	187	307.0000	305.2000
65.5052	188	309.0000	305.4000
65.8537	189	306.0000	305.6000
66.2021	190	309.0000	305.8000
66.5505	191	307.0000	306.0000
66.8990	192	308.0000	306.2000
67.2474	193	310.0000	306.4000
67.5958	194	314.0000	306.6000
67.9443	195	310.0000	306.8000
68.2927	196	310.0000	307.0000
68.6411	197	314.0000	307.2000
68.9895	198	315.0000	307.4000
69.3380	199	312.0000	307.6000
69.6864	200	317.0000	307.8000
70.0348	201	308.0000	308.0000
70.3833	202	320.0000	308.0986
70.7317	203	321.0000	308.1972
71.0801	204	321.0000	308.2958
71.4286	205	324.0000	308.3944
71.7770	206	317.0000	308.4930
72.1254	207	324.0000	308.5916
72.4739	208	318.0000	308.6902
72.8223	209	317.0000	308.7887
73.1707	210	315.0000	308.8873
73.5192	211	317.0000	308.9859
73.8676	212	320.0000	309.0845
74.2160	213	326.0000	309.1831
74.5645	214	324.0000	309.2817
74.9129	215	321.0000	309.3803
75.2613	216	321.0000	309.4789
75.6098	217	322.0000	309.5775
75.9582	218	328.0000	309.6761
76.3066	219	321.0000	309.7747
76.6551	220	320.0000	309.8732
77.0035	221	318.0000	309.9718
77.3519	222	326.0000	310.0704
77.7003	223	321.0000	310.1690
78.0488	224	322.0000	310.2676
78.3972	225	326.0000	310.3662
78.7456	226	317.0000	310.4648
79.0941	227	322.0000	310.5634
79.4425	228	321.0000	310.6620
79.7909	229	321.0000	310.7606
80.1394	230	325.0000	310.8592
80.4878	231	323.0000	310.9577
80.8362	232	325.0000	311.0563
81.1847	233	321.0000	311.1549
81.5331	234	323.0000	311.2535
81.8815	235	319.0000	311.3521
82.2300	236	327.0000	311.4507
82.5784	237	323.0000	311.5493
82.9268	238	324.0000	311.6479
83.2753	239	318.0000	311.7465
83.6237	240	325.0000	311.8451
83.9721	241	322.0000	311.9437
84.3206	242	321.0000	312.0423
84.6690	243	319.0000	312.1408
85.0174	244	323.0000	312.2394
85.3659	245	325.0000	312.3380
85.7143	246	322.0000	312.4366
86.0627	247	319.0000	312.5352
86.4111	248	323.0000	312.6338
86.7596	249	318.0000	312.7324
87.1080	250	320.0000	312.8310
87.4564	251	320.0000	312.9296
87.8049	252	325.0000	313.0282
88.1533	253	322.0000	313.1268
88.5017	254	316.0000	313.2253
88.8502	255	317.0000	313.3239
89.1986	256	321.0000	313.4225
89.5470	257	318.0000	313.5211
89.8955	258	321.0000	313.6197
90.2439	259	320.0000	313.7183
90.5923	260	318.0000	313.8169
90.9408	261	318.0000	313.9155
91.2892	262	317.0000	314.0141
91.6376	263	315.0000	314.1127
91.9861	264	314.0000	314.2113
92.3345	265	314.0000	314.3098
92.6829	266	316.0000	314.4084
93.0314	267	317.0000	314.5070
93.3798	268	319.0000	314.6056
93.7282	269	314.0000	314.7042
94.0767	270	317.0000	314.8028
94.4251	271	314.0000	314.9014
94.7735	272	315.0000	315.0000
95.1220	273	313.0000	315.3571
95.4704	274	317.0000	315.7143
95.8188	275	314.0000	316.0714
96.1672	276	317.0000	316.4286
96.5157	277	317.0000	316.7857
96.8641	278	319.0000	317.1429
97.2125	279	316.0000	317.5000
97.5610	280	319.0000	317.8571
97.9094	281	321.0000	318.2143
98.2578	282	315.0000	318.5714
98.6063	283	322.0000	318.9286
98.9547	284	319.0000	319.2857
99.3031	285	324.0000	319.6429
99.6516	286	320.0000	320.0000
