---------- 1: r1_f1 ----------
Offset(%)	Offset(pix)	Profile	Background
0.3546	1	351.0000	351.0000
0.7092	2	342.0000	348.5500
1.0638	3	326.0000	346.1000
1.4184	4	326.0000	343.6500
1.7730	5	320.0000	341.2000
2.1277	6	325.0000	338.7500
2.4823	7	325.0000	336.3000
2.8369	8	334.0000	333.8500
3.1915	9	339.0000	331.4000
3.5461	10	341.0000	328.9500
3.9007	11	337.0000	326.5000
4.2553	12	326.0000	324.0500
4.6099	13	329.0000	321.6000
4.9645	14	344.0000	319.1500
5.3191	15	327.0000	316.7000
5.6738	16	332.0000	314.2500
6.0284	17	330.0000	311.8000
6.3830	18	328.0000	309.3500
6.7376	19	312.0000	306.9000
7.0922	20	317.0000	304.4500
7.4468	21	302.0000	302.0000
7.8014	22	308.0000	301.7867
8.1560	23	310.0000	301.5733
8.5106	24	313.0000	301.3600
8.8652	25	309.0000	301.1467
9.2199	26	325.0000	300.9333
9.5745	27	356.0000	300.7200
9.9291	28	403.0000	300.5067
10.2837	29	418.0000	300.2933
10.6383	30	449.0000	300.0800
10.9929	31	470.0000	299.8667
11.3475	32	490.0000	299.6533
11.7021	33	529.0000	299.4400
12.0567	34	558.0000	299.2267
12.4113	35	580.0000	299.0133
12.7660	36	618.0000	298.8000
13.1206	37	662.0000	298.5867
13.4752	38	646.0000	298.3733
13.8298	39	645.0000	298.1600
14.1844	40	625.0000	297.9467
14.5390	41	596.0000	297.7333
14.8936	42	582.0000	297.5200
15.2482	43	530.0000	297.3067
15.6028	44	515.0000	297.0933
15.9574	45	491.0000	296.8800
16.3121	46	467.0000	296.6667
16.6667	47	454.0000	296.4533
17.0213	48	428.0000	296.2400
17.3759	49	411.0000	296.0267
17.7305	50	404.0000	295.8133
18.0851	51	396.0000	295.6000
18.4397	52	377.0000	295.3867
18.7943	53	368.0000	295.1733
19.1489	54	368.0000	294.9600
19.5035	55	358.0000	294.7467
19.8582	56	351.0000	294.5333
20.2128	57	343.0000	294.3200
20.5674	58	342.0000	294.1067
20.9220	59	336.0000	293.8933
21.2766	60	333.0000	293.6800
21.6312	61	327.0000	293.4667
21.9858	62	318.0000	293.2533
22.3404	63	314.0000	293.0400
22.6950	64	316.0000	292.8267
23.0496	65	307.0000	292.6133
23.4043	66	307.0000	292.4000
23.7589	67	308.0000	292.1867
24.1135	68	298.0000	291.9733
24.4681	69	296.0000	291.7600
24.8227	70	299.0000	291.5467
25.1773	71	296.0000	291.3333
25.5319	72	292.0000	291.1200
25.8865	73	296.0000	290.9067
26.2411	74	298.0000	290.6933
26.5957	75	291.0000	290.4800
26.9504	76	292.0000	290.2667
27.3050	77	290.0000	290.0533
27.6596	78	291.0000	289.8400
28.0142	79	288.0000	289.6267
28.3688	80	289.0000	289.4133
28.7234	81	289.0000	289.2000
29.0780	82	288.0000	288.9867
29.4326	83	289.0000	288.7733
29.7872	84	284.0000	288.5600
30.1418	85	287.0000	288.3467
30.4965	86	285.0000	288.1333
30.8511	87	288.0000	287.9200
31.2057	88	285.0000	287.7067
31.5603	89	281.0000	287.4933
31.9149	90	285.0000	287.2800
32.2695	91	285.0000	287.0667
32.6241	92	280.0000	286.8533
32.9787	93	284.0000	286.6400
33.3333	94	288.0000	286.4267
33.6879	95	280.0000	286.2133
34.0426	96	286.0000	286.0000
34.3972	97	285.0000	286.1526
34.7518	98	282.0000	286.3051
35.1064	99	283.0000	286.4576
35.4610	100	284.0000	286.6102
35.8156	101	283.0000	286.7627
36.1702	102	285.0000	286.9153
36.5248	103	285.0000	287.0678
36.8794	104	285.0000	287.2203
37.2340	105	286.0000	287.3729
37.5887	106	281.0000	287.5254
37.9433	107	286.0000	287.6780
38.2979	108	286.0000	287.8305
38.6525	109	291.0000	287.9831
39.0071	110	286.0000	288.1356
39.3617	111	288.0000	288.2881
39.7163	112	288.0000	288.4407
40.0709	113	286.0000	288.5932
40.4255	114	283.0000	288.7458
40.7801	115	287.0000	288.8983
41.1348	116	289.0000	289.0508
41.4894	117	283.0000	289.2034
41.8440	118	288.0000	289.3559
42.1986	119	291.0000	289.5085
42.5532	120	289.0000	289.6610
42.9078	121	286.0000	289.8136
43.2624	122	287.0000	289.9661
43.6170	123	285.0000	290.1187
43.9716	124	286.0000	290.2712
44.3262	125	290.0000	290.4237
44.6809	126	287.0000	290.5763
45.0355	127	284.0000	290.7288
45.3901	128	288.0000	290.8813
45.7447	129	288.0000	291.0339
46.0993	130	292.0000	291.1864
46.4539	131	282.0000	291.3390
46.8085	132	292.0000	291.4915
47.1631	133	291.0000	291.6441
47.5177	134	292.0000	291.7966
47.8723	135	295.0000	291.9492
48.2270	136	295.0000	292.1017
48.5816	137	294.0000	292.2542
48.9362	138	297.0000	292.4068
49.2908	139	292.0000	292.5593
49.6454	140	296.0000	292.7119
50.0000	141	293.0000	292.8644
50.3546	142	294.0000	293.0169
50.7092	143	294.0000	293.1695
51.0638	144	294.0000	293.3220
51.4184	145	294.0000	293.4746
51.7730	146	299.0000	293.6271
52.1277	147	296.0000	293.7797
52.4823	148	296.0000	293.9322
52.8369	149	297.0000	294.0847
53.1915	150	296.0000	294.2373
53.5461	151	296.0000	294.3898
53.9007	152	297.0000	294.5424
54.2553	153	296.0000	294.6949
54.6099	154	300.0000	294.8475
54.9645	155	295.0000	295.0000
55.3191	156	297.0000	295.1739
55.6738	157	297.0000	295.3478
56.0284	158	298.0000	295.5217
56.3830	159	296.0000	295.6956
56.7376	160	299.0000	295.8696
57.0922	161	299.0000	296.0435
57.4468	162	304.0000	296.2174
57.8014	163	301.0000	296.3913
58.1560	164	300.0000	296.5652
58.5106	165	303.0000	296.7391
58.8652	166	300.0000	296.9131
59.2199	167	298.0000	297.0869
59.5745	168	298.0000	297.2609
59.9291	169	301.0000	297.4348
60.2837	170	301.0000	297.6087
60.6383	171	304.0000	297.7826
60.9929	172	304.0000	297.9565
61.3475	173	304.0000	298.1304
61.7021	174	300.0000	298.3044
62.0567	175	300.0000	298.4783
62.4113	176	304.0000	298.6522
62.7660	177	302.0000	298.8261
63.1206	178	303.0000	299.0000
63.4752	179	304.0000	299.1739
63.8298	180	305.0000	299.3478
64.1844	181	303.0000	299.5217
64.5390	182	306.0000	299.6956
64.8936	183	304.0000	299.8696
65.2482	184	305.0000	300.0435
65.6028	185	304.0000	300.2174
65.9574	186	304.0000	300.3913
66.3121	187	302.0000	300.5652
66.6667	188	303.0000	300.7391
67.0213	189	301.0000	300.9131
67.3759	190	303.0000	301.0869
67.7305	191	300.0000	301.2609
68.0851	192	301.0000	301.4348
68.4397	193	302.0000	301.6087
68.7943	194	303.0000	301.7826
69.1489	195	301.0000	301.9565
69.5035	196	302.0000	302.1304
69.8582	197	302.0000	302.3044
70.2128	198	301.0000	302.4783
70.5674	199	298.0000	302.6522
70.9220	200	299.0000	302.8261
71.2766	201	301.0000	303.0000
71.6312	202	298.0000	303.1739
71.9858	203	298.0000	303.3478
72.3404	204	297.0000	303.5217
72.6950	205	302.0000	303.6956
73.0496	206	300.0000	303.8696
73.4043	207	301.0000	304.0435
73.7589	208	302.0000	304.2174
74.1135	209	302.0000	304.3913
74.4681	210	301.0000	304.5652
74.8227	211	301.0000	304.7391
75.1773	212	302.0000	304.9131
75.5319	213	302.0000	305.0869
75.8865	214	305.0000	305.2609
76.2411	215	305.0000	305.4348
76.5957	216	304.0000	305.6087
76.9504	217	307.0000	305.7826
77.3050	218	303.0000	305.9565
77.6596	219	302.0000	306.1304
78.0142	220	305.0000	306.3044
78.3688	221	305.0000	306.4783
78.7234	222	304.0000	306.6522
79.0780	223	304.0000	306.8261
79.4326	224	304.0000	307.0000
79.7872	225	307.0000	307.1739
80.1418	226	307.0000	307.3478
80.4965	227	306.0000	307.5217
80.8511	228	304.0000	307.6956
81.2057	229	307.0000	307.8696
81.5603	230	306.0000	308.0435
81.9149	231	307.0000	308.2174
82.2695	232	310.0000	308.3913
82.6241	233	308.0000	308.5652
82.9787	234	307.0000	308.7391
83.3333	235	310.0000	308.9131
83.6879	236	307.0000	309.0869
84.0426	237	309.0000	309.2609
84.3972	238	309.0000	309.4348
84.7518	239	306.0000	309.6087
85.1064	240	310.0000	309.7826
85.4610	241	308.0000	309.9565
85.8156	242	309.0000	310.1304
86.1702	243	309.0000	310.3044
86.5248	244	309.0000	310.4783
86.8794	245	309.0000	310.6522
87.2340	246	309.0000	310.8261
87.5887	247	311.0000	311.0000
87.9433	248	308.0000	310.7917
88.2979	249	308.0000	310.5833
88.6525	250	307.0000	310.3750
89.0071	251	308.0000	310.1667
89.3617	252	310.0000	309.9583
89.7163	253	307.0000	309.7500
90.0709	254	309.0000	309.5417
90.4255	255	307.0000	309.3333
90.7801	256	307.0000	309.1250
91.1348	257	308.0000	308.9167
91.4894	258	312.0000	308.7083
91.8440	259	307.0000	308.5000
92.1986	260	306.0000	308.2917
92.5532	261	308.0000	308.0833
92.9078	262	308.0000	307.8750
93.2624	263	310.0000	307.6667
93.6170	264	309.0000	307.4583
93.9716	265	310.0000	307.2500
94.3262	266	309.0000	307.0417
94.6809	267	309.0000	306.8333
95.0355	268	312.0000	306.6250
95.3901	269	309.0000	306.4167
95.7447	270	310.0000	306.2083
96.0993	271	306.0000	306.0000
96.4539	272	309.0000	307.2727
96.8085	273	312.0000	308.5454
97.1631	274	310.0000	309.8182
97.5177	275	312.0000	311.0909
97.8723	276	314.0000	312.3636
98.2270	277	313.0000	313.6364
98.5816	278	315.0000	314.9091
98.9362	279	319.0000	316.1818
99.2908	280	317.0000	317.4546
99.6454	281	317.0000	318.7273
100.0000	282	320.0000	320.0000
---------- 2: r1_f2 ----------
Offset(%)	Offset(pix)	Profile	Background
0.3546	1	440.0000	440.0000
0.7092	2	365.0000	431.3333
1.0638	3	347.0000	422.6667
1.4184	4	339.0000	414.0000
1.7730	5	327.0000	405.3333
2.1277	6	317.0000	396.6667
2.4823	7	311.0000	388.0000
2.8369	8	310.0000	379.3333
3.1915	9	310.0000	370.6667
3.5461	10	309.0000	362.0000
3.9007	11	302.0000	353.3333
4.2553	12	294.0000	344.6667
4.6099	13	297.0000	336.0000
4.9645	14	295.0000	327.3333
5.3191	15	298.0000	318.6667
5.6738	16	298.0000	310.0000
6.0284	17	294.0000	301.3333
6.3830	18	292.0000	292.6667
6.7376	19	284.0000	284.0000
7.0922	20	286.0000	283.9333
7.4468	21	286.0000	283.8667
7.8014	22	289.0000	283.8000
8.1560	23	291.0000	283.7333
8.5106	24	292.0000	283.6667
8.8652	25	300.0000	283.6000
9.2199	26	318.0000	283.5333
9.5745	27	328.0000	283.4667
9.9291	28	367.0000	283.4000
10.2837	29	427.0000	283.3333
10.6383	30	482.0000	283.2667
10.9929	31	523.0000	283.2000
11.3475	32	584.0000	283.1333
11.7021	33	612.0000	283.0667
12.0567	34	644.0000	283.0000
12.4113	35	661.0000	282.9333
12.7660	36	750.0000	282.8667
13.1206	37	816.0000	282.8000
13.4752	38	830.0000	282.7333
13.8298	39	849.0000	282.6667
14.1844	40	800.0000	282.6000
14.5390	41	788.0000	282.5333
14.8936	42	729.0000	282.4667
15.2482	43	710.0000	282.4000
15.6028	44	638.0000	282.3333
15.9574	45	611.0000	282.2667
16.3121	46	580.0000	282.2000
16.6667	47	531.0000	282.1333
17.0213	48	504.0000	282.0667
17.3759	49	472.0000	282.0000
17.7305	50	441.0000	281.9333
18.0851	51	435.0000	281.8667
18.4397	52	413.0000	281.8000
18.7943	53	411.0000	281.7333
19.1489	54	386.0000	281.6667
19.5035	55	378.0000	281.6000
19.8582	56	371.0000	281.5333
20.2128	57	361.0000	281.4667
20.5674	58	347.0000	281.4000
20.9220	59	346.0000	281.3333
21.2766	60	332.0000	281.2667
21.6312	61	335.0000	281.2000
21.9858	62	329.0000	281.1333
22.3404	63	321.0000	281.0667
22.6950	64	323.0000	281.0000
23.0496	65	316.0000	280.9333
23.4043	66	314.0000	280.8667
23.7589	67	308.0000	280.8000
24.1135	68	305.0000	280.7333
24.4681	69	313.0000	280.6667
24.8227	70	302.0000	280.6000
25.1773	71	305.0000	280.5333
25.5319	72	303.0000	280.4667
25.8865	73	301.0000	280.4000
26.2411	74	297.0000	280.3333
26.5957	75	297.0000	280.2667
26.9504	76	296.0000	280.2000
27.3050	77	290.0000	280.1333
27.6596	78	299.0000	280.0667
28.0142	79	288.0000	280.0000
28.3688	80	287.0000	279.9333
28.7234	81	283.0000	279.8667
29.0780	82	288.0000	279.8000
29.4326	83	285.0000	279.7333
29.7872	84	284.0000	279.6667
30.1418	85	284.0000	279.6000
30.4965	86	280.0000	279.5333
30.8511	87	280.0000	279.4667
31.2057	88	284.0000	279.4000
31.5603	89	284.0000	279.3333
31.9149	90	280.0000	279.2667
32.2695	91	284.0000	279.2000
32.6241	92	282.0000	279.1333
32.9787	93	286.0000	279.0667
33.3333	94	279.0000	279.0000
33.6879	95	284.0000	279.0714
34.0426	96	280.0000	279.1429
34.3972	97	283.0000	279.2143
34.7518	98	284.0000	279.2857
35.1064	99	280.0000	279.3571
35.4610	100	280.0000	279.4286
35.8156	101	283.0000	279.5000
36.1702	102	283.0000	279.5714
36.5248	103	280.0000	279.6429
36.8794	104	283.0000	279.7143
37.2340	105	282.0000	279.7857
37.5887	106	283.0000	279.8571
37.9433	107	283.0000	279.9286
38.2979	108	286.0000	280.0000
38.6525	109	285.0000	280.0714
39.0071	110	280.0000	280.1429
39.3617	111	286.0000	280.2143
39.7163	112	285.0000	280.2857
40.0709	113	283.0000	280.3571
40.4255	114	283.0000	280.4286
40.7801	115	283.0000	280.5000
41.1348	116	284.0000	280.5714
41.4894	117	283.0000	280.6429
41.8440	118	285.0000	280.7143
42.1986	119	287.0000	280.7857
42.5532	120	286.0000	280.8571
42.9078	121	286.0000	280.9286
43.2624	122	281.0000	281.0000
43.6170	123	283.0000	281.1333
43.9716	124	287.0000	281.2667
44.3262	125	287.0000	281.4000
44.6809	126	290.0000	281.5333
45.0355	127	288.0000	281.6667
45.3901	128	289.0000	281.8000
45.7447	129	285.0000	281.9333
46.0993	130	288.0000	282.0667
46.4539	131	290.0000	282.2000
46.8085	132	292.0000	282.3333
47.1631	133	294.0000	282.4667
47.5177	134	291.0000	282.6000
47.8723	135	288.0000	282.7333
48.2270	136	289.0000	282.8667
48.5816	137	289.0000	283.0000
48.9362	138	292.0000	283.1333
49.2908	139	289.0000	283.2667
49.6454	140	289.0000	283.4000
50.0000	141	290.0000	283.5333
50.3546	142	291.0000	283.6667
50.7092	143	294.0000	283.8000
51.0638	144	291.0000	283.9333
51.4184	145	291.0000	284.0667
51.7730	146	288.0000	284.2000
52.1277	147	291.0000	284.3333
52.4823	148	290.0000	284.4667
52.8369	149	291.0000	284.6000
53.1915	150	290.0000	284.7333
53.5461	151	293.0000	284.8667
53.9007	152	292.0000	285.0000
54.2553	153	293.0000	285.1333
54.6099	154	293.0000	285.2667
54.9645	155	295.0000	285.4000
55.3191	156	290.0000	285.5333
55.6738	157	296.0000	285.6667
56.0284	158	291.0000	285.8000
56.3830	159	295.0000	285.9333
56.7376	160	299.0000	286.0667
57.0922	161	299.0000	286.2000
57.4468	162	297.0000	286.3333
57.8014	163	300.0000	286.4667
58.1560	164	300.0000	286.6000
58.5106	165	299.0000	286.7333
58.8652	166	299.0000	286.8667
59.2199	167	301.0000	287.0000
59.5745	168	299.0000	287.1333
59.9291	169	301.0000	287.2667
60.2837	170	298.0000	287.4000
60.6383	171	300.0000	287.5333
60.9929	172	297.0000	287.6667
61.3475	173	297.0000	287.8000
61.7021	174	293.0000	287.9333
62.0567	175	294.0000	288.0667
62.4113	176	297.0000	288.2000
62.7660	177	297.0000	288.3333
63.1206	178	296.0000	288.4667
63.4752	179	293.0000	288.6000
63.8298	180	293.0000	288.7333
64.1844	181	290.0000	288.8667
64.5390	182	293.0000	289.0000
64.8936	183	295.0000	289.1333
65.2482	184	296.0000	289.2667
65.6028	185	290.0000	289.4000
65.9574	186	291.0000	289.5333
66.3121	187	293.0000	289.6667
66.6667	188	292.0000	289.8000
67.0213	189	289.0000	289.9333
67.3759	190	289.0000	290.0667
67.7305	191	294.0000	290.2000
68.0851	192	290.0000	290.3333
68.4397	193	292.0000	290.4667
68.7943	194	292.0000	290.6000
69.1489	195	288.0000	290.7333
69.5035	196	291.0000	290.8667
69.8582	197	291.0000	291.0000
70.2128	198	294.0000	291.1277
70.5674	199	290.0000	291.2553
70.9220	200	289.0000	291.3830
71.2766	201	297.0000	291.5107
71.6312	202	294.0000	291.6383
71.9858	203	294.0000	291.7660
72.3404	204	295.0000	291.8936
72.6950	205	293.0000	292.0213
73.0496	206	293.0000	292.1489
73.4043	207	295.0000	292.2766
73.7589	208	296.0000	292.4043
74.1135	209	291.0000	292.5319
74.4681	210	295.0000	292.6596
74.8227	211	294.0000	292.7872
75.1773	212	292.0000	292.9149
75.5319	213	294.0000	293.0425
75.8865	214	292.0000	293.1702
76.2411	215	294.0000	293.2979
76.5957	216	294.0000	293.4255
76.9504	217	293.0000	293.5532
77.3050	218	296.0000	293.6808
77.6596	219	296.0000	293.8085
78.0142	220	297.0000	293.9362
78.3688	221	293.0000	294.0638
78.7234	222	294.0000	294.1915
79.0780	223	295.0000	294.3192
79.4326	224	297.0000	294.4468
79.7872	225	297.0000	294.5745
80.1418	226	296.0000	294.7021
80.4965	227	299.0000	294.8298
80.8511	228	300.0000	294.9575
81.2057	229	297.0000	295.0851
81.5603	230	296.0000	295.2128
81.9149	231	301.0000	295.3404
82.2695	232	299.0000	295.4681
82.6241	233	299.0000	295.5957
82.9787	234	299.0000	295.7234
83.3333	235	299.0000	295.8511
83.6879	236	300.0000	295.9787
84.0426	237	300.0000	296.1064
84.3972	238	299.0000	296.2340
84.7518	239	296.0000	296.3617
85.1064	240	303.0000	296.4893
85.4610	241	302.0000	296.6170
85.8156	242	301.0000	296.7447
86.1702	243	298.0000	296.8723
86.5248	244	297.0000	297.0000
86.8794	245	299.0000	297.3704
87.2340	246	300.0000	297.7408
87.5887	247	300.0000	298.1111
87.9433	248	300.0000	298.4815
88.2979	249	306.0000	298.8518
88.6525	250	298.0000	299.2222
89.0071	251	300.0000	299.5926
89.3617	252	298.0000	299.9630
89.7163	253	298.0000	300.3333
90.0709	254	305.0000	300.7037
90.4255	255	304.0000	301.0741
90.7801	256	300.0000	301.4445
91.1348	257	303.0000	301.8148
91.4894	258	302.0000	302.1852
91.8440	259	298.0000	302.5555
92.1986	260	305.0000	302.9259
92.5532	261	303.0000	303.2963
92.9078	262	302.0000	303.6667
93.2624	263	302.0000	304.0370
93.6170	264	299.0000	304.4074
93.9716	265	302.0000	304.7778
94.3262	266	302.0000	305.1482
94.6809	267	302.0000	305.5185
95.0355	268	302.0000	305.8889
95.3901	269	303.0000	306.2592
95.7447	270	303.0000	306.6296
96.0993	271	307.0000	307.0000
96.4539	272	306.0000	307.2727
96.8085	273	304.0000	307.5454
97.1631	274	302.0000	307.8182
97.5177	275	305.0000	308.0909
97.8723	276	302.0000	308.3636
98.2270	277	307.0000	308.6364
98.5816	278	307.0000	308.9091
98.9362	279	309.0000	309.1818
99.2908	280	310.0000	309.4546
99.6454	281	310.0000	309.7273
100.0000	282	310.0000	310.0000
---------- 3: r1_f3 ----------
Offset(%)	Offset(pix)	Profile	Background
0.3546	1	290.0000	290.0000
0.7092	2	288.0000	288.4000
1.0638	3	288.0000	286.8000
1.4184	4	282.0000	285.2000
1.7730	5	280.0000	283.6000
2.1277	6	282.0000	282.0000
2.4823	7	279.0000	280.4000
2.8369	8	281.0000	278.8000
3.1915	9	276.0000	277.2000
3.5461	10	278.0000	275.6000
3.9007	11	270.0000	274.0000
4.2553	12	269.0000	272.4000
4.6099	13	270.0000	270.8000
4.9645	14	271.0000	269.2000
5.3191	15	268.0000	267.6000
5.6738	16	268.0000	266.0000
6.0284	17	266.0000	264.4000
6.3830	18	266.0000	262.8000
6.7376	19	261.0000	261.2000
7.0922	20	265.0000	259.6000
7.4468	21	258.0000	258.0000
7.8014	22	264.0000	258.3951
8.1560	23	271.0000	258.7901
8.5106	24	273.0000	259.1852
8.8652	25	276.0000	259.5803
9.2199	26	295.0000	259.9753
9.5745	27	303.0000	260.3704
9.9291	28	325.0000	260.7654
10.2837	29	343.0000	261.1605
10.6383	30	360.0000	261.5555
10.9929	31	364.0000	261.9506
11.3475	32	370.0000	262.3457
11.7021	33	369.0000	262.7408
12.0567	34	381.0000	263.1358
12.4113	35	395.0000	263.5309
12.7660	36	411.0000	263.9259
13.1206	37	419.0000	264.3210
13.4752	38	428.0000	264.7161
13.8298	39	419.0000	265.1111
14.1844	40	435.0000	265.5062
14.5390	41	415.0000	265.9012
14.8936	42	407.0000	266.2963
15.2482	43	410.0000	266.6913
15.6028	44	398.0000	267.0864
15.9574	45	386.0000	267.4815
16.3121	46	388.0000	267.8766
16.6667	47	377.0000	268.2716
17.0213	48	371.0000	268.6667
17.3759	49	363.0000	269.0617
17.7305	50	357.0000	269.4568
18.0851	51	357.0000	269.8518
18.4397	52	347.0000	270.2469
18.7943	53	345.0000	270.6420
19.1489	54	342.0000	271.0370
19.5035	55	333.0000	271.4321
19.8582	56	332.0000	271.8271
20.2128	57	331.0000	272.2222
20.5674	58	330.0000	272.6173
20.9220	59	322.0000	273.0124
21.2766	60	323.0000	273.4074
21.6312	61	323.0000	273.8025
21.9858	62	316.0000	274.1975
22.3404	63	317.0000	274.5926
22.6950	64	315.0000	274.9876
23.0496	65	313.0000	275.3827
23.4043	66	308.0000	275.7778
23.7589	67	309.0000	276.1729
24.1135	68	309.0000	276.5679
24.4681	69	308.0000	276.9630
24.8227	70	306.0000	277.3580
25.1773	71	307.0000	277.7531
25.5319	72	306.0000	278.1481
25.8865	73	300.0000	278.5432
26.2411	74	307.0000	278.9383
26.5957	75	303.0000	279.3333
26.9504	76	298.0000	279.7284
27.3050	77	299.0000	280.1234
27.6596	78	301.0000	280.5185
28.0142	79	301.0000	280.9136
28.3688	80	302.0000	281.3087
28.7234	81	291.0000	281.7037
29.0780	82	295.0000	282.0988
29.4326	83	295.0000	282.4938
29.7872	84	295.0000	282.8889
30.1418	85	291.0000	283.2839
30.4965	86	289.0000	283.6790
30.8511	87	292.0000	284.0741
31.2057	88	292.0000	284.4691
31.5603	89	291.0000	284.8642
31.9149	90	290.0000	285.2592
32.2695	91	291.0000	285.6543
32.6241	92	291.0000	286.0494
32.9787	93	291.0000	286.4445
33.3333	94	293.0000	286.8395
33.6879	95	288.0000	287.2346
34.0426	96	291.0000	287.6296
34.3972	97	287.0000	288.0247
34.7518	98	297.0000	288.4197
35.1064	99	290.0000	288.8148
35.4610	100	288.0000	289.2099
35.8156	101	286.0000	289.6049
36.1702	102	290.0000	290.0000
36.5248	103	289.0000	290.1333
36.8794	104	291.0000	290.2667
37.2340	105	286.0000	290.4000
37.5887	106	292.0000	290.5333
37.9433	107	289.0000	290.6667
38.2979	108	293.0000	290.8000
38.6525	109	292.0000	290.9333
39.0071	110	289.0000	291.0667
39.3617	111	287.0000	291.2000
39.7163	112	291.0000	291.3333
40.0709	113	293.0000	291.4667
40.4255	114	286.0000	291.6000
40.7801	115	290.0000	291.7333
41.1348	116	289.0000	291.8667
41.4894	117	292.0000	292.0000
41.8440	118	292.0000	292.0993
42.1986	119	286.0000	292.1987
42.5532	120	297.0000	292.2980
42.9078	121	291.0000	292.3973
43.2624	122	290.0000	292.4967
43.6170	123	295.0000	292.5960
43.9716	124	294.0000	292.6954
44.3262	125	298.0000	292.7947
44.6809	126	298.0000	292.8940
45.0355	127	296.0000	292.9934
45.3901	128	296.0000	293.0927
45.7447	129	293.0000	293.1920
46.0993	130	293.0000	293.2914
46.4539	131	294.0000	293.3907
46.8085	132	295.0000	293.4901
47.1631	133	296.0000	293.5894
47.5177	134	294.0000	293.6888
47.8723	135	293.0000	293.7881
48.2270	136	296.0000	293.8874
48.5816	137	297.0000	293.9868
48.9362	138	296.0000	294.0861
49.2908	139	290.0000	294.1854
49.6454	140	293.0000	294.2848
50.0000	141	293.0000	294.3841
50.3546	142	294.0000	294.4834
50.7092	143	297.0000	294.5828
51.0638	144	292.0000	294.6821
51.4184	145	292.0000	294.7815
51.7730	146	295.0000	294.8808
52.1277	147	297.0000	294.9801
52.4823	148	297.0000	295.0795
52.8369	149	299.0000	295.1788
53.1915	150	299.0000	295.2781
53.5461	151	300.0000	295.3775
53.9007	152	303.0000	295.4768
54.2553	153	299.0000	295.5762
54.6099	154	297.0000	295.6755
54.9645	155	299.0000	295.7748
55.3191	156	297.0000	295.8742
55.6738	157	302.0000	295.9735
56.0284	158	300.0000	296.0728
56.3830	159	299.0000	296.1722
56.7376	160	303.0000	296.2715
57.0922	161	303.0000	296.3708
57.4468	162	299.0000	296.4702
57.8014	163	298.0000	296.5695
58.1560	164	299.0000	296.6689
58.5106	165	297.0000	296.7682
58.8652	166	295.0000	296.8676
59.2199	167	299.0000	296.9669
59.5745	168	297.0000	297.0662
59.9291	169	297.0000	297.1656
60.2837	170	296.0000	297.2649
60.6383	171	298.0000	297.3642
60.9929	172	298.0000	297.4636
61.3475	173	296.0000	297.5629
61.7021	174	296.0000	297.6623
62.0567	175	293.0000	297.7616
62.4113	176	298.0000	297.8609
62.7660	177	299.0000	297.9603
63.1206	178	295.0000	298.0596
63.4752	179	294.0000	298.1589
63.8298	180	293.0000	298.2583
64.1844	181	298.0000	298.3576
64.5390	182	295.0000	298.4569
64.8936	183	298.0000	298.5563
65.2482	184	298.0000	298.6556
65.6028	185	293.0000	298.7550
65.9574	186	297.0000	298.8543
66.3121	187	301.0000	298.9536
66.6667	188	299.0000	299.0530
67.0213	189	301.0000	299.1523
67.3759	190	301.0000	299.2516
67.7305	191	302.0000	299.3510
68.0851	192	301.0000	299.4503
68.4397	193	302.0000	299.5497
68.7943	194	307.0000	299.6490
69.1489	195	308.0000	299.7484
69.5035	196	305.0000	299.8477
69.8582	197	305.0000	299.9470
70.2128	198	309.0000	300.0464
70.5674	199	307.0000	300.1457
70.9220	200	307.0000	300.2450
71.2766	201	305.0000	300.3444
71.6312	202	303.0000	300.4437
71.9858	203	302.0000	300.5431
72.3404	204	302.0000	300.6424
72.6950	205	303.0000	300.7417
73.0496	206	303.0000	300.8411
73.4043	207	298.0000	300.9404
73.7589	208	301.0000	301.0397
74.1135	209	300.0000	301.1391
74.4681	210	305.0000	301.2384
74.8227	211	302.0000	301.3377
75.1773	212	300.0000	301.4371
75.5319	213	301.0000	301.5364
75.8865	214	299.0000	301.6358
76.2411	215	302.0000	301.7351
76.5957	216	303.0000	301.8344
76.9504	217	302.0000	301.9338
77.3050	218	301.0000	302.0331
77.6596	219	297.0000	302.1324
78.0142	220	299.0000	302.2318
78.3688	221	298.0000	302.3311
78.7234	222	299.0000	302.4305
79.0780	223	298.0000	302.5298
79.4326	224	298.0000	302.6292
79.7872	225	295.0000	302.7285
80.1418	226	296.0000	302.8278
80.4965	227	297.0000	302.9272
80.8511	228	295.0000	303.0265
81.2057	229	297.0000	303.1258
81.5603	230	294.0000	303.2252
81.9149	231	297.0000	303.3245
82.2695	232	295.0000	303.4238
82.6241	233	299.0000	303.5232
82.9787	234	299.0000	303.6225
83.3333	235	296.0000	303.7219
83.6879	236	297.0000	303.8212
84.0426	237	297.0000	303.9205
84.3972	238	298.0000	304.0199
84.7518	239	298.0000	304.1192
85.1064	240	297.0000	304.2185
85.4610	241	296.0000	304.3179
85.8156	242	297.0000	304.4172
86.1702	243	298.0000	304.5166
86.5248	244	298.0000	304.6159
86.8794	245	296.0000	304.7152
87.2340	246	298.0000	304.8146
87.5887	247	299.0000	304.9139
87.9433	248	300.0000	305.0132
88.2979	249	298.0000	305.1126
88.6525	250	299.0000	305.2119
89.0071	251	299.0000	305.3112
89.3617	252	302.0000	305.4106
89.7163	253	302.0000	305.5099
90.0709	254	300.0000	305.6093
90.4255	255	300.0000	305.7086
90.7801	256	301.0000	305.8080
91.1348	257	304.0000	305.9073
91.4894	258	302.0000	306.0066
91.8440	259	299.0000	306.1060
92.1986	260	306.0000	306.2053
92.5532	261	304.0000	306.3046
92.9078	262	301.0000	306.4040
93.2624	263	303.0000	306.5033
93.6170	264	302.0000	306.6027
93.9716	265	305.0000	306.7020
94.3262	266	303.0000	306.8013
94.6809	267	303.0000	306.9007
95.0355	268	307.0000	307.0000
95.3901	269	311.0000	307.8571
95.7447	270	305.0000	308.7143
96.0993	271	307.0000	309.5714
96.4539	272	307.0000	310.4286
96.8085	273	308.0000	311.2857
97.1631	274	308.0000	312.1429
97.5177	275	310.0000	313.0000
97.8723	276	308.0000	313.8571
98.2270	277	309.0000	314.7143
98.5816	278	311.0000	315.5714
98.9362	279	311.0000	316.4286
99.2908	280	313.0000	317.2857
99.6454	281	315.0000	318.1429
100.0000	282	319.0000	319.0000
---------- 4: r1_f4 ----------
Offset(%)	Offset(pix)	Profile	Background
0.3546	1	261.0000	261.0000
0.7092	2	261.0000	261.2833
1.0638	3	266.0000	261.5667
1.4184	4	271.0000	261.8500
1.7730	5	269.0000	262.1333
2.1277	6	271.0000	262.4167
2.4823	7	270.0000	262.7000
2.8369	8	275.0000	262.9833
3.1915	9	285.0000	263.2667
3.5461	10	285.0000	263.5500
3.9007	11	309.0000	263.8333
4.2553	12	316.0000	264.1167
4.6099	13	323.0000	264.4000
4.9645	14	322.0000	264.6833
5.3191	15	322.0000	264.9667
5.6738	16	312.0000	265.2500
6.0284	17	307.0000	265.5333
6.3830	18	318.0000	265.8167
6.7376	19	308.0000	266.1000
7.0922	20	312.0000	266.3833
7.4468	21	337.0000	266.6667
7.8014	22	335.0000	266.9500
8.1560	23	331.0000	267.2333
8.5106	24	351.0000	267.5167
8.8652	25	340.0000	267.8000
9.2199	26	338.0000	268.0833
9.5745	27	352.0000	268.3667
9.9291	28	367.0000	268.6500
10.2837	29	356.0000	268.9333
10.6383	30	353.0000	269.2167
10.9929	31	348.0000	269.5000
11.3475	32	362.0000	269.7833
11.7021	33	377.0000	270.0667
12.0567	34	371.0000	270.3500
12.4113	35	401.0000	270.6333
12.7660	36	413.0000	270.9167
13.1206	37	409.0000	271.2000
13.4752	38	421.0000	271.4833
13.8298	39	421.0000	271.7667
14.1844	40	414.0000	272.0500
14.5390	41	421.0000	272.3333
14.8936	42	408.0000	272.6167
15.2482	43	407.0000	272.9000
15.6028	44	388.0000	273.1833
15.9574	45	383.0000	273.4667
16.3121	46	382.0000	273.7500
16.6667	47	372.0000	274.0333
17.0213	48	362.0000	274.3167
17.3759	49	352.0000	274.6000
17.7305	50	351.0000	274.8833
18.0851	51	343.0000	275.1667
18.4397	52	343.0000	275.4500
18.7943	53	333.0000	275.7333
19.1489	54	329.0000	276.0167
19.5035	55	326.0000	276.3000
19.8582	56	328.0000	276.5833
20.2128	57	324.0000	276.8667
20.5674	58	315.0000	277.1500
20.9220	59	313.0000	277.4333
21.2766	60	319.0000	277.7167
21.6312	61	307.0000	278.0000
21.9858	62	310.0000	278.2833
22.3404	63	312.0000	278.5667
22.6950	64	301.0000	278.8500
23.0496	65	303.0000	279.1333
23.4043	66	298.0000	279.4167
23.7589	67	298.0000	279.7000
24.1135	68	302.0000	279.9833
24.4681	69	298.0000	280.2667
24.8227	70	300.0000	280.5500
25.1773	71	293.0000	280.8333
25.5319	72	297.0000	281.1167
25.8865	73	294.0000	281.4000
26.2411	74	294.0000	281.6833
26.5957	75	290.0000	281.9667
26.9504	76	289.0000	282.2500
27.3050	77	292.0000	282.5333
27.6596	78	288.0000	282.8167
28.0142	79	287.0000	283.1000
28.3688	80	289.0000	283.3833
28.7234	81	290.0000	283.6667
29.0780	82	289.0000	283.9500
29.4326	83	289.0000	284.2333
29.7872	84	285.0000	284.5167
30.1418	85	289.0000	284.8000
30.4965	86	288.0000	285.0833
30.8511	87	297.0000	285.3667
31.2057	88	292.0000	285.6500
31.5603	89	289.0000	285.9333
31.9149	90	292.0000	286.2167
32.2695	91	291.0000	286.5000
32.6241	92	292.0000	286.7833
32.9787	93	288.0000	287.0667
33.3333	94	292.0000	287.3500
33.6879	95	290.0000	287.6333
34.0426	96	294.0000	287.9167
34.3972	97	289.0000	288.2000
34.7518	98	287.0000	288.4833
35.1064	99	290.0000	288.7667
35.4610	100	291.0000	289.0500
35.8156	101	291.0000	289.3333
36.1702	102	291.0000	289.6167
36.5248	103	290.0000	289.9000
36.8794	104	291.0000	290.1833
37.2340	105	288.0000	290.4667
37.5887	106	291.0000	290.7500
37.9433	107	291.0000	291.0333
38.2979	108	295.0000	291.3167
38.6525	109	293.0000	291.6000
39.0071	110	297.0000	291.8833
39.3617	111	297.0000	292.1667
39.7163	112	293.0000	292.4500
40.0709	113	293.0000	292.7333
40.4255	114	292.0000	293.0167
40.7801	115	297.0000	293.3000
41.1348	116	295.0000	293.5833
41.4894	117	298.0000	293.8667
41.8440	118	293.0000	294.1500
42.1986	119	298.0000	294.4333
42.5532	120	296.0000	294.7167
42.9078	121	295.0000	295.0000
43.2624	122	299.0000	295.3030
43.6170	123	301.0000	295.6060
43.9716	124	299.0000	295.9091
44.3262	125	300.0000	296.2121
44.6809	126	296.0000	296.5151
45.0355	127	298.0000	296.8182
45.3901	128	303.0000	297.1212
45.7447	129	293.0000	297.4243
46.0993	130	296.0000	297.7273
46.4539	131	302.0000	298.0303
46.8085	132	301.0000	298.3333
47.1631	133	303.0000	298.6364
47.5177	134	299.0000	298.9394
47.8723	135	301.0000	299.2424
48.2270	136	307.0000	299.5454
48.5816	137	300.0000	299.8485
48.9362	138	304.0000	300.1515
49.2908	139	306.0000	300.4546
49.6454	140	300.0000	300.7576
50.0000	141	300.0000	301.0606
50.3546	142	310.0000	301.3636
50.7092	143	305.0000	301.6667
51.0638	144	300.0000	301.9697
51.4184	145	306.0000	302.2727
51.7730	146	302.0000	302.5757
52.1277	147	302.0000	302.8788
52.4823	148	309.0000	303.1818
52.8369	149	308.0000	303.4849
53.1915	150	307.0000	303.7879
53.5461	151	307.0000	304.0909
53.9007	152	311.0000	304.3940
54.2553	153	308.0000	304.6970
54.6099	154	305.0000	305.0000
54.9645	155	307.0000	305.0087
55.3191	156	312.0000	305.0174
55.6738	157	310.0000	305.0261
56.0284	158	312.0000	305.0348
56.3830	159	307.0000	305.0435
56.7376	160	308.0000	305.0522
57.0922	161	311.0000	305.0609
57.4468	162	310.0000	305.0696
57.8014	163	311.0000	305.0782
58.1560	164	310.0000	305.0869
58.5106	165	310.0000	305.0956
58.8652	166	307.0000	305.1043
59.2199	167	312.0000	305.1130
59.5745	168	313.0000	305.1217
59.9291	169	312.0000	305.1304
60.2837	170	314.0000	305.1391
60.6383	171	313.0000	305.1478
60.9929	172	318.0000	305.1565
61.3475	173	312.0000	305.1652
61.7021	174	310.0000	305.1739
62.0567	175	312.0000	305.1826
62.4113	176	313.0000	305.1913
62.7660	177	311.0000	305.2000
63.1206	178	314.0000	305.2087
63.4752	179	312.0000	305.2174
63.8298	180	317.0000	305.2261
64.1844	181	312.0000	305.2348
64.5390	182	314.0000	305.2435
64.8936	183	312.0000	305.2522
65.2482	184	314.0000	305.2609
65.6028	185	315.0000	305.2696
65.9574	186	320.0000	305.2783
66.3121	187	316.0000	305.2870
66.6667	188	319.0000	305.2957
67.0213	189	317.0000	305.3044
67.3759	190	325.0000	305.3130
67.7305	191	322.0000	305.3217
68.0851	192	326.0000	305.3304
68.4397	193	328.0000	305.3391
68.7943	194	325.0000	305.3478
69.1489	195	322.0000	305.3565
69.5035	196	326.0000	305.3652
69.8582	197	329.0000	305.3739
70.2128	198	331.0000	305.3826
70.5674	199	329.0000	305.3913
70.9220	200	332.0000	305.4000
71.2766	201	334.0000	305.4087
71.6312	202	335.0000	305.4174
71.9858	203	332.0000	305.4261
72.3404	204	341.0000	305.4348
72.6950	205	343.0000	305.4435
73.0496	206	337.0000	305.4522
73.4043	207	342.0000	305.4609
73.7589	208	336.0000	305.4696
74.1135	209	336.0000	305.4783
74.4681	210	334.0000	305.4870
74.8227	211	331.0000	305.4957
75.1773	212	327.0000	305.5043
75.5319	213	326.0000	305.5130
75.8865	214	335.0000	305.5217
76.2411	215	331.0000	305.5304
76.5957	216	324.0000	305.5391
76.9504	217	325.0000	305.5478
77.3050	218	321.0000	305.5565
77.6596	219	322.0000	305.5652
78.0142	220	318.0000	305.5739
78.3688	221	318.0000	305.5826
78.7234	222	315.0000	305.5913
79.0780	223	314.0000	305.6000
79.4326	224	313.0000	305.6087
79.7872	225	310.0000	305.6174
80.1418	226	309.0000	305.6261
80.4965	227	311.0000	305.6348
80.8511	228	308.0000	305.6435
81.2057	229	308.0000	305.6522
81.5603	230	310.0000	305.6609
81.9149	231	304.0000	305.6696
82.2695	232	304.0000	305.6783
82.6241	233	306.0000	305.6870
82.9787	234	302.0000	305.6956
83.3333	235	302.0000	305.7043
83.6879	236	301.0000	305.7130
84.0426	237	298.0000	305.7217
84.3972	238	300.0000	305.7304
84.7518	239	302.0000	305.7391
85.1064	240	301.0000	305.7478
85.4610	241	300.0000	305.7565
85.8156	242	298.0000	305.7652
86.1702	243	299.0000	305.7739
86.5248	244	298.0000	305.7826
86.8794	245	302.0000	305.7913
87.2340	246	298.0000	305.8000
87.5887	247	303.0000	305.8087
87.9433	248	301.0000	305.8174
88.2979	249	300.0000	305.8261
88.6525	250	305.0000	305.8348
89.0071	251	299.0000	305.8435
89.3617	252	302.0000	305.8522
89.7163	253	300.0000	305.8609
90.0709	254	308.0000	305.8696
90.4255	255	303.0000	305.8783
90.7801	256	303.0000	305.8870
91.1348	257	305.0000	305.8957
91.4894	258	305.0000	305.9044
91.8440	259	303.0000	305.9131
92.1986	260	301.0000	305.9218
92.5532	261	300.0000	305.9304
92.9078	262	302.0000	305.9391
93.2624	263	306.0000	305.9478
93.6170	264	301.0000	305.9565
93.9716	265	306.0000	305.9652
94.3262	266	305.0000	305.9739
94.6809	267	305.0000	305.9826
95.0355	268	304.0000	305.9913
95.3901	269	306.0000	306.0000
95.7447	270	304.0000	306.5385
96.0993	271	306.0000	307.0769
96.4539	272	304.0000	307.6154
96.8085	273	307.0000	308.1538
97.1631	274	307.0000	308.6923
97.5177	275	308.0000	309.2308
97.8723	276	308.0000	309.7692
98.2270	277	309.0000	310.3077
98.5816	278	311.0000	310.8462
98.9362	279	312.0000	311.3846
99.2908	280	311.0000	311.9231
99.6454	281	310.0000	312.4615
100.0000	282	313.0000	313.0000
---------- 5: r1_f5 ----------
Offset(%)	Offset(pix)	Profile	Background
0.0000	0	249.0000	249.0000
0.3546	1	249.0000	249.0000
0.7092	2	249.0000	249.3097
1.0638	3	252.0000	249.6195
1.4184	4	253.0000	249.9292
1.7730	5	253.0000	250.2389
2.1277	6	251.0000	250.5487
2.4823	7	258.0000	250.8584
2.8369	8	263.0000	251.1681
3.1915	9	264.0000	251.4779
3.5461	10	263.0000	251.7876
3.9007	11	262.0000	252.0974
4.2553	12	262.0000	252.4071
4.6099	13	261.0000	252.7168
4.9645	14	255.0000	253.0266
5.3191	15	263.0000	253.3363
5.6738	16	274.0000	253.6460
6.0284	17	282.0000	253.9557
6.3830	18	285.0000	254.2655
6.7376	19	280.0000	254.5752
7.0922	20	287.0000	254.8849
7.4468	21	284.0000	255.1947
7.8014	22	280.0000	255.5044
8.1560	23	278.0000	255.8142
8.5106	24	281.0000	256.1239
8.8652	25	284.0000	256.4336
9.2199	26	286.0000	256.7434
9.5745	27	305.0000	257.0531
9.9291	28	315.0000	257.3628
10.2837	29	325.0000	257.6726
10.6383	30	319.0000	257.9823
10.9929	31	335.0000	258.2920
11.3475	32	338.0000	258.6018
11.7021	33	349.0000	258.9115
12.0567	34	370.0000	259.2213
12.4113	35	370.0000	259.5310
12.7660	36	373.0000	259.8407
13.1206	37	366.0000	260.1505
13.4752	38	382.0000	260.4602
13.8298	39	375.0000	260.7699
14.1844	40	368.0000	261.0797
14.5390	41	356.0000	261.3894
14.8936	42	355.0000	261.6991
15.2482	43	348.0000	262.0089
15.6028	44	343.0000	262.3186
15.9574	45	337.0000	262.6283
16.3121	46	325.0000	262.9380
16.6667	47	325.0000	263.2478
17.0213	48	322.0000	263.5575
17.3759	49	319.0000	263.8672
17.7305	50	311.0000	264.1770
18.0851	51	313.0000	264.4867
18.4397	52	310.0000	264.7964
18.7943	53	307.0000	265.1062
19.1489	54	303.0000	265.4159
19.5035	55	302.0000	265.7257
19.8582	56	299.0000	266.0354
20.2128	57	293.0000	266.3451
20.5674	58	291.0000	266.6549
20.9220	59	287.0000	266.9646
21.2766	60	291.0000	267.2743
21.6312	61	289.0000	267.5841
21.9858	62	281.0000	267.8938
22.3404	63	283.0000	268.2036
22.6950	64	280.0000	268.5133
23.0496	65	284.0000	268.8230
23.4043	66	285.0000	269.1328
23.7589	67	281.0000	269.4425
24.1135	68	280.0000	269.7522
24.4681	69	272.0000	270.0620
24.8227	70	273.0000	270.3717
25.1773	71	268.0000	270.6814
25.5319	72	273.0000	270.9911
25.8865	73	277.0000	271.3009
26.2411	74	274.0000	271.6106
26.5957	75	273.0000	271.9203
26.9504	76	275.0000	272.2301
27.3050	77	272.0000	272.5398
27.6596	78	275.0000	272.8495
28.0142	79	270.0000	273.1593
28.3688	80	268.0000	273.4690
28.7234	81	274.0000	273.7787
29.0780	82	273.0000	274.0885
29.7872	84	272.0000	274.3982
30.1418	85	271.0000	274.7080
30.4965	86	271.0000	275.0177
30.8511	87	272.0000	275.3274
31.2057	88	270.0000	275.6372
31.5603	89	275.0000	275.9469
31.9149	90	270.0000	276.2567
32.2695	91	273.0000	276.5664
32.6241	92	277.0000	276.8761
32.9787	93	275.0000	277.1859
33.3333	94	278.0000	277.4956
33.6879	95	276.0000	277.8053
34.0426	96	277.0000	278.1151
34.3972	97	279.0000	278.4248
34.7518	98	280.0000	278.7345
35.1064	99	277.0000	279.0443
35.4610	100	274.0000	279.3540
35.8156	101	279.0000	279.6637
36.1702	102	282.0000	279.9734
36.5248	103	281.0000	280.2832
36.8794	104	280.0000	280.5929
37.2340	105	283.0000	280.9026
37.5887	106	289.0000	281.2124
37.9433	107	287.0000	281.5221
38.2979	108	280.0000	281.8318
38.6525	109	282.0000	282.1416
39.0071	110	283.0000	282.4513
39.3617	111	286.0000	282.7610
39.7163	112	285.0000	283.0708
40.0709	113	286.0000	283.3805
40.4255	114	286.0000	283.6903
40.7801	115	284.0000	284.0000
41.1348	116	284.0000	284.0893
41.4894	117	287.0000	284.1786
41.8440	118	287.0000	284.2679
42.1986	119	290.0000	284.3571
42.5532	120	291.0000	284.4464
42.9078	121	288.0000	284.5357
43.2624	122	289.0000	284.6250
43.6170	123	289.0000	284.7143
43.9716	124	288.0000	284.8036
44.3262	125	291.0000	284.8929
44.6809	126	292.0000	284.9821
45.0355	127	289.0000	285.0714
45.3901	128	290.0000	285.1607
45.7447	129	295.0000	285.2500
46.0993	130	290.0000	285.3393
46.4539	131	293.0000	285.4286
46.8085	132	294.0000	285.5179
47.1631	133	296.0000	285.6071
47.5177	134	295.0000	285.6964
47.8723	135	291.0000	285.7857
48.2270	136	293.0000	285.8750
48.5816	137	294.0000	285.9643
48.9362	138	289.0000	286.0536
49.2908	139	294.0000	286.1429
49.6454	140	296.0000	286.2321
50.0000	141	295.0000	286.3214
50.3546	142	297.0000	286.4107
50.7092	143	294.0000	286.5000
51.0638	144	294.0000	286.5893
51.4184	145	295.0000	286.6786
51.7730	146	297.0000	286.7679
52.1277	147	298.0000	286.8571
52.4823	148	296.0000	286.9464
52.8369	149	298.0000	287.0357
53.1915	150	299.0000	287.1250
53.5461	151	302.0000	287.2143
53.9007	152	300.0000	287.3036
54.2553	153	302.0000	287.3929
54.6099	154	302.0000	287.4821
54.9645	155	302.0000	287.5714
55.3191	156	303.0000	287.6607
55.6738	157	301.0000	287.7500
56.0284	158	304.0000	287.8393
56.3830	159	304.0000	287.9286
56.7376	160	300.0000	288.0179
57.0922	161	301.0000	288.1071
57.4468	162	299.0000	288.1964
57.8014	163	305.0000	288.2857
58.1560	164	298.0000	288.3750
58.5106	165	305.0000	288.4643
58.8652	166	298.0000	288.5536
59.2199	167	301.0000	288.6429
59.5745	168	303.0000	288.7321
59.9291	169	304.0000	288.8214
60.2837	170	303.0000	288.9107
60.6383	171	306.0000	289.0000
60.9929	172	307.0000	289.0893
61.3475	173	304.0000	289.1786
61.7021	174	308.0000	289.2679
62.0567	175	308.0000	289.3571
62.4113	176	305.0000	289.4464
62.7660	177	308.0000	289.5357
63.1206	178	309.0000	289.6250
63.4752	179	305.0000	289.7143
63.8298	180	307.0000	289.8036
64.1844	181	305.0000	289.8929
64.5390	182	310.0000	289.9821
64.8936	183	306.0000	290.0714
65.2482	184	305.0000	290.1607
65.6028	185	306.0000	290.2500
65.9574	186	304.0000	290.3393
66.3121	187	306.0000	290.4286
66.6667	188	307.0000	290.5179
67.0213	189	306.0000	290.6071
67.3759	190	302.0000	290.6964
67.7305	191	305.0000	290.7857
68.0851	192	304.0000	290.8750
68.4397	193	304.0000	290.9643
68.7943	194	307.0000	291.0536
69.1489	195	307.0000	291.1429
69.5035	196	303.0000	291.2321
69.8582	197	306.0000	291.3214
70.2128	198	306.0000	291.4107
70.5674	199	306.0000	291.5000
70.9220	200	303.0000	291.5893
71.2766	201	306.0000	291.6786
71.6312	202	309.0000	291.7679
71.9858	203	306.0000	291.8571
72.3404	204	309.0000	291.9464
72.6950	205	303.0000	292.0357
73.0496	206	301.0000	292.1250
73.4043	207	307.0000	292.2143
73.7589	208	304.0000	292.3036
74.1135	209	308.0000	292.3929
74.4681	210	306.0000	292.4821
74.8227	211	301.0000	292.5714
75.1773	212	302.0000	292.6607
75.5319	213	299.0000	292.7500
75.8865	214	298.0000	292.8393
76.2411	215	298.0000	292.9286
76.5957	216	299.0000	293.0179
76.9504	217	299.0000	293.1071
77.3050	218	297.0000	293.1964
77.6596	219	297.0000	293.2857
78.0142	220	296.0000	293.3750
78.3688	221	295.0000	293.4643
78.7234	222	296.0000	293.5536
79.0780	223	295.0000	293.6429
79.4326	224	294.0000	293.7321
79.7872	225	293.0000	293.8214
80.1418	226	290.0000	293.9107
80.4965	227	294.0000	294.0000
80.8511	228	291.0000	294.0250
81.2057	229	292.0000	294.0500
81.5603	230	289.0000	294.0750
81.9149	231	290.0000	294.1000
82.2695	232	291.0000	294.1250
82.6241	233	287.0000	294.1500
82.9787	234	289.0000	294.1750
83.3333	235	289.0000	294.2000
83.6879	236	290.0000	294.2250
84.0426	237	291.0000	294.2500
84.3972	238	286.0000	294.2750
84.7518	239	292.0000	294.3000
85.1064	240	288.0000	294.3250
85.4610	241	289.0000	294.3500
85.8156	242	289.0000	294.3750
86.1702	243	290.0000	294.4000
86.5248	244	291.0000	294.4250
86.8794	245	286.0000	294.4500
87.2340	246	290.0000	294.4750
87.5887	247	293.0000	294.5000
87.9433	248	290.0000	294.5250
88.2979	249	289.0000	294.5500
88.6525	250	293.0000	294.5750
89.0071	251	290.0000	294.6000
89.3617	252	291.0000	294.6250
89.7163	253	290.0000	294.6500
90.0709	254	291.0000	294.6750
90.4255	255	292.0000	294.7000
90.7801	256	296.0000	294.7250
91.1348	257	291.0000	294.7500
91.4894	258	293.0000	294.7750
91.8440	259	292.0000	294.8000
92.1986	260	295.0000	294.8250
92.5532	261	296.0000	294.8500
92.9078	262	294.0000	294.8750
93.2624	263	299.0000	294.9000
93.6170	264	296.0000	294.9250
93.9716	265	297.0000	294.9500
94.3262	266	300.0000	294.9750
94.6809	267	295.0000	295.0000
95.0355	268	299.0000	295.8000
95.3901	269	299.0000	296.6000
95.7447	270	301.0000	297.4000
96.0993	271	300.0000	298.2000
96.4539	272	300.0000	299.0000
96.8085	273	302.0000	299.8000
97.1631	274	301.0000	300.6000
97.5177	275	301.0000	301.4000
97.8723	276	303.0000	302.2000
98.2270	277	304.0000	303.0000
98.5816	278	301.0000	303.8000
98.9362	279	304.0000	304.6000
99.2908	280	304.0000	305.4000
99.6454	281	305.0000	306.2000
100.0000	282	307.0000	307.0000
---------- 6: r1_f6 ----------
Offset(%)	Offset(pix)	Profile	Background
0.0000	0	244.0000	244.0000
0.3546	1	244.0000	244.0000
0.7092	2	242.0000	244.5044
1.0638	3	248.0000	245.0089
1.4184	4	247.0000	245.5133
1.7730	5	259.0000	246.0177
2.1277	6	254.0000	246.5221
2.4823	7	259.0000	247.0266
2.8369	8	260.0000	247.5310
3.1915	9	266.0000	248.0354
3.5461	10	276.0000	248.5398
3.9007	11	284.0000	249.0443
4.2553	12	285.0000	249.5487
4.6099	13	288.0000	250.0531
4.9645	14	291.0000	250.5575
5.3191	15	285.0000	251.0620
5.6738	16	288.0000	251.5664
6.0284	17	298.0000	252.0708
6.3830	18	317.0000	252.5752
6.7376	19	326.0000	253.0797
7.0922	20	326.0000	253.5841
7.4468	21	324.0000	254.0885
7.8014	22	329.0000	254.5929
8.1560	23	327.0000	255.0974
8.5106	24	312.0000	255.6018
8.8652	25	319.0000	256.1062
9.2199	26	327.0000	256.6106
9.5745	27	332.0000	257.1151
9.9291	28	316.0000	257.6195
10.2837	29	329.0000	258.1239
10.6383	30	335.0000	258.6283
10.9929	31	322.0000	259.1328
11.3475	32	325.0000	259.6372
11.7021	33	335.0000	260.1416
12.0567	34	336.0000	260.6460
12.4113	35	346.0000	261.1505
12.7660	36	334.0000	261.6549
13.1206	37	351.0000	262.1593
13.4752	38	350.0000	262.6637
13.8298	39	353.0000	263.1682
14.1844	40	347.0000	263.6726
14.5390	41	347.0000	264.1770
14.8936	42	352.0000	264.6814
15.2482	43	347.0000	265.1859
15.6028	44	348.0000	265.6903
15.9574	45	338.0000	266.1947
16.3121	46	328.0000	266.6991
16.6667	47	343.0000	267.2036
17.0213	48	339.0000	267.7080
17.3759	49	333.0000	268.2124
17.7305	50	333.0000	268.7168
18.0851	51	324.0000	269.2213
18.4397	52	326.0000	269.7257
18.7943	53	327.0000	270.2301
19.1489	54	319.0000	270.7345
19.5035	55	318.0000	271.2390
19.8582	56	319.0000	271.7433
20.2128	57	314.0000	272.2478
20.5674	58	311.0000	272.7522
20.9220	59	311.0000	273.2567
21.2766	60	302.0000	273.7610
21.6312	61	304.0000	274.2655
21.9858	62	303.0000	274.7699
22.3404	63	303.0000	275.2743
22.6950	64	299.0000	275.7787
23.0496	65	296.0000	276.2832
23.4043	66	295.0000	276.7876
23.7589	67	297.0000	277.2920
24.1135	68	295.0000	277.7964
24.4681	69	299.0000	278.3009
24.8227	70	294.0000	278.8053
25.1773	71	294.0000	279.3097
25.5319	72	297.0000	279.8141
25.8865	73	302.0000	280.3186
26.2411	74	297.0000	280.8230
26.5957	75	296.0000	281.3274
26.9504	76	295.0000	281.8318
27.3050	77	291.0000	282.3363
27.6596	78	291.0000	282.8407
28.0142	79	293.0000	283.3451
28.3688	80	289.0000	283.8495
28.7234	81	293.0000	284.3540
29.0780	82	293.0000	284.8584
29.7872	84	292.0000	285.3628
30.1418	85	293.0000	285.8672
30.4965	86	293.0000	286.3717
30.8511	87	294.0000	286.8761
31.2057	88	294.0000	287.3805
31.5603	89	292.0000	287.8849
31.9149	90	292.0000	288.3894
32.2695	91	291.0000	288.8938
32.6241	92	296.0000	289.3982
32.9787	93	292.0000	289.9026
33.3333	94	293.0000	290.4071
33.6879	95	296.0000	290.9115
34.0426	96	295.0000	291.4159
34.3972	97	294.0000	291.9203
34.7518	98	297.0000	292.4248
35.1064	99	297.0000	292.9292
35.4610	100	296.0000	293.4336
35.8156	101	300.0000	293.9380
36.1702	102	295.0000	294.4425
36.5248	103	301.0000	294.9469
36.8794	104	299.0000	295.4513
37.2340	105	301.0000	295.9557
37.5887	106	294.0000	296.4602
37.9433	107	300.0000	296.9646
38.2979	108	304.0000	297.4690
38.6525	109	299.0000	297.9734
39.0071	110	301.0000	298.4779
39.3617	111	308.0000	298.9823
39.7163	112	306.0000	299.4867
40.0709	113	303.0000	299.9911
40.4255	114	308.0000	300.4956
40.7801	115	301.0000	301.0000
41.1348	116	309.0000	301.6829
41.4894	117	308.0000	302.3658
41.8440	118	309.0000	303.0488
42.1986	119	307.0000	303.7317
42.5532	120	306.0000	304.4146
42.9078	121	307.0000	305.0976
43.2624	122	312.0000	305.7805
43.6170	123	313.0000	306.4634
43.9716	124	311.0000	307.1463
44.3262	125	313.0000	307.8293
44.6809	126	310.0000	308.5122
45.0355	127	314.0000	309.1951
45.3901	128	312.0000	309.8781
45.7447	129	314.0000	310.5610
46.0993	130	314.0000	311.2439
46.4539	131	312.0000	311.9268
46.8085	132	311.0000	312.6097
47.1631	133	308.0000	313.2927
47.5177	134	313.0000	313.9756
47.8723	135	312.0000	314.6585
48.2270	136	312.0000	315.3415
48.5816	137	315.0000	316.0244
48.9362	138	316.0000	316.7073
49.2908	139	311.0000	317.3903
49.6454	140	312.0000	318.0732
50.0000	141	320.0000	318.7561
50.3546	142	324.0000	319.4390
50.7092	143	320.0000	320.1219
51.0638	144	317.0000	320.8049
51.4184	145	317.0000	321.4878
51.7730	146	320.0000	322.1707
52.1277	147	313.0000	322.8537
52.4823	148	323.0000	323.5366
52.8369	149	323.0000	324.2195
53.1915	150	327.0000	324.9024
53.5461	151	321.0000	325.5854
53.9007	152	322.0000	326.2683
54.2553	153	328.0000	326.9512
54.6099	154	320.0000	327.6342
54.9645	155	326.0000	328.3171
55.3191	156	329.0000	329.0000
55.6738	157	328.0000	328.6620
56.0284	158	321.0000	328.3239
56.3830	159	326.0000	327.9859
56.7376	160	334.0000	327.6479
57.0922	161	329.0000	327.3098
57.4468	162	329.0000	326.9718
57.8014	163	330.0000	326.6338
58.1560	164	328.0000	326.2958
58.5106	165	324.0000	325.9577
58.8652	166	330.0000	325.6197
59.2199	167	328.0000	325.2817
59.5745	168	325.0000	324.9437
59.9291	169	331.0000	324.6056
60.2837	170	331.0000	324.2676
60.6383	171	335.0000	323.9296
60.9929	172	329.0000	323.5916
61.3475	173	332.0000	323.2535
61.7021	174	332.0000	322.9155
62.0567	175	332.0000	322.5775
62.4113	176	332.0000	322.2394
62.7660	177	334.0000	321.9014
63.1206	178	330.0000	321.5634
63.4752	179	331.0000	321.2253
63.8298	180	330.0000	320.8873
64.1844	181	338.0000	320.5493
64.5390	182	338.0000	320.2113
64.8936	183	338.0000	319.8732
65.2482	184	341.0000	319.5352
65.6028	185	338.0000	319.1972
65.9574	186	342.0000	318.8592
66.3121	187	339.0000	318.5211
66.6667	188	343.0000	318.1831
67.0213	189	348.0000	317.8451
67.3759	190	346.0000	317.5070
67.7305	191	347.0000	317.1690
68.0851	192	348.0000	316.8310
68.4397	193	348.0000	316.4930
68.7943	194	345.0000	316.1549
69.1489	195	355.0000	315.8169
69.5035	196	354.0000	315.4789
69.8582	197	350.0000	315.1408
70.2128	198	355.0000	314.8028
70.5674	199	356.0000	314.4648
70.9220	200	355.0000	314.1268
71.2766	201	353.0000	313.7887
71.6312	202	358.0000	313.4507
71.9858	203	352.0000	313.1127
72.3404	204	353.0000	312.7747
72.6950	205	347.0000	312.4366
73.0496	206	349.0000	312.0986
73.4043	207	342.0000	311.7606
73.7589	208	340.0000	311.4225
74.1135	209	339.0000	311.0845
74.4681	210	342.0000	310.7465
74.8227	211	340.0000	310.4084
75.1773	212	332.0000	310.0704
75.5319	213	334.0000	309.7324
75.8865	214	327.0000	309.3944
76.2411	215	327.0000	309.0563
76.5957	216	327.0000	308.7183
76.9504	217	323.0000	308.3803
77.3050	218	318.0000	308.0423
77.6596	219	317.0000	307.7042
78.0142	220	318.0000	307.3662
78.3688	221	310.0000	307.0282
78.7234	222	312.0000	306.6902
79.0780	223	308.0000	306.3521
79.4326	224	309.0000	306.0141
79.7872	225	307.0000	305.6761
80.1418	226	307.0000	305.3380
80.4965	227	305.0000	305.0000
80.8511	228	308.0000	304.5833
81.2057	229	305.0000	304.1667
81.5603	230	303.0000	303.7500
81.9149	231	300.0000	303.3333
82.2695	232	295.0000	302.9167
82.6241	233	298.0000	302.5000
82.9787	234	297.0000	302.0833
83.3333	235	295.0000	301.6667
83.6879	236	293.0000	301.2500
84.0426	237	292.0000	300.8333
84.3972	238	291.0000	300.4167
84.7518	239	293.0000	300.0000
85.1064	240	290.0000	299.5833
85.4610	241	290.0000	299.1667
85.8156	242	290.0000	298.7500
86.1702	243	289.0000	298.3333
86.5248	244	288.0000	297.9167
86.8794	245	289.0000	297.5000
87.2340	246	290.0000	297.0833
87.5887	247	291.0000	296.6667
87.9433	248	288.0000	296.2500
88.2979	249	286.0000	295.8333
88.6525	250	291.0000	295.4167
89.0071	251	289.0000	295.0000
89.3617	252	288.0000	294.5833
89.7163	253	290.0000	294.1667
90.0709	254	290.0000	293.7500
90.4255	255	291.0000	293.3333
90.7801	256	290.0000	292.9167
91.1348	257	289.0000	292.5000
91.4894	258	291.0000	292.0833
91.8440	259	286.0000	291.6667
92.1986	260	289.0000	291.2500
92.5532	261	287.0000	290.8333
92.9078	262	287.0000	290.4167
93.2624	263	288.0000	290.0000
93.6170	264	286.0000	289.5833
93.9716	265	287.0000	289.1667
94.3262	266	291.0000	288.7500
94.6809	267	289.0000	288.3333
95.0355	268	286.0000	287.9167
95.3901	269	288.0000	287.5000
95.7447	270	287.0000	287.0833
96.0993	271	287.0000	286.6667
96.4539	272	288.0000	286.2500
96.8085	273	286.0000	285.8333
97.1631	274	288.0000	285.4167
97.5177	275	285.0000	285.0000
97.8723	276	289.0000	286.0000
98.2270	277	286.0000	287.0000
98.5816	278	289.0000	288.0000
98.9362	279	290.0000	289.0000
99.2908	280	289.0000	290.0000
99.6454	281	295.0000	291.0000
100.0000	282	292.0000	292.0000
---------- 7: r1_f7 ----------
Offset(%)	Offset(pix)	Profile	Background
0.0000	0	244.0000	244.0000
0.3546	1	244.0000	244.2500
0.7092	2	248.0000	244.5000
1.0638	3	251.0000	244.7500
1.4184	4	254.0000	245.0000
1.7730	5	263.0000	245.2500
2.1277	6	259.0000	245.5000
2.4823	7	258.0000	245.7500
2.8369	8	253.0000	246.0000
3.1915	9	251.0000	246.2500
3.5461	10	249.0000	246.5000
3.9007	11	251.0000	246.7500
4.2553	12	248.0000	247.0000
4.6099	13	252.0000	247.2500
4.9645	14	247.0000	247.5000
5.3191	15	256.0000	247.7500
5.6738	16	265.0000	248.0000
6.0284	17	278.0000	248.2500
6.3830	18	279.0000	248.5000
6.7376	19	278.0000	248.7500
7.0922	20	269.0000	249.0000
7.4468	21	283.0000	249.2500
7.8014	22	277.0000	249.5000
8.1560	23	276.0000	249.7500
8.5106	24	285.0000	250.0000
8.8652	25	285.0000	250.2500
9.2199	26	286.0000	250.5000
9.5745	27	292.0000	250.7500
9.9291	28	289.0000	251.0000
10.2837	29	293.0000	251.2500
10.6383	30	290.0000	251.5000
10.9929	31	296.0000	251.7500
11.3475	32	303.0000	252.0000
11.7021	33	288.0000	252.2500
12.0567	34	298.0000	252.5000
12.4113	35	300.0000	252.7500
12.7660	36	297.0000	253.0000
13.1206	37	299.0000	253.2500
13.4752	38	296.0000	253.5000
13.8298	39	299.0000	253.7500
14.1844	40	287.0000	254.0000
14.5390	41	287.0000	254.2500
14.8936	42	288.0000	254.5000
15.2482	43	283.0000	254.7500
15.6028	44	283.0000	255.0000
15.9574	45	282.0000	255.2500
16.3121	46	280.0000	255.5000
16.6667	47	274.0000	255.7500
17.0213	48	275.0000	256.0000
17.3759	49	278.0000	256.2500
17.7305	50	278.0000	256.5000
18.0851	51	272.0000	256.7500
18.4397	52	275.0000	257.0000
18.7943	53	272.0000	257.2500
19.1489	54	267.0000	257.5000
19.5035	55	272.0000	257.7500
19.8582	56	267.0000	258.0000
20.2128	57	265.0000	258.2500
20.5674	58	262.0000	258.5000
20.9220	59	267.0000	258.7500
21.2766	60	268.0000	259.0000
21.6312	61	264.0000	259.2500
21.9858	62	262.0000	259.5000
22.3404	63	260.0000	259.7500
22.6950	64	262.0000	260.0000
23.0496	65	264.0000	260.2500
23.4043	66	263.0000	260.5000
23.7589	67	262.0000	260.7500
24.1135	68	261.0000	261.0000
24.4681	69	261.0000	261.0000
24.8227	70	262.0000	261.0000
25.1773	71	261.0000	261.0000
25.5319	72	262.0000	261.0000
25.8865	73	261.0000	261.0000
26.2411	74	260.0000	261.0000
26.5957	75	265.0000	261.0000
26.9504	76	261.0000	261.0000
27.3050	77	264.0000	261.0000
27.6596	78	259.0000	261.0000
28.0142	79	262.0000	261.0000
28.3688	80	259.0000	261.0000
28.7234	81	262.0000	261.0000
29.0780	82	257.0000	261.0000
29.7872	84	260.0000	261.0000
30.1418	85	264.0000	261.0000
30.4965	86	260.0000	261.0000
30.8511	87	258.0000	261.0000
31.2057	88	263.0000	261.0000
31.5603	89	261.0000	261.0000
31.9149	90	260.0000	261.2592
32.2695	91	262.0000	261.5185
32.6241	92	259.0000	261.7778
32.9787	93	264.0000	262.0370
33.3333	94	260.0000	262.2963
33.6879	95	257.0000	262.5555
34.0426	96	265.0000	262.8148
34.3972	97	260.0000	263.0741
34.7518	98	264.0000	263.3333
35.1064	99	265.0000	263.5926
35.4610	100	263.0000	263.8518
35.8156	101	266.0000	264.1111
36.1702	102	260.0000	264.3704
36.5248	103	264.0000	264.6296
36.8794	104	263.0000	264.8889
37.2340	105	266.0000	265.1482
37.5887	106	265.0000	265.4074
37.9433	107	265.0000	265.6667
38.2979	108	267.0000	265.9259
38.6525	109	267.0000	266.1852
39.0071	110	269.0000	266.4445
39.3617	111	270.0000	266.7037
39.7163	112	269.0000	266.9630
40.0709	113	272.0000	267.2222
40.4255	114	273.0000	267.4815
40.7801	115	270.0000	267.7408
41.1348	116	268.0000	268.0000
41.4894	117	272.0000	268.5385
41.8440	118	274.0000	269.0769
42.1986	119	275.0000	269.6154
42.5532	120	273.0000	270.1538
42.9078	121	274.0000	270.6923
43.2624	122	274.0000	271.2308
43.6170	123	276.0000	271.7692
43.9716	124	273.0000	272.3077
44.3262	125	275.0000	272.8462
44.6809	126	279.0000	273.3846
45.0355	127	278.0000	273.9231
45.3901	128	278.0000	274.4615
45.7447	129	277.0000	275.0000
46.0993	130	278.0000	275.5385
46.4539	131	280.0000	276.0769
46.8085	132	279.0000	276.6154
47.1631	133	279.0000	277.1538
47.5177	134	281.0000	277.6923
47.8723	135	281.0000	278.2308
48.2270	136	278.0000	278.7692
48.5816	137	283.0000	279.3077
48.9362	138	281.0000	279.8462
49.2908	139	283.0000	280.3846
49.6454	140	285.0000	280.9231
50.0000	141	287.0000	281.4615
50.3546	142	286.0000	282.0000
50.7092	143	285.0000	282.5385
51.0638	144	283.0000	283.0769
51.4184	145	289.0000	283.6154
51.7730	146	284.0000	284.1538
52.1277	147	283.0000	284.6923
52.4823	148	288.0000	285.2308
52.8369	149	288.0000	285.7692
53.1915	150	291.0000	286.3077
53.5461	151	291.0000	286.8462
53.9007	152	291.0000	287.3846
54.2553	153	291.0000	287.9231
54.6099	154	287.0000	288.4615
54.9645	155	289.0000	289.0000
55.3191	156	293.0000	288.9649
55.6738	157	289.0000	288.9298
56.0284	158	292.0000	288.8947
56.3830	159	293.0000	288.8596
56.7376	160	293.0000	288.8246
57.0922	161	296.0000	288.7895
57.4468	162	294.0000	288.7544
57.8014	163	294.0000	288.7193
58.1560	164	297.0000	288.6842
58.5106	165	297.0000	288.6491
58.8652	166	293.0000	288.6140
59.2199	167	296.0000	288.5789
59.5745	168	290.0000	288.5439
59.9291	169	295.0000	288.5088
60.2837	170	295.0000	288.4737
60.6383	171	296.0000	288.4386
60.9929	172	298.0000	288.4035
61.3475	173	297.0000	288.3684
61.7021	174	299.0000	288.3333
62.0567	175	301.0000	288.2982
62.4113	176	298.0000	288.2632
62.7660	177	300.0000	288.2281
63.1206	178	297.0000	288.1930
63.4752	179	299.0000	288.1579
63.8298	180	300.0000	288.1228
64.1844	181	297.0000	288.0877
64.5390	182	300.0000	288.0526
64.8936	183	300.0000	288.0175
65.2482	184	299.0000	287.9825
65.6028	185	301.0000	287.9474
65.9574	186	304.0000	287.9123
66.3121	187	303.0000	287.8772
66.6667	188	306.0000	287.8421
67.0213	189	306.0000	287.8070
67.3759	190	309.0000	287.7719
67.7305	191	313.0000	287.7368
68.0851	192	304.0000	287.7018
68.4397	193	311.0000	287.6667
68.7943	194	313.0000	287.6316
69.1489	195	317.0000	287.5965
69.5035	196	312.0000	287.5614
69.8582	197	318.0000	287.5263
70.2128	198	312.0000	287.4912
70.5674	199	318.0000	287.4561
70.9220	200	320.0000	287.4211
71.2766	201	319.0000	287.3860
71.6312	202	316.0000	287.3509
71.9858	203	318.0000	287.3158
72.3404	204	319.0000	287.2807
72.6950	205	320.0000	287.2456
73.0496	206	322.0000	287.2105
73.4043	207	316.0000	287.1754
73.7589	208	316.0000	287.1404
74.1135	209	313.0000	287.1053
74.4681	210	314.0000	287.0702
74.8227	211	312.0000	287.0351
75.1773	212	312.0000	287.0000
75.5319	213	313.0000	286.9649
75.8865	214	308.0000	286.9298
76.2411	215	311.0000	286.8947
76.5957	216	308.0000	286.8596
76.9504	217	306.0000	286.8246
77.3050	218	304.0000	286.7895
77.6596	219	306.0000	286.7544
78.0142	220	304.0000	286.7193
78.3688	221	301.0000	286.6842
78.7234	222	301.0000	286.6491
79.0780	223	298.0000	286.6140
79.4326	224	301.0000	286.5789
79.7872	225	301.0000	286.5439
80.1418	226	300.0000	286.5088
80.4965	227	297.0000	286.4737
80.8511	228	296.0000	286.4386
81.2057	229	295.0000	286.4035
81.5603	230	298.0000	286.3684
81.9149	231	294.0000	286.3333
82.2695	232	294.0000	286.2982
82.6241	233	294.0000	286.2632
82.9787	234	296.0000	286.2281
83.3333	235	293.0000	286.1930
83.6879	236	294.0000	286.1579
84.0426	237	293.0000	286.1228
84.3972	238	294.0000	286.0877
84.7518	239	294.0000	286.0526
85.1064	240	292.0000	286.0175
85.4610	241	292.0000	285.9825
85.8156	242	294.0000	285.9474
86.1702	243	289.0000	285.9123
86.5248	244	292.0000	285.8772
86.8794	245	293.0000	285.8421
87.2340	246	293.0000	285.8070
87.5887	247	290.0000	285.7719
87.9433	248	290.0000	285.7368
88.2979	249	288.0000	285.7018
88.6525	250	288.0000	285.6667
89.0071	251	287.0000	285.6316
89.3617	252	287.0000	285.5965
89.7163	253	289.0000	285.5614
90.0709	254	287.0000	285.5263
90.4255	255	290.0000	285.4912
90.7801	256	290.0000	285.4561
91.1348	257	290.0000	285.4211
91.4894	258	288.0000	285.3860
91.8440	259	287.0000	285.3509
92.1986	260	289.0000	285.3158
92.5532	261	289.0000	285.2807
92.9078	262	289.0000	285.2456
93.2624	263	292.0000	285.2105
93.6170	264	292.0000	285.1754
93.9716	265	287.0000	285.1404
94.3262	266	290.0000	285.1053
94.6809	267	286.0000	285.0702
95.0355	268	288.0000	285.0351
95.3901	269	285.0000	285.0000
95.7447	270	289.0000	285.6923
96.0993	271	286.0000	286.3846
96.4539	272	289.0000	287.0769
96.8085	273	293.0000	287.7692
97.1631	274	289.0000	288.4615
97.5177	275	292.0000	289.1538
97.8723	276	287.0000	289.8462
98.2270	277	290.0000	290.5385
98.5816	278	290.0000	291.2308
98.9362	279	291.0000	291.9231
99.2908	280	295.0000	292.6154
99.6454	281	291.0000	293.3077
100.0000	282	294.0000	294.0000
---------- 8: r1_f8 ----------
Offset(%)	Offset(pix)	Profile	Background
0.0000	0	263.0000	263.0000
0.3546	1	261.0000	262.3333
0.7092	2	257.0000	261.6667
1.0638	3	260.0000	261.0000
1.4184	4	259.0000	260.3333
1.7730	5	262.0000	259.6667
2.1277	6	262.0000	259.0000
2.4823	7	260.0000	258.3333
2.8369	8	258.0000	257.6667
3.1915	9	259.0000	257.0000
3.5461	10	258.0000	256.3333
3.9007	11	255.0000	255.6667
4.2553	12	258.0000	255.0000
4.6099	13	257.0000	254.3333
4.9645	14	257.0000	253.6667
5.3191	15	253.0000	253.0000
5.6738	16	253.0000	253.4483
6.0284	17	258.0000	253.8965
6.3830	18	257.0000	254.3448
6.7376	19	259.0000	254.7931
7.0922	20	261.0000	255.2414
7.4468	21	264.0000	255.6897
7.8014	22	268.0000	256.1379
8.1560	23	275.0000	256.5862
8.5106	24	281.0000	257.0345
8.8652	25	290.0000	257.4828
9.2199	26	310.0000	257.9310
9.5745	27	320.0000	258.3793
9.9291	28	333.0000	258.8276
10.2837	29	342.0000	259.2758
10.6383	30	358.0000	259.7242
10.9929	31	362.0000	260.1724
11.3475	32	377.0000	260.6207
11.7021	33	373.0000	261.0690
12.0567	34	393.0000	261.5172
12.4113	35	383.0000	261.9655
12.7660	36	389.0000	262.4138
13.1206	37	382.0000	262.8621
13.4752	38	372.0000	263.3103
13.8298	39	362.0000	263.7586
14.1844	40	352.0000	264.2069
14.5390	41	342.0000	264.6552
14.8936	42	337.0000	265.1035
15.2482	43	329.0000	265.5517
15.6028	44	322.0000	266.0000
15.9574	45	320.0000	266.4483
16.3121	46	318.0000	266.8965
16.6667	47	312.0000	267.3448
17.0213	48	311.0000	267.7931
17.3759	49	304.0000	268.2414
17.7305	50	302.0000	268.6897
18.0851	51	298.0000	269.1379
18.4397	52	293.0000	269.5862
18.7943	53	296.0000	270.0345
19.1489	54	296.0000	270.4828
19.5035	55	296.0000	270.9310
19.8582	56	295.0000	271.3793
20.2128	57	290.0000	271.8276
20.5674	58	288.0000	272.2758
20.9220	59	290.0000	272.7242
21.2766	60	287.0000	273.1724
21.6312	61	286.0000	273.6207
21.9858	62	287.0000	274.0690
22.3404	63	285.0000	274.5172
22.6950	64	284.0000	274.9655
23.0496	65	281.0000	275.4138
23.4043	66	277.0000	275.8621
23.7589	67	280.0000	276.3103
24.1135	68	278.0000	276.7586
24.4681	69	278.0000	277.2069
24.8227	70	280.0000	277.6552
25.1773	71	277.0000	278.1035
25.5319	72	276.0000	278.5517
25.8865	73	279.0000	279.0000
26.2411	74	279.0000	278.6977
26.5957	75	276.0000	278.3954
26.9504	76	276.0000	278.0930
27.3050	77	270.0000	277.7907
27.6596	78	268.0000	277.4884
28.0142	79	268.0000	277.1860
28.3688	80	270.0000	276.8837
28.7234	81	268.0000	276.5814
29.0780	82	266.0000	276.2791
29.7872	84	267.0000	275.9767
30.1418	85	264.0000	275.6744
30.4965	86	270.0000	275.3721
30.8511	87	269.0000	275.0698
31.2057	88	267.0000	274.7675
31.5603	89	263.0000	274.4651
31.9149	90	264.0000	274.1628
32.2695	91	263.0000	273.8605
32.6241	92	264.0000	273.5581
32.9787	93	262.0000	273.2558
33.3333	94	260.0000	272.9535
33.6879	95	263.0000	272.6512
34.0426	96	265.0000	272.3488
34.3972	97	258.0000	272.0465
34.7518	98	265.0000	271.7442
35.1064	99	261.0000	271.4419
35.4610	100	266.0000	271.1395
35.8156	101	267.0000	270.8372
36.1702	102	265.0000	270.5349
36.5248	103	266.0000	270.2325
36.8794	104	263.0000	269.9302
37.2340	105	265.0000	269.6279
37.5887	106	267.0000	269.3256
37.9433	107	263.0000	269.0233
38.2979	108	269.0000	268.7209
38.6525	109	268.0000	268.4186
39.0071	110	268.0000	268.1163
39.3617	111	269.0000	267.8140
39.7163	112	268.0000	267.5116
40.0709	113	268.0000	267.2093
40.4255	114	270.0000	266.9070
40.7801	115	272.0000	266.6046
41.1348	116	271.0000	266.3023
41.4894	117	266.0000	266.0000
41.8440	118	272.0000	266.5000
42.1986	119	273.0000	267.0000
42.5532	120	271.0000	267.5000
42.9078	121	273.0000	268.0000
43.2624	122	275.0000	268.5000
43.6170	123	276.0000	269.0000
43.9716	124	275.0000	269.5000
44.3262	125	274.0000	270.0000
44.6809	126	273.0000	270.5000
45.0355	127	276.0000	271.0000
45.3901	128	276.0000	271.5000
45.7447	129	277.0000	272.0000
46.0993	130	281.0000	272.5000
46.4539	131	281.0000	273.0000
46.8085	132	282.0000	273.5000
47.1631	133	283.0000	274.0000
47.5177	134	281.0000	274.5000
47.8723	135	286.0000	275.0000
48.2270	136	283.0000	275.5000
48.5816	137	286.0000	276.0000
48.9362	138	285.0000	276.5000
49.2908	139	287.0000	277.0000
49.6454	140	287.0000	277.5000
50.0000	141	284.0000	278.0000
50.3546	142	284.0000	278.5000
50.7092	143	283.0000	279.0000
51.0638	144	289.0000	279.5000
51.4184	145	287.0000	280.0000
51.7730	146	291.0000	280.5000
52.1277	147	288.0000	281.0000
52.4823	148	288.0000	281.5000
52.8369	149	290.0000	282.0000
53.1915	150	287.0000	282.5000
53.5461	151	289.0000	283.0000
53.9007	152	288.0000	283.5000
54.2553	153	291.0000	284.0000
54.6099	154	289.0000	284.5000
54.9645	155	290.0000	285.0000
55.3191	156	288.0000	285.5000
55.6738	157	288.0000	286.0000
56.0284	158	292.0000	286.5000
56.3830	159	289.0000	287.0000
56.7376	160	286.0000	287.5000
57.0922	161	289.0000	288.0000
57.4468	162	292.0000	288.5000
57.8014	163	289.0000	289.0000
58.1560	164	288.0000	289.0748
58.5106	165	290.0000	289.1495
58.8652	166	288.0000	289.2243
59.2199	167	289.0000	289.2991
59.5745	168	290.0000	289.3738
59.9291	169	289.0000	289.4486
60.2837	170	289.0000	289.5234
60.6383	171	294.0000	289.5981
60.9929	172	289.0000	289.6729
61.3475	173	289.0000	289.7477
61.7021	174	291.0000	289.8224
62.0567	175	293.0000	289.8972
62.4113	176	294.0000	289.9720
62.7660	177	294.0000	290.0467
63.1206	178	296.0000	290.1215
63.4752	179	298.0000	290.1963
63.8298	180	294.0000	290.2710
64.1844	181	293.0000	290.3458
64.5390	182	297.0000	290.4206
64.8936	183	296.0000	290.4953
65.2482	184	293.0000	290.5701
65.6028	185	296.0000	290.6449
65.9574	186	294.0000	290.7196
66.3121	187	294.0000	290.7944
66.6667	188	294.0000	290.8692
67.0213	189	295.0000	290.9439
67.3759	190	293.0000	291.0187
67.7305	191	297.0000	291.0934
68.0851	192	299.0000	291.1682
68.4397	193	298.0000	291.2430
68.7943	194	298.0000	291.3177
69.1489	195	300.0000	291.3925
69.5035	196	301.0000	291.4673
69.8582	197	301.0000	291.5421
70.2128	198	301.0000	291.6168
70.5674	199	299.0000	291.6916
70.9220	200	299.0000	291.7664
71.2766	201	302.0000	291.8411
71.6312	202	302.0000	291.9159
71.9858	203	303.0000	291.9907
72.3404	204	302.0000	292.0654
72.6950	205	302.0000	292.1402
73.0496	206	306.0000	292.2150
73.4043	207	303.0000	292.2897
73.7589	208	301.0000	292.3645
74.1135	209	304.0000	292.4392
74.4681	210	307.0000	292.5140
74.8227	211	303.0000	292.5888
75.1773	212	302.0000	292.6635
75.5319	213	303.0000	292.7383
75.8865	214	303.0000	292.8131
76.2411	215	306.0000	292.8878
76.5957	216	304.0000	292.9626
76.9504	217	305.0000	293.0374
77.3050	218	302.0000	293.1122
77.6596	219	300.0000	293.1869
78.0142	220	301.0000	293.2617
78.3688	221	301.0000	293.3365
78.7234	222	304.0000	293.4112
79.0780	223	302.0000	293.4860
79.4326	224	302.0000	293.5608
79.7872	225	301.0000	293.6355
80.1418	226	299.0000	293.7103
80.4965	227	299.0000	293.7850
80.8511	228	297.0000	293.8598
81.2057	229	297.0000	293.9346
81.5603	230	298.0000	294.0093
81.9149	231	302.0000	294.0841
82.2695	232	297.0000	294.1589
82.6241	233	296.0000	294.2336
82.9787	234	297.0000	294.3084
83.3333	235	299.0000	294.3832
83.6879	236	301.0000	294.4579
84.0426	237	301.0000	294.5327
84.3972	238	297.0000	294.6075
84.7518	239	299.0000	294.6823
85.1064	240	299.0000	294.7570
85.4610	241	299.0000	294.8318
85.8156	242	295.0000	294.9066
86.1702	243	294.0000	294.9813
86.5248	244	300.0000	295.0561
86.8794	245	297.0000	295.1308
87.2340	246	292.0000	295.2056
87.5887	247	290.0000	295.2804
87.9433	248	294.0000	295.3551
88.2979	249	294.0000	295.4299
88.6525	250	290.0000	295.5047
89.0071	251	293.0000	295.5794
89.3617	252	291.0000	295.6542
89.7163	253	293.0000	295.7290
90.0709	254	289.0000	295.8037
90.4255	255	293.0000	295.8785
90.7801	256	293.0000	295.9533
91.1348	257	294.0000	296.0280
91.4894	258	295.0000	296.1028
91.8440	259	294.0000	296.1776
92.1986	260	295.0000	296.2523
92.5532	261	297.0000	296.3271
92.9078	262	296.0000	296.4019
93.2624	263	298.0000	296.4766
93.6170	264	296.0000	296.5514
93.9716	265	294.0000	296.6262
94.3262	266	300.0000	296.7009
94.6809	267	301.0000	296.7757
95.0355	268	300.0000	296.8505
95.3901	269	300.0000	296.9252
95.7447	270	297.0000	297.0000
96.0993	271	300.0000	298.4167
96.4539	272	300.0000	299.8333
96.8085	273	303.0000	301.2500
97.1631	274	303.0000	302.6667
97.5177	275	302.0000	304.0833
97.8723	276	303.0000	305.5000
98.2270	277	304.0000	306.9167
98.5816	278	301.0000	308.3333
98.9362	279	309.0000	309.7500
99.2908	280	308.0000	311.1667
99.6454	281	312.0000	312.5833
100.0000	282	314.0000	314.0000
