---------- 1: r2a_b1 ----------
Offset(%)	Offset(pix)	Profile	Background
0.0000	0	73.0000	73.0000
0.2033	1	73.0000	73.0769
0.4065	2	74.0000	73.1538
0.6098	3	73.0000	73.2308
0.8130	4	74.0000	73.3077
1.0163	5	72.0000	73.3846
1.2195	6	73.0000	73.4615
1.4228	7	73.0000	73.5385
1.6260	8	74.0000	73.6154
1.8293	9	74.0000	73.6923
2.0325	10	74.0000	73.7692
2.2358	11	73.0000	73.8462
2.4390	12	74.0000	73.9231
2.6423	13	74.0000	74.0000
2.8455	14	73.0000	74.0078
3.0488	15	74.0000	74.0155
3.2520	16	75.0000	74.0233
3.4553	17	74.0000	74.0310
3.6585	18	76.0000	74.0388
3.8618	19	74.0000	74.0465
4.0650	20	74.0000	74.0543
4.2683	21	74.0000	74.0620
4.4715	22	72.0000	74.0698
4.6748	23	73.0000	74.0775
4.8780	24	76.0000	74.0853
5.0813	25	75.0000	74.0930
5.2846	26	77.0000	74.1008
5.4878	27	77.0000	74.1085
5.6911	28	74.0000	74.1163
5.8943	29	73.0000	74.1240
6.0976	30	73.0000	74.1318
6.3008	31	76.0000	74.1395
6.5041	32	82.0000	74.1473
6.7073	33	111.0000	74.1550
6.9106	34	140.0000	74.1628
7.1138	35	131.0000	74.1705
7.3171	36	104.0000	74.1783
7.5203	37	93.0000	74.1860
7.7236	38	98.0000	74.1938
7.9268	39	104.0000	74.2016
8.1301	40	117.0000	74.2093
8.3333	41	133.0000	74.2171
8.5366	42	160.0000	74.2248
8.7398	43	174.0000	74.2326
8.9431	44	171.0000	74.2403
9.1463	45	156.0000	74.2481
9.3496	46	138.0000	74.2558
9.5528	47	122.0000	74.2636
9.7561	48	116.0000	74.2713
9.9593	49	109.0000	74.2791
10.1626	50	105.0000	74.2868
10.3659	51	104.0000	74.2946
10.5691	52	103.0000	74.3023
10.7724	53	100.0000	74.3101
10.9756	54	99.0000	74.3178
11.1789	55	99.0000	74.3256
11.3821	56	99.0000	74.3333
11.5854	57	96.0000	74.3411
11.7886	58	96.0000	74.3488
11.9919	59	98.0000	74.3566
12.1951	60	97.0000	74.3643
12.3984	61	99.0000	74.3721
12.6016	62	96.0000	74.3798
12.8049	63	97.0000	74.3876
13.0081	64	97.0000	74.3953
13.2114	65	97.0000	74.4031
13.4146	66	98.0000	74.4109
13.6179	67	95.0000	74.4186
13.8211	68	96.0000	74.4264
14.0244	69	94.0000	74.4341
14.2276	70	96.0000	74.4419
14.4309	71	97.0000	74.4496
14.6341	72	97.0000	74.4574
14.8374	73	97.0000	74.4651
15.0407	74	99.0000	74.4729
15.2439	75	102.0000	74.4806
15.4472	76	105.0000	74.4884
15.6504	77	106.0000	74.4961
15.8537	78	110.0000	74.5039
16.0569	79	116.0000	74.5116
16.2602	80	124.0000	74.5194
16.4634	81	132.0000	74.5271
16.6667	82	139.0000	74.5349
16.8699	83	146.0000	74.5426
17.0732	84	168.0000	74.5504
17.2764	85	184.0000	74.5581
17.4797	86	219.0000	74.5659
17.6829	87	268.0000	74.5736
17.8862	88	337.0000	74.5814
18.0894	89	388.0000	74.5891
18.2927	90	420.0000	74.5969
18.4959	91	434.0000	74.6047
18.6992	92	427.0000	74.6124
18.9024	93	398.0000	74.6202
19.1057	94	376.0000	74.6279
19.3089	95	345.0000	74.6357
19.5122	96	313.0000	74.6434
19.7154	97	290.0000	74.6512
19.9187	98	263.0000	74.6589
20.1220	99	239.0000	74.6667
20.3252	100	217.0000	74.6744
20.5285	101	198.0000	74.6822
20.7317	102	180.0000	74.6899
20.9350	103	170.0000	74.6977
21.1382	104	157.0000	74.7054
21.3415	105	143.0000	74.7132
21.5447	106	138.0000	74.7209
21.7480	107	130.0000	74.7287
21.9512	108	124.0000	74.7364
22.1545	109	119.0000	74.7442
22.3577	110	113.0000	74.7519
22.5610	111	111.0000	74.7597
22.7642	112	108.0000	74.7674
22.9675	113	105.0000	74.7752
23.1707	114	102.0000	74.7829
23.3740	115	99.0000	74.7907
23.5772	116	99.0000	74.7984
23.7805	117	95.0000	74.8062
23.9837	118	94.0000	74.8140
24.1870	119	92.0000	74.8217
24.3902	120	91.0000	74.8295
24.5935	121	88.0000	74.8372
24.7967	122	89.0000	74.8450
25.0000	123	89.0000	74.8527
25.2033	124	87.0000	74.8605
25.4065	125	85.0000	74.8682
25.6098	126	84.0000	74.8760
25.8130	127	84.0000	74.8837
26.0163	128	82.0000	74.8915
26.2195	129	82.0000	74.8992
26.4228	130	80.0000	74.9070
26.6260	131	80.0000	74.9147
26.8293	132	80.0000	74.9225
27.0325	133	79.0000	74.9302
27.2358	134	79.0000	74.9380
27.4390	135	78.0000	74.9457
27.6423	136	77.0000	74.9535
27.8455	137	77.0000	74.9612
28.0488	138	76.0000	74.9690
28.2520	139	76.0000	74.9767
28.4553	140	75.0000	74.9845
28.6585	141	74.0000	74.9922
28.8618	142	75.0000	75.0000
29.0650	143	75.0000	74.7667
29.2683	144	74.0000	74.5333
29.4715	145	74.0000	74.3000
29.6748	146	73.0000	74.0667
29.8780	147	74.0000	73.8333
30.0813	148	72.0000	73.6000
30.2846	149	73.0000	73.3667
30.4878	150	71.0000	73.1333
30.6911	151	72.0000	72.9000
30.8943	152	72.0000	72.6667
31.0976	153	72.0000	72.4333
31.3008	154	70.0000	72.2000
31.5041	155	70.0000	71.9667
31.7073	156	71.0000	71.7333
31.9106	157	71.0000	71.5000
32.1138	158	70.0000	71.2667
32.3171	159	70.0000	71.0333
32.5203	160	69.0000	70.8000
32.7236	161	70.0000	70.5667
32.9268	162	71.0000	70.3333
33.1301	163	70.0000	70.1000
33.3333	164	69.0000	69.8667
33.5366	165	71.0000	69.6333
33.7398	166	69.0000	69.4000
33.9431	167	69.0000	69.1667
34.1463	168	69.0000	68.9333
34.3496	169	69.0000	68.7000
34.5528	170	69.0000	68.4667
34.7561	171	69.0000	68.2333
34.9593	172	68.0000	68.0000
35.1626	173	68.0000	67.9444
35.3659	174	69.0000	67.8889
35.5691	175	68.0000	67.8333
35.7724	176	69.0000	67.7778
35.9756	177	69.0000	67.7222
36.1789	178	69.0000	67.6667
36.3821	179	68.0000	67.6111
36.5854	180	68.0000	67.5556
36.7886	181	69.0000	67.5000
36.9919	182	68.0000	67.4444
37.1951	183	68.0000	67.3889
37.3984	184	69.0000	67.3333
37.6016	185	68.0000	67.2778
37.8049	186	68.0000	67.2222
38.0081	187	68.0000	67.1667
38.2114	188	68.0000	67.1111
38.4146	189	68.0000	67.0556
38.6179	190	67.0000	67.0000
38.8211	191	69.0000	66.9630
39.0244	192	67.0000	66.9259
39.2276	193	69.0000	66.8889
39.4309	194	68.0000	66.8519
39.6341	195	68.0000	66.8148
39.8374	196	69.0000	66.7778
40.0407	197	68.0000	66.7407
40.2439	198	68.0000	66.7037
40.4472	199	67.0000	66.6667
40.6504	200	68.0000	66.6296
40.8537	201	67.0000	66.5926
41.0569	202	68.0000	66.5556
41.2602	203	68.0000	66.5185
41.4634	204	69.0000	66.4815
41.6667	205	69.0000	66.4444
41.8699	206	68.0000	66.4074
42.0732	207	67.0000	66.3704
42.2764	208	69.0000	66.3333
42.4797	209	67.0000	66.2963
42.6829	210	70.0000	66.2593
42.8862	211	69.0000	66.2222
43.0894	212	69.0000	66.1852
43.2927	213	69.0000	66.1481
43.4959	214	70.0000	66.1111
43.6992	215	70.0000	66.0741
43.9024	216	68.0000	66.0370
44.1057	217	66.0000	66.0000
44.3089	218	68.0000	66.0000
44.5122	219	68.0000	66.0000
44.7154	220	68.0000	66.0000
44.9187	221	68.0000	66.0000
45.1220	222	68.0000	66.0000
45.3252	223	68.0000	66.0000
45.5285	224	68.0000	66.0000
45.7317	225	67.0000	66.0000
45.9350	226	68.0000	66.0000
46.1382	227	68.0000	66.0000
46.3415	228	68.0000	66.0000
46.5447	229	67.0000	66.0000
46.7480	230	68.0000	66.0000
46.9512	231	68.0000	66.0000
47.1545	232	68.0000	66.0000
47.3577	233	68.0000	66.0000
47.5610	234	68.0000	66.0000
47.7642	235	67.0000	66.0000
47.9675	236	67.0000	66.0000
48.1707	237	67.0000	66.0000
48.3740	238	67.0000	66.0000
48.5772	239	67.0000	66.0000
48.7805	240	68.0000	66.0000
48.9837	241	66.0000	66.0000
49.1870	242	67.0000	66.0000
49.3902	243	69.0000	66.0000
49.5935	244	69.0000	66.0000
49.7967	245	68.0000	66.0000
50.0000	246	68.0000	66.0000
50.2033	247	67.0000	66.0000
50.4065	248	67.0000	66.0000
50.6098	249	67.0000	66.0000
50.8130	250	67.0000	66.0000
51.0163	251	67.0000	66.0000
51.2195	252	68.0000	66.0000
51.4228	253	68.0000	66.0000
51.6260	254	68.0000	66.0000
51.8293	255	67.0000	66.0000
52.0325	256	67.0000	66.0000
52.2358	257	67.0000	66.0000
52.4390	258	67.0000	66.0000
52.6423	259	68.0000	66.0000
52.8455	260	67.0000	66.0000
53.0488	261	68.0000	66.0000
53.2520	262	68.0000	66.0000
53.4553	263	69.0000	66.0000
53.6585	264	69.0000	66.0000
53.8618	265	68.0000	66.0000
54.0650	266	68.0000	66.0000
54.2683	267	67.0000	66.0000
54.4715	268	68.0000	66.0000
54.6748	269	68.0000	66.0000
54.8780	270	67.0000	66.0000
55.0813	271	67.0000	66.0000
55.2846	272	68.0000	66.0000
55.4878	273	67.0000	66.0000
55.6911	274	67.0000	66.0000
55.8943	275	67.0000	66.0000
56.0976	276	68.0000	66.0000
56.3008	277	66.0000	66.0000
56.5041	278	69.0000	66.1071
56.7073	279	67.0000	66.2143
56.9106	280	69.0000	66.3214
57.1138	281	68.0000	66.4286
57.3171	282	69.0000	66.5357
57.5203	283	67.0000	66.6429
57.7236	284	68.0000	66.7500
57.9268	285	67.0000	66.8571
58.1301	286	67.0000	66.9643
58.3333	287	67.0000	67.0714
58.5366	288	68.0000	67.1786
58.7398	289	67.0000	67.2857
58.9431	290	68.0000	67.3929
59.1463	291	67.0000	67.5000
59.3496	292	68.0000	67.6071
59.5528	293	68.0000	67.7143
59.7561	294	67.0000	67.8214
59.9593	295	67.0000	67.9286
60.1626	296	67.0000	68.0357
60.3659	297	66.0000	68.1429
60.5691	298	68.0000	68.2500
60.7724	299	67.0000	68.3571
60.9756	300	68.0000	68.4643
61.1789	301	67.0000	68.5714
61.3821	302	67.0000	68.6786
61.5854	303	69.0000	68.7857
61.7886	304	67.0000	68.8929
61.9919	305	69.0000	69.0000
62.1951	306	68.0000	68.8636
62.3984	307	67.0000	68.7273
62.6016	308	68.0000	68.5909
62.8049	309	67.0000	68.4545
63.0081	310	68.0000	68.3182
63.2114	311	68.0000	68.1818
63.4146	312	68.0000	68.0455
63.6179	313	68.0000	67.9091
63.8211	314	66.0000	67.7727
64.0244	315	69.0000	67.6364
64.2276	316	68.0000	67.5000
64.4309	317	68.0000	67.3636
64.6341	318	67.0000	67.2273
64.8374	319	68.0000	67.0909
65.0407	320	67.0000	66.9545
65.2439	321	67.0000	66.8182
65.4472	322	68.0000	66.6818
65.6504	323	68.0000	66.5455
65.8537	324	68.0000	66.4091
66.0569	325	68.0000	66.2727
66.2602	326	69.0000	66.1364
66.4634	327	66.0000	66.0000
66.6667	328	67.0000	66.0588
66.8699	329	68.0000	66.1176
67.0732	330	68.0000	66.1765
67.2764	331	70.0000	66.2353
67.4797	332	68.0000	66.2941
67.6829	333	67.0000	66.3529
67.8862	334	67.0000	66.4118
68.0894	335	69.0000	66.4706
68.2927	336	67.0000	66.5294
68.4959	337	68.0000	66.5882
68.6992	338	68.0000	66.6471
68.9024	339	68.0000	66.7059
69.1057	340	68.0000	66.7647
69.3089	341	68.0000	66.8235
69.5122	342	68.0000	66.8824
69.7154	343	68.0000	66.9412
69.9187	344	69.0000	67.0000
70.1220	345	68.0000	67.0588
70.3252	346	68.0000	67.1176
70.5285	347	68.0000	67.1765
70.7317	348	67.0000	67.2353
70.9350	349	68.0000	67.2941
71.1382	350	69.0000	67.3529
71.3415	351	69.0000	67.4118
71.5447	352	69.0000	67.4706
71.7480	353	67.0000	67.5294
71.9512	354	68.0000	67.5882
72.1545	355	69.0000	67.6471
72.3577	356	68.0000	67.7059
72.5610	357	67.0000	67.7647
72.7642	358	70.0000	67.8235
72.9675	359	67.0000	67.8824
73.1707	360	69.0000	67.9412
73.3740	361	68.0000	68.0000
73.5772	362	69.0000	68.0333
73.7805	363	68.0000	68.0667
73.9837	364	68.0000	68.1000
74.1870	365	69.0000	68.1333
74.3902	366	69.0000	68.1667
74.5935	367	68.0000	68.2000
74.7967	368	69.0000	68.2333
75.0000	369	69.0000	68.2667
75.2033	370	68.0000	68.3000
75.4065	371	68.0000	68.3333
75.6098	372	69.0000	68.3667
75.8130	373	67.0000	68.4000
76.0163	374	69.0000	68.4333
76.2195	375	69.0000	68.4667
76.4228	376	67.0000	68.5000
76.6260	377	67.0000	68.5333
76.8293	378	69.0000	68.5667
77.0325	379	69.0000	68.6000
77.2358	380	69.0000	68.6333
77.4390	381	68.0000	68.6667
77.6423	382	68.0000	68.7000
77.8455	383	69.0000	68.7333
78.0488	384	69.0000	68.7667
78.2520	385	69.0000	68.8000
78.4553	386	68.0000	68.8333
78.6585	387	69.0000	68.8667
78.8618	388	69.0000	68.9000
79.0650	389	68.0000	68.9333
79.2683	390	69.0000	68.9667
79.4715	391	69.0000	69.0000
79.6748	392	68.0000	69.0000
79.8780	393	69.0000	69.0000
80.0813	394	69.0000	69.0000
80.2846	395	68.0000	69.0000
80.4878	396	68.0000	69.0000
80.6911	397	69.0000	69.0000
80.8943	398	70.0000	69.0000
81.0976	399	69.0000	69.0000
81.3008	400	68.0000	69.0000
81.5041	401	68.0000	69.0000
81.7073	402	69.0000	69.0000
81.9106	403	70.0000	69.0000
82.1138	404	69.0000	69.0000
82.3171	405	68.0000	69.0000
82.5203	406	69.0000	69.0000
82.7236	407	69.0000	69.0000
82.9268	408	69.0000	69.0000
83.1301	409	69.0000	69.0000
83.3333	410	68.0000	69.0000
83.5366	411	69.0000	69.0000
83.7398	412	69.0000	69.0000
83.9431	413	70.0000	69.0000
84.1463	414	70.0000	69.0000
84.3496	415	69.0000	69.0000
84.5528	416	69.0000	69.0000
84.7561	417	68.0000	69.0000
84.9593	418	69.0000	69.0000
85.1626	419	69.0000	69.0000
85.3659	420	68.0000	69.0000
85.5691	421	69.0000	69.0000
85.7724	422	70.0000	69.0455
85.9756	423	70.0000	69.0909
86.1789	424	69.0000	69.1364
86.3821	425	68.0000	69.1818
86.5854	426	69.0000	69.2273
86.7886	427	68.0000	69.2727
86.9919	428	70.0000	69.3182
87.1951	429	68.0000	69.3636
87.3984	430	69.0000	69.4091
87.6016	431	70.0000	69.4545
87.8049	432	69.0000	69.5000
88.0081	433	69.0000	69.5455
88.2114	434	69.0000	69.5909
88.4146	435	69.0000	69.6364
88.6179	436	69.0000	69.6818
88.8211	437	69.0000	69.7273
89.0244	438	68.0000	69.7727
89.2276	439	69.0000	69.8182
89.4309	440	69.0000	69.8636
89.6341	441	69.0000	69.9091
89.8374	442	69.0000	69.9545
90.0407	443	70.0000	70.0000
90.2439	444	69.0000	69.9333
90.4472	445	70.0000	69.8667
90.6504	446	70.0000	69.8000
90.8537	447	69.0000	69.7333
91.0569	448	69.0000	69.6667
91.2602	449	68.0000	69.6000
91.4634	450	69.0000	69.5333
91.6667	451	70.0000	69.4667
91.8699	452	70.0000	69.4000
92.0732	453	69.0000	69.3333
92.2764	454	70.0000	69.2667
92.4797	455	69.0000	69.2000
92.6829	456	70.0000	69.1333
92.8862	457	70.0000	69.0667
93.0894	458	71.0000	69.0000
93.2927	459	69.0000	68.9333
93.4959	460	70.0000	68.8667
93.6992	461	70.0000	68.8000
93.9024	462	70.0000	68.7333
94.1057	463	70.0000	68.6667
94.3089	464	70.0000	68.6000
94.5122	465	71.0000	68.5333
94.7154	466	71.0000	68.4667
94.9187	467	70.0000	68.4000
95.1220	468	69.0000	68.3333
95.3252	469	71.0000	68.2667
95.5285	470	70.0000	68.2000
95.7317	471	70.0000	68.1333
95.9350	472	69.0000	68.0667
96.1382	473	68.0000	68.0000
96.3415	474	69.0000	68.0526
96.5447	475	70.0000	68.1053
96.7480	476	70.0000	68.1579
96.9512	477	70.0000	68.2105
97.1545	478	69.0000	68.2632
97.3577	479	70.0000	68.3158
97.5610	480	70.0000	68.3684
97.7642	481	71.0000	68.4211
97.9675	482	69.0000	68.4737
98.1707	483	70.0000	68.5263
98.3740	484	70.0000	68.5789
98.5772	485	70.0000	68.6316
98.7805	486	70.0000	68.6842
98.9837	487	69.0000	68.7368
99.1870	488	69.0000	68.7895
99.3902	489	70.0000	68.8421
99.5935	490	70.0000	68.8947
99.7967	491	70.0000	68.9474
100.0000	492	69.0000	69.0000
---------- 2: r2a_b2 ----------
Offset(%)	Offset(pix)	Profile	Background
0.0000	0	75.0000	75.0000
0.2033	1	74.0000	74.7727
0.4065	2	74.0000	74.5455
0.6098	3	73.0000	74.3182
0.8130	4	73.0000	74.0909
1.0163	5	73.0000	73.8636
1.2195	6	74.0000	73.6364
1.4228	7	75.0000	73.4091
1.6260	8	74.0000	73.1818
1.8293	9	75.0000	72.9545
2.0325	10	75.0000	72.7273
2.2358	11	75.0000	72.5000
2.4390	12	75.0000	72.2727
2.6423	13	75.0000	72.0455
2.8455	14	75.0000	71.8182
3.0488	15	76.0000	71.5909
3.2520	16	74.0000	71.3636
3.4553	17	76.0000	71.1364
3.6585	18	76.0000	70.9091
3.8618	19	73.0000	70.6818
4.0650	20	74.0000	70.4545
4.2683	21	71.0000	70.2273
4.4715	22	70.0000	70.0000
4.6748	23	70.0000	70.0400
4.8780	24	73.0000	70.0800
5.0813	25	77.0000	70.1200
5.2846	26	79.0000	70.1600
5.4878	27	80.0000	70.2000
5.6911	28	76.0000	70.2400
5.8943	29	73.0000	70.2800
6.0976	30	73.0000	70.3200
6.3008	31	73.0000	70.3600
6.5041	32	71.0000	70.4000
6.7073	33	74.0000	70.4400
6.9106	34	76.0000	70.4800
7.1138	35	79.0000	70.5200
7.3171	36	80.0000	70.5600
7.5203	37	83.0000	70.6000
7.7236	38	85.0000	70.6400
7.9268	39	84.0000	70.6800
8.1301	40	80.0000	70.7200
8.3333	41	79.0000	70.7600
8.5366	42	75.0000	70.8000
8.7398	43	76.0000	70.8400
8.9431	44	78.0000	70.8800
9.1463	45	77.0000	70.9200
9.3496	46	77.0000	70.9600
9.5528	47	76.0000	71.0000
9.7561	48	75.0000	71.0400
9.9593	49	76.0000	71.0800
10.1626	50	75.0000	71.1200
10.3659	51	76.0000	71.1600
10.5691	52	76.0000	71.2000
10.7724	53	74.0000	71.2400
10.9756	54	75.0000	71.2800
11.1789	55	77.0000	71.3200
11.3821	56	75.0000	71.3600
11.5854	57	75.0000	71.4000
11.7886	58	76.0000	71.4400
11.9919	59	75.0000	71.4800
12.1951	60	75.0000	71.5200
12.3984	61	75.0000	71.5600
12.6016	62	75.0000	71.6000
12.8049	63	75.0000	71.6400
13.0081	64	74.0000	71.6800
13.2114	65	74.0000	71.7200
13.4146	66	76.0000	71.7600
13.6179	67	73.0000	71.8000
13.8211	68	74.0000	71.8400
14.0244	69	74.0000	71.8800
14.2276	70	74.0000	71.9200
14.4309	71	74.0000	71.9600
14.6341	72	72.0000	72.0000
14.8374	73	75.0000	72.5333
15.0407	74	75.0000	73.0667
15.2439	75	75.0000	73.6000
15.4472	76	74.0000	74.1333
15.6504	77	73.0000	74.6667
15.8537	78	75.0000	75.2000
16.0569	79	75.0000	75.7333
16.2602	80	75.0000	76.2667
16.4634	81	76.0000	76.8000
16.6667	82	76.0000	77.3333
16.8699	83	77.0000	77.8667
17.0732	84	80.0000	78.4000
17.2764	85	78.0000	78.9333
17.4797	86	80.0000	79.4667
17.6829	87	80.0000	80.0000
17.8862	88	83.0000	80.0926
18.0894	89	84.0000	80.1852
18.2927	90	85.0000	80.2778
18.4959	91	86.0000	80.3704
18.6992	92	89.0000	80.4630
18.9024	93	91.0000	80.5556
19.1057	94	93.0000	80.6481
19.3089	95	94.0000	80.7407
19.5122	96	96.0000	80.8333
19.7154	97	98.0000	80.9259
19.9187	98	99.0000	81.0185
20.1220	99	99.0000	81.1111
20.3252	100	99.0000	81.2037
20.5285	101	101.0000	81.2963
20.7317	102	102.0000	81.3889
20.9350	103	103.0000	81.4815
21.1382	104	99.0000	81.5741
21.3415	105	100.0000	81.6667
21.5447	106	102.0000	81.7593
21.7480	107	100.0000	81.8519
21.9512	108	100.0000	81.9444
22.1545	109	102.0000	82.0370
22.3577	110	99.0000	82.1296
22.5610	111	99.0000	82.2222
22.7642	112	99.0000	82.3148
22.9675	113	100.0000	82.4074
23.1707	114	96.0000	82.5000
23.3740	115	98.0000	82.5926
23.5772	116	98.0000	82.6852
23.7805	117	97.0000	82.7778
23.9837	118	97.0000	82.8704
24.1870	119	95.0000	82.9630
24.3902	120	95.0000	83.0556
24.5935	121	94.0000	83.1481
24.7967	122	93.0000	83.2407
25.0000	123	93.0000	83.3333
25.2033	124	95.0000	83.4259
25.4065	125	92.0000	83.5185
25.6098	126	93.0000	83.6111
25.8130	127	92.0000	83.7037
26.0163	128	93.0000	83.7963
26.2195	129	90.0000	83.8889
26.4228	130	90.0000	83.9815
26.6260	131	89.0000	84.0741
26.8293	132	91.0000	84.1667
27.0325	133	89.0000	84.2593
27.2358	134	89.0000	84.3519
27.4390	135	88.0000	84.4444
27.6423	136	87.0000	84.5370
27.8455	137	89.0000	84.6296
28.0488	138	88.0000	84.7222
28.2520	139	86.0000	84.8148
28.4553	140	85.0000	84.9074
28.6585	141	85.0000	85.0000
28.8618	142	86.0000	84.7407
29.0650	143	85.0000	84.4815
29.2683	144	86.0000	84.2222
29.4715	145	84.0000	83.9630
29.6748	146	85.0000	83.7037
29.8780	147	83.0000	83.4444
30.0813	148	84.0000	83.1852
30.2846	149	84.0000	82.9259
30.4878	150	83.0000	82.6667
30.6911	151	83.0000	82.4074
30.8943	152	83.0000	82.1481
31.0976	153	83.0000	81.8889
31.3008	154	81.0000	81.6296
31.5041	155	82.0000	81.3704
31.7073	156	83.0000	81.1111
31.9106	157	81.0000	80.8519
32.1138	158	80.0000	80.5926
32.3171	159	80.0000	80.3333
32.5203	160	80.0000	80.0741
32.7236	161	82.0000	79.8148
32.9268	162	81.0000	79.5556
33.1301	163	80.0000	79.2963
33.3333	164	78.0000	79.0370
33.5366	165	81.0000	78.7778
33.7398	166	80.0000	78.5185
33.9431	167	82.0000	78.2593
34.1463	168	78.0000	78.0000
34.3496	169	78.0000	77.9118
34.5528	170	80.0000	77.8235
34.7561	171	79.0000	77.7353
34.9593	172	79.0000	77.6471
35.1626	173	78.0000	77.5588
35.3659	174	81.0000	77.4706
35.5691	175	78.0000	77.3824
35.7724	176	79.0000	77.2941
35.9756	177	78.0000	77.2059
36.1789	178	78.0000	77.1176
36.3821	179	78.0000	77.0294
36.5854	180	78.0000	76.9412
36.7886	181	79.0000	76.8529
36.9919	182	78.0000	76.7647
37.1951	183	76.0000	76.6765
37.3984	184	78.0000	76.5882
37.6016	185	79.0000	76.5000
37.8049	186	79.0000	76.4118
38.0081	187	78.0000	76.3235
38.2114	188	77.0000	76.2353
38.4146	189	79.0000	76.1471
38.6179	190	78.0000	76.0588
38.8211	191	78.0000	75.9706
39.0244	192	78.0000	75.8824
39.2276	193	77.0000	75.7941
39.4309	194	77.0000	75.7059
39.6341	195	78.0000	75.6176
39.8374	196	78.0000	75.5294
40.0407	197	77.0000	75.4412
40.2439	198	76.0000	75.3529
40.4472	199	78.0000	75.2647
40.6504	200	76.0000	75.1765
40.8537	201	76.0000	75.0882
41.0569	202	75.0000	75.0000
41.2602	203	76.0000	75.0000
41.4634	204	77.0000	75.0000
41.6667	205	76.0000	75.0000
41.8699	206	76.0000	75.0000
42.0732	207	77.0000	75.0000
42.2764	208	76.0000	75.0000
42.4797	209	76.0000	75.0000
42.6829	210	77.0000	75.0000
42.8862	211	76.0000	75.0000
43.0894	212	74.0000	75.0000
43.2927	213	75.0000	75.0000
43.4959	214	75.0000	75.0000
43.6992	215	76.0000	75.0000
43.9024	216	74.0000	75.0000
44.1057	217	74.0000	75.0000
44.3089	218	74.0000	75.0000
44.5122	219	76.0000	75.0000
44.7154	220	75.0000	75.0000
44.9187	221	75.0000	75.0000
45.1220	222	75.0000	74.9333
45.3252	223	76.0000	74.8667
45.5285	224	74.0000	74.8000
45.7317	225	75.0000	74.7333
45.9350	226	74.0000	74.6667
46.1382	227	75.0000	74.6000
46.3415	228	74.0000	74.5333
46.5447	229	75.0000	74.4667
46.7480	230	75.0000	74.4000
46.9512	231	74.0000	74.3333
47.1545	232	75.0000	74.2667
47.3577	233	75.0000	74.2000
47.5610	234	74.0000	74.1333
47.7642	235	74.0000	74.0667
47.9675	236	74.0000	74.0000
48.1707	237	74.0000	73.9333
48.3740	238	76.0000	73.8667
48.5772	239	75.0000	73.8000
48.7805	240	75.0000	73.7333
48.9837	241	74.0000	73.6667
49.1870	242	74.0000	73.6000
49.3902	243	75.0000	73.5333
49.5935	244	75.0000	73.4667
49.7967	245	74.0000	73.4000
50.0000	246	74.0000	73.3333
50.2033	247	73.0000	73.2667
50.4065	248	73.0000	73.2000
50.6098	249	74.0000	73.1333
50.8130	250	72.0000	73.0667
51.0163	251	73.0000	73.0000
51.2195	252	72.0000	72.9231
51.4228	253	74.0000	72.8462
51.6260	254	74.0000	72.7692
51.8293	255	73.0000	72.6923
52.0325	256	73.0000	72.6154
52.2358	257	73.0000	72.5385
52.4390	258	74.0000	72.4615
52.6423	259	73.0000	72.3846
52.8455	260	73.0000	72.3077
53.0488	261	73.0000	72.2308
53.2520	262	72.0000	72.1538
53.4553	263	73.0000	72.0769
53.6585	264	73.0000	72.0000
53.8618	265	73.0000	71.9231
54.0650	266	72.0000	71.8462
54.2683	267	72.0000	71.7692
54.4715	268	73.0000	71.6923
54.6748	269	71.0000	71.6154
54.8780	270	71.0000	71.5385
55.0813	271	72.0000	71.4615
55.2846	272	72.0000	71.3846
55.4878	273	72.0000	71.3077
55.6911	274	71.0000	71.2308
55.8943	275	71.0000	71.1538
56.0976	276	71.0000	71.0769
56.3008	277	71.0000	71.0000
56.5041	278	72.0000	70.9737
56.7073	279	71.0000	70.9474
56.9106	280	72.0000	70.9211
57.1138	281	72.0000	70.8947
57.3171	282	71.0000	70.8684
57.5203	283	72.0000	70.8421
57.7236	284	71.0000	70.8158
57.9268	285	71.0000	70.7895
58.1301	286	71.0000	70.7632
58.3333	287	72.0000	70.7368
58.5366	288	72.0000	70.7105
58.7398	289	72.0000	70.6842
58.9431	290	70.0000	70.6579
59.1463	291	72.0000	70.6316
59.3496	292	71.0000	70.6053
59.5528	293	71.0000	70.5789
59.7561	294	73.0000	70.5526
59.9593	295	73.0000	70.5263
60.1626	296	72.0000	70.5000
60.3659	297	71.0000	70.4737
60.5691	298	71.0000	70.4474
60.7724	299	72.0000	70.4211
60.9756	300	71.0000	70.3947
61.1789	301	73.0000	70.3684
61.3821	302	72.0000	70.3421
61.5854	303	72.0000	70.3158
61.7886	304	71.0000	70.2895
61.9919	305	71.0000	70.2632
62.1951	306	72.0000	70.2368
62.3984	307	71.0000	70.2105
62.6016	308	70.0000	70.1842
62.8049	309	71.0000	70.1579
63.0081	310	70.0000	70.1316
63.2114	311	70.0000	70.1053
63.4146	312	70.0000	70.0789
63.6179	313	69.0000	70.0526
63.8211	314	69.0000	70.0263
64.0244	315	70.0000	70.0000
64.2276	316	70.0000	69.8710
64.4309	317	69.0000	69.7419
64.6341	318	69.0000	69.6129
64.8374	319	68.0000	69.4839
65.0407	320	70.0000	69.3548
65.2439	321	70.0000	69.2258
65.4472	322	69.0000	69.0968
65.6504	323	70.0000	68.9677
65.8537	324	69.0000	68.8387
66.0569	325	68.0000	68.7097
66.2602	326	68.0000	68.5806
66.4634	327	69.0000	68.4516
66.6667	328	68.0000	68.3226
66.8699	329	69.0000	68.1936
67.0732	330	69.0000	68.0645
67.2764	331	69.0000	67.9355
67.4797	332	68.0000	67.8064
67.6829	333	69.0000	67.6774
67.8862	334	69.0000	67.5484
68.0894	335	68.0000	67.4194
68.2927	336	70.0000	67.2903
68.4959	337	69.0000	67.1613
68.6992	338	69.0000	67.0323
68.9024	339	68.0000	66.9032
69.1057	340	69.0000	66.7742
69.3089	341	70.0000	66.6452
69.5122	342	69.0000	66.5161
69.7154	343	69.0000	66.3871
69.9187	344	69.0000	66.2581
70.1220	345	68.0000	66.1290
70.3252	346	66.0000	66.0000
70.5285	347	69.0000	66.1333
70.7317	348	68.0000	66.2667
70.9350	349	69.0000	66.4000
71.1382	350	69.0000	66.5333
71.3415	351	68.0000	66.6667
71.5447	352	67.0000	66.8000
71.7480	353	69.0000	66.9333
71.9512	354	70.0000	67.0667
72.1545	355	70.0000	67.2000
72.3577	356	69.0000	67.3333
72.5610	357	69.0000	67.4667
72.7642	358	69.0000	67.6000
72.9675	359	69.0000	67.7333
73.1707	360	68.0000	67.8667
73.3740	361	68.0000	68.0000
73.5772	362	69.0000	68.0400
73.7805	363	69.0000	68.0800
73.9837	364	69.0000	68.1200
74.1870	365	68.0000	68.1600
74.3902	366	69.0000	68.2000
74.5935	367	68.0000	68.2400
74.7967	368	68.0000	68.2800
75.0000	369	69.0000	68.3200
75.2033	370	70.0000	68.3600
75.4065	371	69.0000	68.4000
75.6098	372	69.0000	68.4400
75.8130	373	67.0000	68.4800
76.0163	374	68.0000	68.5200
76.2195	375	69.0000	68.5600
76.4228	376	69.0000	68.6000
76.6260	377	68.0000	68.6400
76.8293	378	69.0000	68.6800
77.0325	379	68.0000	68.7200
77.2358	380	70.0000	68.7600
77.4390	381	69.0000	68.8000
77.6423	382	68.0000	68.8400
77.8455	383	69.0000	68.8800
78.0488	384	69.0000	68.9200
78.2520	385	68.0000	68.9600
78.4553	386	69.0000	69.0000
78.6585	387	69.0000	68.9655
78.8618	388	67.0000	68.9310
79.0650	389	69.0000	68.8966
79.2683	390	69.0000	68.8621
79.4715	391	69.0000	68.8276
79.6748	392	70.0000	68.7931
79.8780	393	68.0000	68.7586
80.0813	394	70.0000	68.7241
80.2846	395	69.0000	68.6897
80.4878	396	69.0000	68.6552
80.6911	397	70.0000	68.6207
80.8943	398	69.0000	68.5862
81.0976	399	69.0000	68.5517
81.3008	400	69.0000	68.5172
81.5041	401	68.0000	68.4828
81.7073	402	69.0000	68.4483
81.9106	403	70.0000	68.4138
82.1138	404	70.0000	68.3793
82.3171	405	69.0000	68.3448
82.5203	406	69.0000	68.3103
82.7236	407	70.0000	68.2759
82.9268	408	70.0000	68.2414
83.1301	409	69.0000	68.2069
83.3333	410	68.0000	68.1724
83.5366	411	68.0000	68.1379
83.7398	412	68.0000	68.1034
83.9431	413	70.0000	68.0690
84.1463	414	69.0000	68.0345
84.3496	415	68.0000	68.0000
84.5528	416	69.0000	68.0811
84.7561	417	70.0000	68.1622
84.9593	418	70.0000	68.2432
85.1626	419	69.0000	68.3243
85.3659	420	69.0000	68.4054
85.5691	421	69.0000	68.4865
85.7724	422	69.0000	68.5676
85.9756	423	69.0000	68.6487
86.1789	424	69.0000	68.7297
86.3821	425	70.0000	68.8108
86.5854	426	70.0000	68.8919
86.7886	427	69.0000	68.9730
86.9919	428	70.0000	69.0541
87.1951	429	69.0000	69.1351
87.3984	430	68.0000	69.2162
87.6016	431	71.0000	69.2973
87.8049	432	71.0000	69.3784
88.0081	433	71.0000	69.4595
88.2114	434	70.0000	69.5405
88.4146	435	70.0000	69.6216
88.6179	436	70.0000	69.7027
88.8211	437	70.0000	69.7838
89.0244	438	70.0000	69.8649
89.2276	439	70.0000	69.9459
89.4309	440	70.0000	70.0270
89.6341	441	70.0000	70.1081
89.8374	442	71.0000	70.1892
90.0407	443	69.0000	70.2703
90.2439	444	69.0000	70.3513
90.4472	445	70.0000	70.4324
90.6504	446	70.0000	70.5135
90.8537	447	70.0000	70.5946
91.0569	448	70.0000	70.6757
91.2602	449	69.0000	70.7568
91.4634	450	72.0000	70.8378
91.6667	451	72.0000	70.9189
91.8699	452	71.0000	71.0000
92.0732	453	70.0000	70.9630
92.2764	454	70.0000	70.9259
92.4797	455	69.0000	70.8889
92.6829	456	70.0000	70.8519
92.8862	457	70.0000	70.8148
93.0894	458	70.0000	70.7778
93.2927	459	70.0000	70.7407
93.4959	460	70.0000	70.7037
93.6992	461	70.0000	70.6667
93.9024	462	69.0000	70.6296
94.1057	463	69.0000	70.5926
94.3089	464	70.0000	70.5556
94.5122	465	70.0000	70.5185
94.7154	466	69.0000	70.4815
94.9187	467	69.0000	70.4444
95.1220	468	71.0000	70.4074
95.3252	469	70.0000	70.3704
95.5285	470	71.0000	70.3333
95.7317	471	69.0000	70.2963
95.9350	472	70.0000	70.2593
96.1382	473	69.0000	70.2222
96.3415	474	70.0000	70.1852
96.5447	475	70.0000	70.1481
96.7480	476	69.0000	70.1111
96.9512	477	71.0000	70.0741
97.1545	478	70.0000	70.0370
97.3577	479	70.0000	70.0000
97.5610	480	71.0000	69.9231
97.7642	481	69.0000	69.8462
97.9675	482	70.0000	69.7692
98.1707	483	69.0000	69.6923
98.3740	484	70.0000	69.6154
98.5772	485	69.0000	69.5385
98.7805	486	69.0000	69.4615
98.9837	487	69.0000	69.3846
99.1870	488	69.0000	69.3077
99.3902	489	71.0000	69.2308
99.5935	490	70.0000	69.1538
99.7967	491	70.0000	69.0769
100.0000	492	69.0000	69.0000
---------- 3: r2a_b3 ----------
Offset(%)	Offset(pix)	Profile	Background
0.0000	0	76.0000	76.0000
0.2033	1	74.0000	75.6522
0.4065	2	76.0000	75.3043
0.6098	3	74.0000	74.9565
0.8130	4	74.0000	74.6087
1.0163	5	75.0000	74.2609
1.2195	6	73.0000	73.9130
1.4228	7	75.0000	73.5652
1.6260	8	74.0000	73.2174
1.8293	9	74.0000	72.8696
2.0325	10	74.0000	72.5217
2.2358	11	76.0000	72.1739
2.4390	12	74.0000	71.8261
2.6423	13	75.0000	71.4783
2.8455	14	75.0000	71.1304
3.0488	15	74.0000	70.7826
3.2520	16	75.0000	70.4348
3.4553	17	74.0000	70.0870
3.6585	18	74.0000	69.7391
3.8618	19	75.0000	69.3913
4.0650	20	75.0000	69.0435
4.2683	21	72.0000	68.6956
4.4715	22	72.0000	68.3478
4.6748	23	68.0000	68.0000
4.8780	24	70.0000	68.3750
5.0813	25	76.0000	68.7500
5.2846	26	79.0000	69.1250
5.4878	27	78.0000	69.5000
5.6911	28	76.0000	69.8750
5.8943	29	73.0000	70.2500
6.0976	30	71.0000	70.6250
6.3008	31	71.0000	71.0000
6.5041	32	71.0000	71.0419
6.7073	33	71.0000	71.0838
6.9106	34	74.0000	71.1257
7.1138	35	79.0000	71.1677
7.3171	36	80.0000	71.2096
7.5203	37	79.0000	71.2515
7.7236	38	82.0000	71.2934
7.9268	39	80.0000	71.3353
8.1301	40	78.0000	71.3772
8.3333	41	74.0000	71.4192
8.5366	42	75.0000	71.4611
8.7398	43	77.0000	71.5030
8.9431	44	76.0000	71.5449
9.1463	45	76.0000	71.5868
9.3496	46	75.0000	71.6287
9.5528	47	76.0000	71.6707
9.7561	48	73.0000	71.7126
9.9593	49	75.0000	71.7545
10.1626	50	76.0000	71.7964
10.3659	51	75.0000	71.8383
10.5691	52	75.0000	71.8802
10.7724	53	73.0000	71.9222
10.9756	54	76.0000	71.9641
11.1789	55	74.0000	72.0060
11.3821	56	74.0000	72.0479
11.5854	57	75.0000	72.0898
11.7886	58	74.0000	72.1317
11.9919	59	75.0000	72.1737
12.1951	60	76.0000	72.2156
12.3984	61	75.0000	72.2575
12.6016	62	74.0000	72.2994
12.8049	63	74.0000	72.3413
13.0081	64	75.0000	72.3832
13.2114	65	74.0000	72.4251
13.4146	66	74.0000	72.4671
13.6179	67	73.0000	72.5090
13.8211	68	75.0000	72.5509
14.0244	69	75.0000	72.5928
14.2276	70	73.0000	72.6347
14.4309	71	73.0000	72.6766
14.6341	72	74.0000	72.7186
14.8374	73	74.0000	72.7605
15.0407	74	75.0000	72.8024
15.2439	75	74.0000	72.8443
15.4472	76	75.0000	72.8862
15.6504	77	74.0000	72.9281
15.8537	78	77.0000	72.9701
16.0569	79	77.0000	73.0120
16.2602	80	77.0000	73.0539
16.4634	81	77.0000	73.0958
16.6667	82	78.0000	73.1377
16.8699	83	80.0000	73.1796
17.0732	84	79.0000	73.2216
17.2764	85	80.0000	73.2635
17.4797	86	78.0000	73.3054
17.6829	87	82.0000	73.3473
17.8862	88	83.0000	73.3892
18.0894	89	84.0000	73.4311
18.2927	90	86.0000	73.4731
18.4959	91	88.0000	73.5150
18.6992	92	87.0000	73.5569
18.9024	93	90.0000	73.5988
19.1057	94	93.0000	73.6407
19.3089	95	94.0000	73.6826
19.5122	96	95.0000	73.7245
19.7154	97	99.0000	73.7665
19.9187	98	99.0000	73.8084
20.1220	99	100.0000	73.8503
20.3252	100	99.0000	73.8922
20.5285	101	102.0000	73.9341
20.7317	102	102.0000	73.9761
20.9350	103	102.0000	74.0180
21.1382	104	102.0000	74.0599
21.3415	105	100.0000	74.1018
21.5447	106	100.0000	74.1437
21.7480	107	101.0000	74.1856
21.9512	108	99.0000	74.2275
22.1545	109	98.0000	74.2695
22.3577	110	101.0000	74.3114
22.5610	111	99.0000	74.3533
22.7642	112	98.0000	74.3952
22.9675	113	98.0000	74.4371
23.1707	114	98.0000	74.4790
23.3740	115	97.0000	74.5210
23.5772	116	97.0000	74.5629
23.7805	117	96.0000	74.6048
23.9837	118	95.0000	74.6467
24.1870	119	94.0000	74.6886
24.3902	120	94.0000	74.7305
24.5935	121	95.0000	74.7725
24.7967	122	95.0000	74.8144
25.0000	123	94.0000	74.8563
25.2033	124	94.0000	74.8982
25.4065	125	92.0000	74.9401
25.6098	126	93.0000	74.9820
25.8130	127	92.0000	75.0239
26.0163	128	92.0000	75.0659
26.2195	129	91.0000	75.1078
26.4228	130	91.0000	75.1497
26.6260	131	90.0000	75.1916
26.8293	132	89.0000	75.2335
27.0325	133	89.0000	75.2755
27.2358	134	87.0000	75.3174
27.4390	135	86.0000	75.3593
27.6423	136	86.0000	75.4012
27.8455	137	88.0000	75.4431
28.0488	138	88.0000	75.4850
28.2520	139	84.0000	75.5269
28.4553	140	86.0000	75.5689
28.6585	141	85.0000	75.6108
28.8618	142	86.0000	75.6527
29.0650	143	85.0000	75.6946
29.2683	144	85.0000	75.7365
29.4715	145	85.0000	75.7784
29.6748	146	84.0000	75.8204
29.8780	147	83.0000	75.8623
30.0813	148	82.0000	75.9042
30.2846	149	83.0000	75.9461
30.4878	150	82.0000	75.9880
30.6911	151	81.0000	76.0299
30.8943	152	82.0000	76.0719
31.0976	153	81.0000	76.1138
31.3008	154	81.0000	76.1557
31.5041	155	81.0000	76.1976
31.7073	156	82.0000	76.2395
31.9106	157	81.0000	76.2814
32.1138	158	81.0000	76.3234
32.3171	159	80.0000	76.3653
32.5203	160	80.0000	76.4072
32.7236	161	82.0000	76.4491
32.9268	162	81.0000	76.4910
33.1301	163	79.0000	76.5329
33.3333	164	80.0000	76.5749
33.5366	165	80.0000	76.6168
33.7398	166	80.0000	76.6587
33.9431	167	79.0000	76.7006
34.1463	168	80.0000	76.7425
34.3496	169	79.0000	76.7844
34.5528	170	81.0000	76.8263
34.7561	171	79.0000	76.8683
34.9593	172	79.0000	76.9102
35.1626	173	77.0000	76.9521
35.3659	174	79.0000	76.9940
35.5691	175	78.0000	77.0359
35.7724	176	78.0000	77.0778
35.9756	177	79.0000	77.1198
36.1789	178	79.0000	77.1617
36.3821	179	77.0000	77.2036
36.5854	180	78.0000	77.2455
36.7886	181	79.0000	77.2874
36.9919	182	78.0000	77.3293
37.1951	183	77.0000	77.3713
37.3984	184	78.0000	77.4132
37.6016	185	78.0000	77.4551
37.8049	186	77.0000	77.4970
38.0081	187	78.0000	77.5389
38.2114	188	78.0000	77.5808
38.4146	189	77.0000	77.6228
38.6179	190	78.0000	77.6647
38.8211	191	77.0000	77.7066
39.0244	192	77.0000	77.7485
39.2276	193	76.0000	77.7904
39.4309	194	77.0000	77.8323
39.6341	195	76.0000	77.8743
39.8374	196	78.0000	77.9162
40.0407	197	76.0000	77.9581
40.2439	198	78.0000	78.0000
40.4472	199	77.0000	77.8261
40.6504	200	76.0000	77.6522
40.8537	201	76.0000	77.4783
41.0569	202	76.0000	77.3043
41.2602	203	77.0000	77.1304
41.4634	204	78.0000	76.9565
41.6667	205	76.0000	76.7826
41.8699	206	75.0000	76.6087
42.0732	207	76.0000	76.4348
42.2764	208	76.0000	76.2609
42.4797	209	76.0000	76.0870
42.6829	210	76.0000	75.9130
42.8862	211	74.0000	75.7391
43.0894	212	74.0000	75.5652
43.2927	213	76.0000	75.3913
43.4959	214	76.0000	75.2174
43.6992	215	76.0000	75.0435
43.9024	216	75.0000	74.8696
44.1057	217	75.0000	74.6957
44.3089	218	76.0000	74.5217
44.5122	219	74.0000	74.3478
44.7154	220	74.0000	74.1739
44.9187	221	74.0000	74.0000
45.1220	222	74.0000	73.9231
45.3252	223	75.0000	73.8462
45.5285	224	74.0000	73.7692
45.7317	225	75.0000	73.6923
45.9350	226	74.0000	73.6154
46.1382	227	75.0000	73.5385
46.3415	228	75.0000	73.4615
46.5447	229	75.0000	73.3846
46.7480	230	74.0000	73.3077
46.9512	231	74.0000	73.2308
47.1545	232	75.0000	73.1538
47.3577	233	74.0000	73.0769
47.5610	234	77.0000	73.0000
47.7642	235	75.0000	72.9231
47.9675	236	73.0000	72.8462
48.1707	237	73.0000	72.7692
48.3740	238	74.0000	72.6923
48.5772	239	75.0000	72.6154
48.7805	240	74.0000	72.5385
48.9837	241	74.0000	72.4615
49.1870	242	74.0000	72.3846
49.3902	243	74.0000	72.3077
49.5935	244	73.0000	72.2308
49.7967	245	74.0000	72.1538
50.0000	246	73.0000	72.0769
50.2033	247	74.0000	72.0000
50.4065	248	74.0000	71.9231
50.6098	249	74.0000	71.8462
50.8130	250	72.0000	71.7692
51.0163	251	73.0000	71.6923
51.2195	252	72.0000	71.6154
51.4228	253	73.0000	71.5385
51.6260	254	73.0000	71.4615
51.8293	255	72.0000	71.3846
52.0325	256	72.0000	71.3077
52.2358	257	75.0000	71.2308
52.4390	258	73.0000	71.1538
52.6423	259	74.0000	71.0769
52.8455	260	71.0000	71.0000
53.0488	261	73.0000	71.0000
53.2520	262	71.0000	71.0000
53.4553	263	73.0000	71.0000
53.6585	264	71.0000	71.0000
53.8618	265	71.0000	71.0000
54.0650	266	72.0000	71.0000
54.2683	267	73.0000	71.0000
54.4715	268	72.0000	71.0000
54.6748	269	72.0000	71.0000
54.8780	270	72.0000	71.0000
55.0813	271	71.0000	71.0000
55.2846	272	72.0000	71.0000
55.4878	273	72.0000	71.0000
55.6911	274	72.0000	71.0000
55.8943	275	70.0000	71.0000
56.0976	276	72.0000	71.0000
56.3008	277	72.0000	71.0000
56.5041	278	71.0000	71.0000
56.7073	279	71.0000	70.9722
56.9106	280	71.0000	70.9444
57.1138	281	71.0000	70.9167
57.3171	282	72.0000	70.8889
57.5203	283	72.0000	70.8611
57.7236	284	70.0000	70.8333
57.9268	285	71.0000	70.8056
58.1301	286	71.0000	70.7778
58.3333	287	71.0000	70.7500
58.5366	288	70.0000	70.7222
58.7398	289	70.0000	70.6944
58.9431	290	71.0000	70.6667
59.1463	291	73.0000	70.6389
59.3496	292	72.0000	70.6111
59.5528	293	71.0000	70.5833
59.7561	294	72.0000	70.5556
59.9593	295	71.0000	70.5278
60.1626	296	72.0000	70.5000
60.3659	297	72.0000	70.4722
60.5691	298	70.0000	70.4444
60.7724	299	71.0000	70.4167
60.9756	300	71.0000	70.3889
61.1789	301	72.0000	70.3611
61.3821	302	73.0000	70.3333
61.5854	303	71.0000	70.3056
61.7886	304	71.0000	70.2778
61.9919	305	70.0000	70.2500
62.1951	306	70.0000	70.2222
62.3984	307	70.0000	70.1944
62.6016	308	69.0000	70.1667
62.8049	309	70.0000	70.1389
63.0081	310	70.0000	70.1111
63.2114	311	70.0000	70.0833
63.4146	312	70.0000	70.0556
63.6179	313	71.0000	70.0278
63.8211	314	70.0000	70.0000
64.0244	315	69.0000	69.9362
64.2276	316	71.0000	69.8723
64.4309	317	69.0000	69.8085
64.6341	318	69.0000	69.7447
64.8374	319	70.0000	69.6809
65.0407	320	70.0000	69.6170
65.2439	321	69.0000	69.5532
65.4472	322	69.0000	69.4894
65.6504	323	68.0000	69.4255
65.8537	324	69.0000	69.3617
66.0569	325	69.0000	69.2979
66.2602	326	69.0000	69.2340
66.4634	327	68.0000	69.1702
66.6667	328	69.0000	69.1064
66.8699	329	69.0000	69.0426
67.0732	330	69.0000	68.9787
67.2764	331	69.0000	68.9149
67.4797	332	69.0000	68.8511
67.6829	333	69.0000	68.7872
67.8862	334	69.0000	68.7234
68.0894	335	69.0000	68.6596
68.2927	336	70.0000	68.5957
68.4959	337	69.0000	68.5319
68.6992	338	69.0000	68.4681
68.9024	339	67.0000	68.4043
69.1057	340	68.0000	68.3404
69.3089	341	69.0000	68.2766
69.5122	342	68.0000	68.2128
69.7154	343	68.0000	68.1489
69.9187	344	69.0000	68.0851
70.1220	345	68.0000	68.0213
70.3252	346	68.0000	67.9574
70.5285	347	68.0000	67.8936
70.7317	348	69.0000	67.8298
70.9350	349	69.0000	67.7660
71.1382	350	69.0000	67.7021
71.3415	351	69.0000	67.6383
71.5447	352	68.0000	67.5745
71.7480	353	70.0000	67.5106
71.9512	354	69.0000	67.4468
72.1545	355	70.0000	67.3830
72.3577	356	68.0000	67.3192
72.5610	357	69.0000	67.2553
72.7642	358	70.0000	67.1915
72.9675	359	68.0000	67.1277
73.1707	360	70.0000	67.0638
73.3740	361	67.0000	67.0000
73.5772	362	69.0000	67.0000
73.7805	363	69.0000	67.0000
73.9837	364	69.0000	67.0000
74.1870	365	68.0000	67.0000
74.3902	366	69.0000	67.0000
74.5935	367	69.0000	67.0000
74.7967	368	70.0000	67.0000
75.0000	369	69.0000	67.0000
75.2033	370	69.0000	67.0000
75.4065	371	70.0000	67.0000
75.6098	372	70.0000	67.0000
75.8130	373	70.0000	67.0000
76.0163	374	70.0000	67.0000
76.2195	375	68.0000	67.0000
76.4228	376	69.0000	67.0000
76.6260	377	70.0000	67.0000
76.8293	378	69.0000	67.0000
77.0325	379	69.0000	67.0000
77.2358	380	69.0000	67.0000
77.4390	381	69.0000	67.0000
77.6423	382	69.0000	67.0000
77.8455	383	69.0000	67.0000
78.0488	384	70.0000	67.0000
78.2520	385	68.0000	67.0000
78.4553	386	68.0000	67.0000
78.6585	387	70.0000	67.0000
78.8618	388	69.0000	67.0000
79.0650	389	68.0000	67.0000
79.2683	390	68.0000	67.0000
79.4715	391	67.0000	67.0000
79.6748	392	69.0000	67.0606
79.8780	393	69.0000	67.1212
80.0813	394	69.0000	67.1818
80.2846	395	69.0000	67.2424
80.4878	396	68.0000	67.3030
80.6911	397	69.0000	67.3636
80.8943	398	70.0000	67.4242
81.0976	399	69.0000	67.4848
81.3008	400	68.0000	67.5455
81.5041	401	69.0000	67.6061
81.7073	402	69.0000	67.6667
81.9106	403	70.0000	67.7273
82.1138	404	69.0000	67.7879
82.3171	405	69.0000	67.8485
82.5203	406	69.0000	67.9091
82.7236	407	68.0000	67.9697
82.9268	408	69.0000	68.0303
83.1301	409	69.0000	68.0909
83.3333	410	69.0000	68.1515
83.5366	411	70.0000	68.2121
83.7398	412	69.0000	68.2727
83.9431	413	69.0000	68.3333
84.1463	414	69.0000	68.3939
84.3496	415	69.0000	68.4545
84.5528	416	69.0000	68.5152
84.7561	417	69.0000	68.5758
84.9593	418	70.0000	68.6364
85.1626	419	69.0000	68.6970
85.3659	420	69.0000	68.7576
85.5691	421	69.0000	68.8182
85.7724	422	70.0000	68.8788
85.9756	423	70.0000	68.9394
86.1789	424	69.0000	69.0000
86.3821	425	69.0000	68.9474
86.5854	426	69.0000	68.8947
86.7886	427	70.0000	68.8421
86.9919	428	68.0000	68.7895
87.1951	429	68.0000	68.7368
87.3984	430	69.0000	68.6842
87.6016	431	70.0000	68.6316
87.8049	432	70.0000	68.5789
88.0081	433	69.0000	68.5263
88.2114	434	68.0000	68.4737
88.4146	435	69.0000	68.4211
88.6179	436	70.0000	68.3684
88.8211	437	69.0000	68.3158
89.0244	438	70.0000	68.2632
89.2276	439	69.0000	68.2105
89.4309	440	71.0000	68.1579
89.6341	441	69.0000	68.1053
89.8374	442	69.0000	68.0526
90.0407	443	68.0000	68.0000
90.2439	444	69.0000	68.0313
90.4472	445	70.0000	68.0625
90.6504	446	70.0000	68.0938
90.8537	447	71.0000	68.1250
91.0569	448	70.0000	68.1563
91.2602	449	71.0000	68.1875
91.4634	450	69.0000	68.2188
91.6667	451	70.0000	68.2500
91.8699	452	69.0000	68.2813
92.0732	453	70.0000	68.3125
92.2764	454	69.0000	68.3438
92.4797	455	70.0000	68.3750
92.6829	456	70.0000	68.4063
92.8862	457	70.0000	68.4375
93.0894	458	69.0000	68.4688
93.2927	459	71.0000	68.5000
93.4959	460	71.0000	68.5313
93.6992	461	70.0000	68.5625
93.9024	462	70.0000	68.5938
94.1057	463	69.0000	68.6250
94.3089	464	71.0000	68.6563
94.5122	465	69.0000	68.6875
94.7154	466	70.0000	68.7188
94.9187	467	70.0000	68.7500
95.1220	468	70.0000	68.7813
95.3252	469	70.0000	68.8125
95.5285	470	71.0000	68.8438
95.7317	471	71.0000	68.8750
95.9350	472	71.0000	68.9063
96.1382	473	69.0000	68.9375
96.3415	474	70.0000	68.9688
96.5447	475	69.0000	69.0000
96.7480	476	71.0000	69.0588
96.9512	477	69.0000	69.1176
97.1545	478	70.0000	69.1765
97.3577	479	70.0000	69.2353
97.5610	480	70.0000	69.2941
97.7642	481	70.0000	69.3529
97.9675	482	70.0000	69.4118
98.1707	483	70.0000	69.4706
98.3740	484	70.0000	69.5294
98.5772	485	70.0000	69.5882
98.7805	486	69.0000	69.6471
98.9837	487	70.0000	69.7059
99.1870	488	70.0000	69.7647
99.3902	489	71.0000	69.8235
99.5935	490	70.0000	69.8824
99.7967	491	71.0000	69.9412
100.0000	492	70.0000	70.0000
---------- 4: r2a_b4 ----------
Offset(%)	Offset(pix)	Profile	Background
0.0000	0	75.0000	75.0000
0.2033	1	76.0000	74.8696
0.4065	2	75.0000	74.7391
0.6098	3	75.0000	74.6087
0.8130	4	75.0000	74.4783
1.0163	5	74.0000	74.3478
1.2195	6	75.0000	74.2174
1.4228	7	75.0000	74.0870
1.6260	8	75.0000	73.9565
1.8293	9	75.0000	73.8261
2.0325	10	76.0000	73.6957
2.2358	11	76.0000	73.5652
2.4390	12	75.0000	73.4348
2.6423	13	75.0000	73.3043
2.8455	14	75.0000	73.1739
3.0488	15	74.0000	73.0435
3.2520	16	76.0000	72.9130
3.4553	17	75.0000	72.7826
3.6585	18	75.0000	72.6522
3.8618	19	76.0000	72.5217
4.0650	20	75.0000	72.3913
4.2683	21	75.0000	72.2609
4.4715	22	73.0000	72.1304
4.6748	23	72.0000	72.0000
4.8780	24	72.0000	72.1500
5.0813	25	78.0000	72.3000
5.2846	26	81.0000	72.4500
5.4878	27	81.0000	72.6000
5.6911	28	78.0000	72.7500
5.8943	29	75.0000	72.9000
6.0976	30	75.0000	73.0500
6.3008	31	73.0000	73.2000
6.5041	32	73.0000	73.3500
6.7073	33	78.0000	73.5000
6.9106	34	94.0000	73.6500
7.1138	35	111.0000	73.8000
7.3171	36	100.0000	73.9500
7.5203	37	85.0000	74.1000
7.7236	38	84.0000	74.2500
7.9268	39	90.0000	74.4000
8.1301	40	102.0000	74.5500
8.3333	41	111.0000	74.7000
8.5366	42	116.0000	74.8500
8.7398	43	125.0000	75.0000
8.9431	44	124.0000	75.1500
9.1463	45	114.0000	75.3000
9.3496	46	98.0000	75.4500
9.5528	47	86.0000	75.6000
9.7561	48	81.0000	75.7500
9.9593	49	81.0000	75.9000
10.1626	50	79.0000	76.0500
10.3659	51	78.0000	76.2000
10.5691	52	78.0000	76.3500
10.7724	53	79.0000	76.5000
10.9756	54	77.0000	76.6500
11.1789	55	78.0000	76.8000
11.3821	56	77.0000	76.9500
11.5854	57	78.0000	77.1000
11.7886	58	78.0000	77.2500
11.9919	59	77.0000	77.4000
12.1951	60	78.0000	77.5500
12.3984	61	79.0000	77.7000
12.6016	62	78.0000	77.8500
12.8049	63	78.0000	78.0000
13.0081	64	78.0000	77.8765
13.2114	65	78.0000	77.7531
13.4146	66	79.0000	77.6296
13.6179	67	79.0000	77.5062
13.8211	68	77.0000	77.3827
14.0244	69	79.0000	77.2593
14.2276	70	79.0000	77.1358
14.4309	71	78.0000	77.0123
14.6341	72	81.0000	76.8889
14.8374	73	81.0000	76.7654
15.0407	74	80.0000	76.6420
15.2439	75	79.0000	76.5185
15.4472	76	81.0000	76.3951
15.6504	77	81.0000	76.2716
15.8537	78	83.0000	76.1481
16.0569	79	83.0000	76.0247
16.2602	80	84.0000	75.9012
16.4634	81	86.0000	75.7778
16.6667	82	87.0000	75.6543
16.8699	83	89.0000	75.5309
17.0732	84	91.0000	75.4074
17.2764	85	95.0000	75.2840
17.4797	86	101.0000	75.1605
17.6829	87	111.0000	75.0370
17.8862	88	127.0000	74.9136
18.0894	89	146.0000	74.7901
18.2927	90	170.0000	74.6667
18.4959	91	186.0000	74.5432
18.6992	92	192.0000	74.4198
18.9024	93	191.0000	74.2963
19.1057	94	180.0000	74.1728
19.3089	95	168.0000	74.0494
19.5122	96	158.0000	73.9259
19.7154	97	145.0000	73.8025
19.9187	98	135.0000	73.6790
20.1220	99	128.0000	73.5556
20.3252	100	117.0000	73.4321
20.5285	101	113.0000	73.3086
20.7317	102	107.0000	73.1852
20.9350	103	103.0000	73.0617
21.1382	104	98.0000	72.9383
21.3415	105	93.0000	72.8148
21.5447	106	92.0000	72.6914
21.7480	107	90.0000	72.5679
21.9512	108	88.0000	72.4444
22.1545	109	86.0000	72.3210
22.3577	110	84.0000	72.1975
22.5610	111	84.0000	72.0741
22.7642	112	83.0000	71.9506
22.9675	113	81.0000	71.8272
23.1707	114	80.0000	71.7037
23.3740	115	79.0000	71.5802
23.5772	116	78.0000	71.4568
23.7805	117	79.0000	71.3333
23.9837	118	79.0000	71.2099
24.1870	119	75.0000	71.0864
24.3902	120	77.0000	70.9630
24.5935	121	74.0000	70.8395
24.7967	122	75.0000	70.7160
25.0000	123	75.0000	70.5926
25.2033	124	73.0000	70.4691
25.4065	125	74.0000	70.3457
25.6098	126	74.0000	70.2222
25.8130	127	73.0000	70.0988
26.0163	128	73.0000	69.9753
26.2195	129	72.0000	69.8519
26.4228	130	72.0000	69.7284
26.6260	131	72.0000	69.6049
26.8293	132	72.0000	69.4815
27.0325	133	72.0000	69.3580
27.2358	134	70.0000	69.2346
27.4390	135	70.0000	69.1111
27.6423	136	70.0000	68.9877
27.8455	137	71.0000	68.8642
28.0488	138	70.0000	68.7407
28.2520	139	69.0000	68.6173
28.4553	140	70.0000	68.4938
28.6585	141	71.0000	68.3704
28.8618	142	70.0000	68.2469
29.0650	143	69.0000	68.1235
29.2683	144	68.0000	68.0000
29.4715	145	69.0000	67.9167
29.6748	146	68.0000	67.8333
29.8780	147	69.0000	67.7500
30.0813	148	69.0000	67.6667
30.2846	149	69.0000	67.5833
30.4878	150	68.0000	67.5000
30.6911	151	69.0000	67.4167
30.8943	152	69.0000	67.3333
31.0976	153	68.0000	67.2500
31.3008	154	67.0000	67.1667
31.5041	155	69.0000	67.0833
31.7073	156	67.0000	67.0000
31.9106	157	68.0000	66.9167
32.1138	158	67.0000	66.8333
32.3171	159	68.0000	66.7500
32.5203	160	67.0000	66.6667
32.7236	161	67.0000	66.5833
32.9268	162	67.0000	66.5000
33.1301	163	67.0000	66.4167
33.3333	164	67.0000	66.3333
33.5366	165	67.0000	66.2500
33.7398	166	66.0000	66.1667
33.9431	167	66.0000	66.0833
34.1463	168	66.0000	66.0000
34.3496	169	67.0000	65.9545
34.5528	170	67.0000	65.9091
34.7561	171	68.0000	65.8636
34.9593	172	67.0000	65.8182
35.1626	173	66.0000	65.7727
35.3659	174	68.0000	65.7273
35.5691	175	66.0000	65.6818
35.7724	176	66.0000	65.6364
35.9756	177	66.0000	65.5909
36.1789	178	67.0000	65.5455
36.3821	179	67.0000	65.5000
36.5854	180	68.0000	65.4545
36.7886	181	66.0000	65.4091
36.9919	182	67.0000	65.3636
37.1951	183	66.0000	65.3182
37.3984	184	68.0000	65.2727
37.6016	185	67.0000	65.2273
37.8049	186	67.0000	65.1818
38.0081	187	66.0000	65.1364
38.2114	188	67.0000	65.0909
38.4146	189	67.0000	65.0455
38.6179	190	65.0000	65.0000
38.8211	191	66.0000	65.0270
39.0244	192	68.0000	65.0541
39.2276	193	67.0000	65.0811
39.4309	194	68.0000	65.1081
39.6341	195	68.0000	65.1351
39.8374	196	67.0000	65.1622
40.0407	197	67.0000	65.1892
40.2439	198	67.0000	65.2162
40.4472	199	68.0000	65.2432
40.6504	200	68.0000	65.2703
40.8537	201	67.0000	65.2973
41.0569	202	67.0000	65.3243
41.2602	203	68.0000	65.3513
41.4634	204	68.0000	65.3784
41.6667	205	68.0000	65.4054
41.8699	206	67.0000	65.4324
42.0732	207	68.0000	65.4595
42.2764	208	67.0000	65.4865
42.4797	209	68.0000	65.5135
42.6829	210	67.0000	65.5405
42.8862	211	67.0000	65.5676
43.0894	212	68.0000	65.5946
43.2927	213	68.0000	65.6216
43.4959	214	69.0000	65.6487
43.6992	215	69.0000	65.6757
43.9024	216	68.0000	65.7027
44.1057	217	67.0000	65.7297
44.3089	218	68.0000	65.7568
44.5122	219	68.0000	65.7838
44.7154	220	68.0000	65.8108
44.9187	221	67.0000	65.8378
45.1220	222	67.0000	65.8649
45.3252	223	68.0000	65.8919
45.5285	224	68.0000	65.9189
45.7317	225	67.0000	65.9459
45.9350	226	68.0000	65.9730
46.1382	227	66.0000	66.0000
46.3415	228	68.0000	66.1667
46.5447	229	68.0000	66.3333
46.7480	230	68.0000	66.5000
46.9512	231	68.0000	66.6667
47.1545	232	67.0000	66.8333
47.3577	233	68.0000	67.0000
47.5610	234	67.0000	67.1667
47.7642	235	68.0000	67.3333
47.9675	236	67.0000	67.5000
48.1707	237	67.0000	67.6667
48.3740	238	68.0000	67.8333
48.5772	239	68.0000	68.0000
48.7805	240	67.0000	68.1667
48.9837	241	67.0000	68.3333
49.1870	242	68.0000	68.5000
49.3902	243	69.0000	68.6667
49.5935	244	67.0000	68.8333
49.7967	245	69.0000	69.0000
50.0000	246	67.0000	68.9091
50.2033	247	68.0000	68.8182
50.4065	248	68.0000	68.7273
50.6098	249	67.0000	68.6364
50.8130	250	67.0000	68.5455
51.0163	251	67.0000	68.4545
51.2195	252	67.0000	68.3636
51.4228	253	68.0000	68.2727
51.6260	254	68.0000	68.1818
51.8293	255	68.0000	68.0909
52.0325	256	68.0000	68.0000
52.2358	257	69.0000	67.9091
52.4390	258	67.0000	67.8182
52.6423	259	67.0000	67.7273
52.8455	260	67.0000	67.6364
53.0488	261	67.0000	67.5455
53.2520	262	68.0000	67.4545
53.4553	263	67.0000	67.3636
53.6585	264	67.0000	67.2727
53.8618	265	68.0000	67.1818
54.0650	266	68.0000	67.0909
54.2683	267	68.0000	67.0000
54.4715	268	67.0000	66.9091
54.6748	269	66.0000	66.8182
54.8780	270	68.0000	66.7273
55.0813	271	67.0000	66.6364
55.2846	272	68.0000	66.5455
55.4878	273	66.0000	66.4545
55.6911	274	67.0000	66.3636
55.8943	275	68.0000	66.2727
56.0976	276	67.0000	66.1818
56.3008	277	67.0000	66.0909
56.5041	278	66.0000	66.0000
56.7073	279	67.0000	66.0000
56.9106	280	67.0000	66.0000
57.1138	281	66.0000	66.0000
57.3171	282	67.0000	66.0000
57.5203	283	67.0000	66.0000
57.7236	284	68.0000	66.0000
57.9268	285	68.0000	66.0000
58.1301	286	68.0000	66.0000
58.3333	287	69.0000	66.0000
58.5366	288	68.0000	66.0000
58.7398	289	66.0000	66.0000
58.9431	290	67.0000	66.0000
59.1463	291	68.0000	66.0000
59.3496	292	69.0000	66.0000
59.5528	293	68.0000	66.0000
59.7561	294	67.0000	66.0000
59.9593	295	67.0000	66.0000
60.1626	296	68.0000	66.0000
60.3659	297	69.0000	66.0000
60.5691	298	67.0000	66.0000
60.7724	299	67.0000	66.0000
60.9756	300	68.0000	66.0000
61.1789	301	70.0000	66.0000
61.3821	302	66.0000	66.0000
61.5854	303	66.0000	66.0000
61.7886	304	67.0000	66.0000
61.9919	305	67.0000	66.0000
62.1951	306	66.0000	66.0000
62.3984	307	68.0000	66.0000
62.6016	308	67.0000	66.0000
62.8049	309	67.0000	66.0000
63.0081	310	67.0000	66.0000
63.2114	311	68.0000	66.0000
63.4146	312	67.0000	66.0000
63.6179	313	67.0000	66.0000
63.8211	314	68.0000	66.0000
64.0244	315	67.0000	66.0000
64.2276	316	67.0000	66.0000
64.4309	317	68.0000	66.0000
64.6341	318	68.0000	66.0000
64.8374	319	67.0000	66.0000
65.0407	320	68.0000	66.0000
65.2439	321	68.0000	66.0000
65.4472	322	68.0000	66.0000
65.6504	323	66.0000	66.0000
65.8537	324	69.0000	66.0588
66.0569	325	67.0000	66.1176
66.2602	326	68.0000	66.1765
66.4634	327	68.0000	66.2353
66.6667	328	68.0000	66.2941
66.8699	329	68.0000	66.3529
67.0732	330	67.0000	66.4118
67.2764	331	68.0000	66.4706
67.4797	332	67.0000	66.5294
67.6829	333	67.0000	66.5882
67.8862	334	67.0000	66.6471
68.0894	335	68.0000	66.7059
68.2927	336	68.0000	66.7647
68.4959	337	69.0000	66.8235
68.6992	338	67.0000	66.8824
68.9024	339	69.0000	66.9412
69.1057	340	67.0000	67.0000
69.3089	341	67.0000	67.0588
69.5122	342	68.0000	67.1176
69.7154	343	68.0000	67.1765
69.9187	344	67.0000	67.2353
70.1220	345	68.0000	67.2941
70.3252	346	67.0000	67.3529
70.5285	347	68.0000	67.4118
70.7317	348	68.0000	67.4706
70.9350	349	69.0000	67.5294
71.1382	350	69.0000	67.5882
71.3415	351	67.0000	67.6471
71.5447	352	67.0000	67.7059
71.7480	353	69.0000	67.7647
71.9512	354	67.0000	67.8235
72.1545	355	68.0000	67.8824
72.3577	356	69.0000	67.9412
72.5610	357	68.0000	68.0000
72.7642	358	69.0000	68.0156
72.9675	359	68.0000	68.0313
73.1707	360	68.0000	68.0469
73.3740	361	68.0000	68.0625
73.5772	362	68.0000	68.0781
73.7805	363	69.0000	68.0938
73.9837	364	69.0000	68.1094
74.1870	365	70.0000	68.1250
74.3902	366	69.0000	68.1406
74.5935	367	70.0000	68.1563
74.7967	368	69.0000	68.1719
75.0000	369	70.0000	68.1875
75.2033	370	68.0000	68.2031
75.4065	371	69.0000	68.2188
75.6098	372	69.0000	68.2344
75.8130	373	70.0000	68.2500
76.0163	374	69.0000	68.2656
76.2195	375	69.0000	68.2813
76.4228	376	70.0000	68.2969
76.6260	377	70.0000	68.3125
76.8293	378	71.0000	68.3281
77.0325	379	70.0000	68.3438
77.2358	380	69.0000	68.3594
77.4390	381	70.0000	68.3750
77.6423	382	70.0000	68.3906
77.8455	383	68.0000	68.4063
78.0488	384	69.0000	68.4219
78.2520	385	70.0000	68.4375
78.4553	386	68.0000	68.4531
78.6585	387	69.0000	68.4688
78.8618	388	69.0000	68.4844
79.0650	389	69.0000	68.5000
79.2683	390	70.0000	68.5156
79.4715	391	69.0000	68.5313
79.6748	392	68.0000	68.5469
79.8780	393	68.0000	68.5625
80.0813	394	67.0000	68.5781
80.2846	395	68.0000	68.5938
80.4878	396	69.0000	68.6094
80.6911	397	69.0000	68.6250
80.8943	398	70.0000	68.6406
81.0976	399	69.0000	68.6563
81.3008	400	68.0000	68.6719
81.5041	401	69.0000	68.6875
81.7073	402	70.0000	68.7031
81.9106	403	68.0000	68.7188
82.1138	404	69.0000	68.7344
82.3171	405	69.0000	68.7500
82.5203	406	70.0000	68.7656
82.7236	407	70.0000	68.7813
82.9268	408	69.0000	68.7969
83.1301	409	69.0000	68.8125
83.3333	410	69.0000	68.8281
83.5366	411	70.0000	68.8438
83.7398	412	70.0000	68.8594
83.9431	413	69.0000	68.8750
84.1463	414	68.0000	68.8906
84.3496	415	68.0000	68.9063
84.5528	416	70.0000	68.9219
84.7561	417	70.0000	68.9375
84.9593	418	68.0000	68.9531
85.1626	419	69.0000	68.9688
85.3659	420	68.0000	68.9844
85.5691	421	69.0000	69.0000
85.7724	422	69.0000	68.9412
85.9756	423	68.0000	68.8824
86.1789	424	68.0000	68.8235
86.3821	425	68.0000	68.7647
86.5854	426	70.0000	68.7059
86.7886	427	69.0000	68.6471
86.9919	428	69.0000	68.5882
87.1951	429	70.0000	68.5294
87.3984	430	69.0000	68.4706
87.6016	431	70.0000	68.4118
87.8049	432	71.0000	68.3529
88.0081	433	68.0000	68.2941
88.2114	434	69.0000	68.2353
88.4146	435	70.0000	68.1765
88.6179	436	69.0000	68.1176
88.8211	437	69.0000	68.0588
89.0244	438	68.0000	68.0000
89.2276	439	70.0000	68.0444
89.4309	440	70.0000	68.0889
89.6341	441	70.0000	68.1333
89.8374	442	71.0000	68.1778
90.0407	443	69.0000	68.2222
90.2439	444	69.0000	68.2667
90.4472	445	71.0000	68.3111
90.6504	446	69.0000	68.3556
90.8537	447	70.0000	68.4000
91.0569	448	70.0000	68.4444
91.2602	449	70.0000	68.4889
91.4634	450	71.0000	68.5333
91.6667	451	70.0000	68.5778
91.8699	452	69.0000	68.6222
92.0732	453	69.0000	68.6667
92.2764	454	70.0000	68.7111
92.4797	455	70.0000	68.7556
92.6829	456	69.0000	68.8000
92.8862	457	70.0000	68.8444
93.0894	458	70.0000	68.8889
93.2927	459	69.0000	68.9333
93.4959	460	70.0000	68.9778
93.6992	461	70.0000	69.0222
93.9024	462	71.0000	69.0667
94.1057	463	70.0000	69.1111
94.3089	464	70.0000	69.1556
94.5122	465	70.0000	69.2000
94.7154	466	71.0000	69.2444
94.9187	467	70.0000	69.2889
95.1220	468	70.0000	69.3333
95.3252	469	71.0000	69.3778
95.5285	470	71.0000	69.4222
95.7317	471	70.0000	69.4667
95.9350	472	70.0000	69.5111
96.1382	473	69.0000	69.5556
96.3415	474	72.0000	69.6000
96.5447	475	71.0000	69.6444
96.7480	476	70.0000	69.6889
96.9512	477	70.0000	69.7333
97.1545	478	71.0000	69.7778
97.3577	479	71.0000	69.8222
97.5610	480	69.0000	69.8667
97.7642	481	69.0000	69.9111
97.9675	482	71.0000	69.9556
98.1707	483	70.0000	70.0000
98.3740	484	71.0000	70.0000
98.5772	485	70.0000	70.0000
98.7805	486	71.0000	70.0000
98.9837	487	70.0000	70.0000
99.1870	488	70.0000	70.0000
99.3902	489	71.0000	70.0000
99.5935	490	69.0000	70.0000
99.7967	491	69.0000	70.0000
100.0000	492	70.0000	70.0000
---------- 5: r2a_b5 ----------
Offset(%)	Offset(pix)	Profile	Background
0.0000	0	78.0000	78.0000
0.2033	1	76.0000	77.7391
0.4065	2	78.0000	77.4783
0.6098	3	77.0000	77.2174
0.8130	4	77.0000	76.9565
1.0163	5	78.0000	76.6957
1.2195	6	78.0000	76.4348
1.4228	7	77.0000	76.1739
1.6260	8	77.0000	75.9130
1.8293	9	76.0000	75.6522
2.0325	10	79.0000	75.3913
2.2358	11	77.0000	75.1304
2.4390	12	77.0000	74.8696
2.6423	13	77.0000	74.6087
2.8455	14	77.0000	74.3478
3.0488	15	78.0000	74.0870
3.2520	16	77.0000	73.8261
3.4553	17	77.0000	73.5652
3.6585	18	78.0000	73.3044
3.8618	19	78.0000	73.0435
4.0650	20	79.0000	72.7826
4.2683	21	75.0000	72.5217
4.4715	22	73.0000	72.2609
4.6748	23	72.0000	72.0000
4.8780	24	74.0000	72.0588
5.0813	25	80.0000	72.1176
5.2846	26	82.0000	72.1765
5.4878	27	81.0000	72.2353
5.6911	28	79.0000	72.2941
5.8943	29	77.0000	72.3529
6.0976	30	75.0000	72.4118
6.3008	31	70.0000	72.4706
6.5041	32	68.0000	72.5294
6.7073	33	71.0000	72.5882
6.9106	34	70.0000	72.6471
7.1138	35	73.0000	72.7059
7.3171	36	77.0000	72.7647
7.5203	37	87.0000	72.8235
7.7236	38	91.0000	72.8824
7.9268	39	85.0000	72.9412
8.1301	40	81.0000	73.0000
8.3333	41	77.0000	73.0588
8.5366	42	78.0000	73.1176
8.7398	43	79.0000	73.1765
8.9431	44	79.0000	73.2353
9.1463	45	78.0000	73.2941
9.3496	46	79.0000	73.3529
9.5528	47	79.0000	73.4118
9.7561	48	78.0000	73.4706
9.9593	49	77.0000	73.5294
10.1626	50	75.0000	73.5882
10.3659	51	76.0000	73.6471
10.5691	52	75.0000	73.7059
10.7724	53	76.0000	73.7647
10.9756	54	75.0000	73.8235
11.1789	55	75.0000	73.8824
11.3821	56	76.0000	73.9412
11.5854	57	75.0000	74.0000
11.7886	58	77.0000	74.0588
11.9919	59	76.0000	74.1176
12.1951	60	76.0000	74.1765
12.3984	61	76.0000	74.2353
12.6016	62	76.0000	74.2941
12.8049	63	77.0000	74.3529
13.0081	64	76.0000	74.4118
13.2114	65	76.0000	74.4706
13.4146	66	77.0000	74.5294
13.6179	67	75.0000	74.5882
13.8211	68	75.0000	74.6471
14.0244	69	75.0000	74.7059
14.2276	70	75.0000	74.7647
14.4309	71	76.0000	74.8235
14.6341	72	75.0000	74.8824
14.8374	73	76.0000	74.9412
15.0407	74	75.0000	75.0000
15.2439	75	74.0000	75.0714
15.4472	76	75.0000	75.1429
15.6504	77	75.0000	75.2143
15.8537	78	75.0000	75.2857
16.0569	79	74.0000	75.3571
16.2602	80	74.0000	75.4286
16.4634	81	76.0000	75.5000
16.6667	82	76.0000	75.5714
16.8699	83	76.0000	75.6429
17.0732	84	74.0000	75.7143
17.2764	85	76.0000	75.7857
17.4797	86	76.0000	75.8571
17.6829	87	77.0000	75.9286
17.8862	88	76.0000	76.0000
18.0894	89	77.0000	75.9455
18.2927	90	78.0000	75.8909
18.4959	91	80.0000	75.8364
18.6992	92	80.0000	75.7818
18.9024	93	81.0000	75.7273
19.1057	94	81.0000	75.6727
19.3089	95	83.0000	75.6182
19.5122	96	82.0000	75.5636
19.7154	97	84.0000	75.5091
19.9187	98	86.0000	75.4545
20.1220	99	85.0000	75.4000
20.3252	100	85.0000	75.3455
20.5285	101	84.0000	75.2909
20.7317	102	84.0000	75.2364
20.9350	103	86.0000	75.1818
21.1382	104	85.0000	75.1273
21.3415	105	87.0000	75.0727
21.5447	106	85.0000	75.0182
21.7480	107	84.0000	74.9636
21.9512	108	84.0000	74.9091
22.1545	109	83.0000	74.8545
22.3577	110	83.0000	74.8000
22.5610	111	83.0000	74.7455
22.7642	112	84.0000	74.6909
22.9675	113	82.0000	74.6364
23.1707	114	81.0000	74.5818
23.3740	115	81.0000	74.5273
23.5772	116	82.0000	74.4727
23.7805	117	81.0000	74.4182
23.9837	118	81.0000	74.3636
24.1870	119	79.0000	74.3091
24.3902	120	78.0000	74.2545
24.5935	121	79.0000	74.2000
24.7967	122	79.0000	74.1455
25.0000	123	80.0000	74.0909
25.2033	124	80.0000	74.0364
25.4065	125	78.0000	73.9818
25.6098	126	78.0000	73.9273
25.8130	127	78.0000	73.8727
26.0163	128	77.0000	73.8182
26.2195	129	78.0000	73.7636
26.4228	130	77.0000	73.7091
26.6260	131	78.0000	73.6545
26.8293	132	76.0000	73.6000
27.0325	133	77.0000	73.5455
27.2358	134	76.0000	73.4909
27.4390	135	76.0000	73.4364
27.6423	136	75.0000	73.3818
27.8455	137	75.0000	73.3273
28.0488	138	74.0000	73.2727
28.2520	139	74.0000	73.2182
28.4553	140	74.0000	73.1636
28.6585	141	74.0000	73.1091
28.8618	142	73.0000	73.0545
29.0650	143	73.0000	73.0000
29.2683	144	73.0000	72.8929
29.4715	145	72.0000	72.7857
29.6748	146	74.0000	72.6786
29.8780	147	73.0000	72.5714
30.0813	148	73.0000	72.4643
30.2846	149	72.0000	72.3571
30.4878	150	71.0000	72.2500
30.6911	151	73.0000	72.1429
30.8943	152	71.0000	72.0357
31.0976	153	71.0000	71.9286
31.3008	154	72.0000	71.8214
31.5041	155	72.0000	71.7143
31.7073	156	70.0000	71.6071
31.9106	157	71.0000	71.5000
32.1138	158	71.0000	71.3929
32.3171	159	70.0000	71.2857
32.5203	160	71.0000	71.1786
32.7236	161	71.0000	71.0714
32.9268	162	71.0000	70.9643
33.1301	163	71.0000	70.8571
33.3333	164	71.0000	70.7500
33.5366	165	72.0000	70.6429
33.7398	166	71.0000	70.5357
33.9431	167	70.0000	70.4286
34.1463	168	71.0000	70.3214
34.3496	169	71.0000	70.2143
34.5528	170	69.0000	70.1071
34.7561	171	70.0000	70.0000
34.9593	172	69.0000	70.0000
35.1626	173	70.0000	70.0000
35.3659	174	70.0000	70.0000
35.5691	175	70.0000	70.0000
35.7724	176	69.0000	70.0000
35.9756	177	70.0000	70.0000
36.1789	178	70.0000	70.0000
36.3821	179	70.0000	70.0000
36.5854	180	69.0000	70.0000
36.7886	181	69.0000	70.0000
36.9919	182	69.0000	70.0000
37.1951	183	71.0000	70.0000
37.3984	184	70.0000	70.0000
37.6016	185	70.0000	70.0000
37.8049	186	70.0000	70.0000
38.0081	187	70.0000	70.0000
38.2114	188	70.0000	70.0000
38.4146	189	70.0000	70.0000
38.6179	190	70.0000	70.0000
38.8211	191	70.0000	69.9565
39.0244	192	69.0000	69.9130
39.2276	193	70.0000	69.8696
39.4309	194	71.0000	69.8261
39.6341	195	70.0000	69.7826
39.8374	196	70.0000	69.7391
40.0407	197	69.0000	69.6957
40.2439	198	70.0000	69.6522
40.4472	199	71.0000	69.6087
40.6504	200	69.0000	69.5652
40.8537	201	69.0000	69.5217
41.0569	202	69.0000	69.4783
41.2602	203	70.0000	69.4348
41.4634	204	70.0000	69.3913
41.6667	205	69.0000	69.3478
41.8699	206	69.0000	69.3043
42.0732	207	70.0000	69.2609
42.2764	208	71.0000	69.2174
42.4797	209	70.0000	69.1739
42.6829	210	69.0000	69.1304
42.8862	211	70.0000	69.0870
43.0894	212	68.0000	69.0435
43.2927	213	69.0000	69.0000
43.4959	214	70.0000	69.0000
43.6992	215	68.0000	69.0000
43.9024	216	70.0000	69.0000
44.1057	217	69.0000	69.0000
44.3089	218	69.0000	69.0000
44.5122	219	69.0000	69.0000
44.7154	220	69.0000	69.0000
44.9187	221	69.0000	69.0000
45.1220	222	70.0000	69.0000
45.3252	223	69.0000	69.0000
45.5285	224	69.0000	69.0000
45.7317	225	69.0000	69.0000
45.9350	226	69.0000	69.0000
46.1382	227	69.0000	69.0000
46.3415	228	70.0000	69.0000
46.5447	229	70.0000	69.0000
46.7480	230	69.0000	69.0000
46.9512	231	69.0000	69.0000
47.1545	232	70.0000	69.0000
47.3577	233	70.0000	69.0000
47.5610	234	69.0000	69.0000
47.7642	235	68.0000	69.0000
47.9675	236	69.0000	69.0000
48.1707	237	70.0000	69.0000
48.3740	238	69.0000	69.0000
48.5772	239	69.0000	69.0000
48.7805	240	69.0000	69.0000
48.9837	241	68.0000	69.0000
49.1870	242	70.0000	69.0000
49.3902	243	69.0000	69.0000
49.5935	244	69.0000	69.0000
49.7967	245	69.0000	69.0000
50.0000	246	68.0000	69.0000
50.2033	247	69.0000	69.0000
50.4065	248	69.0000	68.9643
50.6098	249	69.0000	68.9286
50.8130	250	69.0000	68.8929
51.0163	251	69.0000	68.8571
51.2195	252	69.0000	68.8214
51.4228	253	69.0000	68.7857
51.6260	254	69.0000	68.7500
51.8293	255	69.0000	68.7143
52.0325	256	68.0000	68.6786
52.2358	257	69.0000	68.6429
52.4390	258	70.0000	68.6071
52.6423	259	69.0000	68.5714
52.8455	260	68.0000	68.5357
53.0488	261	69.0000	68.5000
53.2520	262	68.0000	68.4643
53.4553	263	67.0000	68.4286
53.6585	264	69.0000	68.3929
53.8618	265	68.0000	68.3571
54.0650	266	69.0000	68.3214
54.2683	267	69.0000	68.2857
54.4715	268	68.0000	68.2500
54.6748	269	67.0000	68.2143
54.8780	270	69.0000	68.1786
55.0813	271	68.0000	68.1429
55.2846	272	68.0000	68.1071
55.4878	273	68.0000	68.0714
55.6911	274	67.0000	68.0357
55.8943	275	68.0000	68.0000
56.0976	276	67.0000	68.0357
56.3008	277	68.0000	68.0714
56.5041	278	68.0000	68.1071
56.7073	279	68.0000	68.1429
56.9106	280	69.0000	68.1786
57.1138	281	69.0000	68.2143
57.3171	282	68.0000	68.2500
57.5203	283	67.0000	68.2857
57.7236	284	68.0000	68.3214
57.9268	285	69.0000	68.3571
58.1301	286	70.0000	68.3929
58.3333	287	68.0000	68.4286
58.5366	288	68.0000	68.4643
58.7398	289	67.0000	68.5000
58.9431	290	69.0000	68.5357
59.1463	291	69.0000	68.5714
59.3496	292	67.0000	68.6071
59.5528	293	69.0000	68.6429
59.7561	294	70.0000	68.6786
59.9593	295	69.0000	68.7143
60.1626	296	68.0000	68.7500
60.3659	297	67.0000	68.7857
60.5691	298	68.0000	68.8214
60.7724	299	68.0000	68.8571
60.9756	300	69.0000	68.8929
61.1789	301	68.0000	68.9286
61.3821	302	68.0000	68.9643
61.5854	303	69.0000	69.0000
61.7886	304	69.0000	68.9643
61.9919	305	69.0000	68.9286
62.1951	306	69.0000	68.8929
62.3984	307	69.0000	68.8571
62.6016	308	68.0000	68.8214
62.8049	309	69.0000	68.7857
63.0081	310	69.0000	68.7500
63.2114	311	70.0000	68.7143
63.4146	312	69.0000	68.6786
63.6179	313	68.0000	68.6429
63.8211	314	69.0000	68.6071
64.0244	315	69.0000	68.5714
64.2276	316	67.0000	68.5357
64.4309	317	68.0000	68.5000
64.6341	318	69.0000	68.4643
64.8374	319	68.0000	68.4286
65.0407	320	68.0000	68.3929
65.2439	321	68.0000	68.3571
65.4472	322	68.0000	68.3214
65.6504	323	68.0000	68.2857
65.8537	324	68.0000	68.2500
66.0569	325	69.0000	68.2143
66.2602	326	67.0000	68.1786
66.4634	327	69.0000	68.1429
66.6667	328	69.0000	68.1071
66.8699	329	68.0000	68.0714
67.0732	330	68.0000	68.0357
67.2764	331	68.0000	68.0000
67.4797	332	68.0000	68.0333
67.6829	333	69.0000	68.0667
67.8862	334	68.0000	68.1000
68.0894	335	67.0000	68.1333
68.2927	336	68.0000	68.1667
68.4959	337	69.0000	68.2000
68.6992	338	69.0000	68.2333
68.9024	339	69.0000	68.2667
69.1057	340	69.0000	68.3000
69.3089	341	68.0000	68.3333
69.5122	342	68.0000	68.3667
69.7154	343	68.0000	68.4000
69.9187	344	69.0000	68.4333
70.1220	345	69.0000	68.4667
70.3252	346	68.0000	68.5000
70.5285	347	68.0000	68.5333
70.7317	348	69.0000	68.5667
70.9350	349	67.0000	68.6000
71.1382	350	67.0000	68.6333
71.3415	351	68.0000	68.6667
71.5447	352	69.0000	68.7000
71.7480	353	70.0000	68.7333
71.9512	354	68.0000	68.7667
72.1545	355	68.0000	68.8000
72.3577	356	68.0000	68.8333
72.5610	357	69.0000	68.8667
72.7642	358	68.0000	68.9000
72.9675	359	69.0000	68.9333
73.1707	360	68.0000	68.9667
73.3740	361	69.0000	69.0000
73.5772	362	68.0000	69.0000
73.7805	363	70.0000	69.0000
73.9837	364	67.0000	69.0000
74.1870	365	69.0000	69.0000
74.3902	366	68.0000	69.0000
74.5935	367	68.0000	69.0000
74.7967	368	69.0000	69.0000
75.0000	369	68.0000	69.0000
75.2033	370	69.0000	69.0000
75.4065	371	67.0000	69.0000
75.6098	372	69.0000	69.0000
75.8130	373	68.0000	69.0000
76.0163	374	69.0000	69.0000
76.2195	375	68.0000	69.0000
76.4228	376	70.0000	69.0000
76.6260	377	69.0000	69.0000
76.8293	378	68.0000	69.0000
77.0325	379	69.0000	69.0000
77.2358	380	69.0000	69.0000
77.4390	381	69.0000	69.0000
77.6423	382	70.0000	69.0000
77.8455	383	70.0000	69.0000
78.0488	384	68.0000	69.0000
78.2520	385	68.0000	69.0000
78.4553	386	71.0000	69.0000
78.6585	387	70.0000	69.0000
78.8618	388	69.0000	69.0000
79.0650	389	69.0000	69.0000
79.2683	390	69.0000	69.0000
79.4715	391	69.0000	69.0000
79.6748	392	69.0000	68.9412
79.8780	393	67.0000	68.8824
80.0813	394	70.0000	68.8235
80.2846	395	68.0000	68.7647
80.4878	396	69.0000	68.7059
80.6911	397	69.0000	68.6471
80.8943	398	68.0000	68.5882
81.0976	399	69.0000	68.5294
81.3008	400	69.0000	68.4706
81.5041	401	69.0000	68.4118
81.7073	402	69.0000	68.3529
81.9106	403	69.0000	68.2941
82.1138	404	69.0000	68.2353
82.3171	405	68.0000	68.1765
82.5203	406	69.0000	68.1176
82.7236	407	70.0000	68.0588
82.9268	408	68.0000	68.0000
83.1301	409	70.0000	68.0000
83.3333	410	69.0000	68.0000
83.5366	411	69.0000	68.0000
83.7398	412	69.0000	68.0000
83.9431	413	69.0000	68.0000
84.1463	414	69.0000	68.0000
84.3496	415	69.0000	68.0000
84.5528	416	69.0000	68.0000
84.7561	417	70.0000	68.0000
84.9593	418	69.0000	68.0000
85.1626	419	69.0000	68.0000
85.3659	420	70.0000	68.0000
85.5691	421	70.0000	68.0000
85.7724	422	69.0000	68.0000
85.9756	423	70.0000	68.0000
86.1789	424	69.0000	68.0000
86.3821	425	70.0000	68.0000
86.5854	426	70.0000	68.0000
86.7886	427	69.0000	68.0000
86.9919	428	70.0000	68.0000
87.1951	429	70.0000	68.0000
87.3984	430	69.0000	68.0000
87.6016	431	69.0000	68.0000
87.8049	432	69.0000	68.0000
88.0081	433	70.0000	68.0000
88.2114	434	70.0000	68.0000
88.4146	435	70.0000	68.0000
88.6179	436	70.0000	68.0000
88.8211	437	70.0000	68.0000
89.0244	438	69.0000	68.0000
89.2276	439	70.0000	68.0000
89.4309	440	70.0000	68.0000
89.6341	441	70.0000	68.0000
89.8374	442	70.0000	68.0000
90.0407	443	70.0000	68.0000
90.2439	444	71.0000	68.0000
90.4472	445	71.0000	68.0000
90.6504	446	70.0000	68.0000
90.8537	447	71.0000	68.0000
91.0569	448	69.0000	68.0000
91.2602	449	70.0000	68.0000
91.4634	450	70.0000	68.0000
91.6667	451	70.0000	68.0000
91.8699	452	71.0000	68.0000
92.0732	453	71.0000	68.0000
92.2764	454	70.0000	68.0000
92.4797	455	71.0000	68.0000
92.6829	456	70.0000	68.0000
92.8862	457	71.0000	68.0000
93.0894	458	68.0000	68.0000
93.2927	459	70.0000	68.1429
93.4959	460	70.0000	68.2857
93.6992	461	70.0000	68.4286
93.9024	462	70.0000	68.5714
94.1057	463	70.0000	68.7143
94.3089	464	70.0000	68.8571
94.5122	465	71.0000	69.0000
94.7154	466	70.0000	69.1429
94.9187	467	71.0000	69.2857
95.1220	468	71.0000	69.4286
95.3252	469	71.0000	69.5714
95.5285	470	71.0000	69.7143
95.7317	471	71.0000	69.8571
95.9350	472	70.0000	70.0000
96.1382	473	71.0000	70.1429
96.3415	474	70.0000	70.2857
96.5447	475	69.0000	70.4286
96.7480	476	70.0000	70.5714
96.9512	477	69.0000	70.7143
97.1545	478	70.0000	70.8571
97.3577	479	71.0000	71.0000
97.5610	480	69.0000	70.9231
97.7642	481	70.0000	70.8462
97.9675	482	69.0000	70.7692
98.1707	483	70.0000	70.6923
98.3740	484	70.0000	70.6154
98.5772	485	69.0000	70.5385
98.7805	486	70.0000	70.4615
98.9837	487	70.0000	70.3846
99.1870	488	71.0000	70.3077
99.3902	489	71.0000	70.2308
99.5935	490	70.0000	70.1538
99.7967	491	71.0000	70.0769
100.0000	492	70.0000	70.0000
---------- 6: r2a_b6 ----------
Offset(%)	Offset(pix)	Profile	Background
0.0000	0	76.0000	76.0000
0.2033	1	77.0000	76.3333
0.4065	2	76.0000	76.6667
0.6098	3	77.0000	77.0000
0.8130	4	76.0000	77.0353
1.0163	5	78.0000	77.0706
1.2195	6	76.0000	77.1059
1.4228	7	77.0000	77.1412
1.6260	8	78.0000	77.1765
1.8293	9	77.0000	77.2118
2.0325	10	79.0000	77.2471
2.2358	11	80.0000	77.2824
2.4390	12	78.0000	77.3176
2.6423	13	78.0000	77.3529
2.8455	14	79.0000	77.3882
3.0488	15	79.0000	77.4235
3.2520	16	80.0000	77.4588
3.4553	17	80.0000	77.4941
3.6585	18	80.0000	77.5294
3.8618	19	83.0000	77.5647
4.0650	20	90.0000	77.6000
4.2683	21	103.0000	77.6353
4.4715	22	106.0000	77.6706
4.6748	23	96.0000	77.7059
4.8780	24	88.0000	77.7412
5.0813	25	93.0000	77.7765
5.2846	26	105.0000	77.8118
5.4878	27	105.0000	77.8471
5.6911	28	97.0000	77.8824
5.8943	29	89.0000	77.9176
6.0976	30	87.0000	77.9529
6.3008	31	92.0000	77.9882
6.5041	32	102.0000	78.0235
6.7073	33	104.0000	78.0588
6.9106	34	122.0000	78.0941
7.1138	35	223.0000	78.1294
7.3171	36	596.0000	78.1647
7.5203	37	815.0000	78.2000
7.7236	38	565.0000	78.2353
7.9268	39	364.0000	78.2706
8.1301	40	556.0000	78.3059
8.3333	41	818.0000	78.3412
8.5366	42	912.0000	78.3765
8.7398	43	909.0000	78.4118
8.9431	44	765.0000	78.4471
9.1463	45	469.0000	78.4824
9.3496	46	313.0000	78.5176
9.5528	47	227.0000	78.5529
9.7561	48	168.0000	78.5882
9.9593	49	148.0000	78.6235
10.1626	50	142.0000	78.6588
10.3659	51	138.0000	78.6941
10.5691	52	138.0000	78.7294
10.7724	53	134.0000	78.7647
10.9756	54	130.0000	78.8000
11.1789	55	130.0000	78.8353
11.3821	56	125.0000	78.8706
11.5854	57	127.0000	78.9059
11.7886	58	123.0000	78.9412
11.9919	59	123.0000	78.9765
12.1951	60	123.0000	79.0118
12.3984	61	123.0000	79.0471
12.6016	62	124.0000	79.0824
12.8049	63	124.0000	79.1176
13.0081	64	126.0000	79.1529
13.2114	65	124.0000	79.1882
13.4146	66	125.0000	79.2235
13.6179	67	125.0000	79.2588
13.8211	68	125.0000	79.2941
14.0244	69	127.0000	79.3294
14.2276	70	123.0000	79.3647
14.4309	71	125.0000	79.4000
14.6341	72	127.0000	79.4353
14.8374	73	128.0000	79.4706
15.0407	74	130.0000	79.5059
15.2439	75	135.0000	79.5412
15.4472	76	136.0000	79.5765
15.6504	77	147.0000	79.6118
15.8537	78	151.0000	79.6471
16.0569	79	157.0000	79.6824
16.2602	80	166.0000	79.7176
16.4634	81	178.0000	79.7529
16.6667	82	196.0000	79.7882
16.8699	83	214.0000	79.8235
17.0732	84	247.0000	79.8588
17.2764	85	277.0000	79.8941
17.4797	86	337.0000	79.9294
17.6829	87	396.0000	79.9647
17.8862	88	465.0000	80.0000
18.0894	89	532.0000	80.0353
18.2927	90	589.0000	80.0706
18.4959	91	614.0000	80.1059
18.6992	92	631.0000	80.1412
18.9024	93	643.0000	80.1765
19.1057	94	643.0000	80.2118
19.3089	95	632.0000	80.2471
19.5122	96	606.0000	80.2824
19.7154	97	579.0000	80.3176
19.9187	98	568.0000	80.3529
20.1220	99	543.0000	80.3882
20.3252	100	516.0000	80.4235
20.5285	101	498.0000	80.4588
20.7317	102	467.0000	80.4941
20.9350	103	447.0000	80.5294
21.1382	104	427.0000	80.5647
21.3415	105	395.0000	80.6000
21.5447	106	379.0000	80.6353
21.7480	107	356.0000	80.6706
21.9512	108	338.0000	80.7059
22.1545	109	319.0000	80.7412
22.3577	110	302.0000	80.7765
22.5610	111	286.0000	80.8118
22.7642	112	272.0000	80.8471
22.9675	113	258.0000	80.8824
23.1707	114	238.0000	80.9176
23.3740	115	234.0000	80.9529
23.5772	116	225.0000	80.9882
23.7805	117	216.0000	81.0235
23.9837	118	205.0000	81.0588
24.1870	119	193.0000	81.0941
24.3902	120	192.0000	81.1294
24.5935	121	182.0000	81.1647
24.7967	122	175.0000	81.2000
25.0000	123	172.0000	81.2353
25.2033	124	165.0000	81.2706
25.4065	125	159.0000	81.3059
25.6098	126	155.0000	81.3412
25.8130	127	151.0000	81.3765
26.0163	128	145.0000	81.4118
26.2195	129	144.0000	81.4471
26.4228	130	142.0000	81.4824
26.6260	131	140.0000	81.5176
26.8293	132	135.0000	81.5529
27.0325	133	131.0000	81.5882
27.2358	134	128.0000	81.6235
27.4390	135	125.0000	81.6588
27.6423	136	123.0000	81.6941
27.8455	137	123.0000	81.7294
28.0488	138	116.0000	81.7647
28.2520	139	117.0000	81.8000
28.4553	140	114.0000	81.8353
28.6585	141	115.0000	81.8706
28.8618	142	111.0000	81.9059
29.0650	143	109.0000	81.9412
29.2683	144	108.0000	81.9765
29.4715	145	106.0000	82.0118
29.6748	146	106.0000	82.0471
29.8780	147	102.0000	82.0824
30.0813	148	100.0000	82.1176
30.2846	149	103.0000	82.1529
30.4878	150	100.0000	82.1882
30.6911	151	97.0000	82.2235
30.8943	152	97.0000	82.2588
31.0976	153	95.0000	82.2941
31.3008	154	95.0000	82.3294
31.5041	155	95.0000	82.3647
31.7073	156	93.0000	82.4000
31.9106	157	93.0000	82.4353
32.1138	158	90.0000	82.4706
32.3171	159	90.0000	82.5059
32.5203	160	88.0000	82.5412
32.7236	161	88.0000	82.5765
32.9268	162	88.0000	82.6118
33.1301	163	87.0000	82.6471
33.3333	164	88.0000	82.6824
33.5366	165	87.0000	82.7176
33.7398	166	87.0000	82.7529
33.9431	167	85.0000	82.7882
34.1463	168	87.0000	82.8235
34.3496	169	85.0000	82.8588
34.5528	170	85.0000	82.8941
34.7561	171	86.0000	82.9294
34.9593	172	84.0000	82.9647
35.1626	173	83.0000	83.0000
35.3659	174	84.0000	82.8333
35.5691	175	83.0000	82.6667
35.7724	176	83.0000	82.5000
35.9756	177	82.0000	82.3333
36.1789	178	82.0000	82.1667
36.3821	179	83.0000	82.0000
36.5854	180	81.0000	81.8333
36.7886	181	82.0000	81.6667
36.9919	182	81.0000	81.5000
37.1951	183	84.0000	81.3333
37.3984	184	81.0000	81.1667
37.6016	185	81.0000	81.0000
37.8049	186	80.0000	80.8333
38.0081	187	80.0000	80.6667
38.2114	188	79.0000	80.5000
38.4146	189	80.0000	80.3333
38.6179	190	78.0000	80.1667
38.8211	191	79.0000	80.0000
39.0244	192	80.0000	79.8333
39.2276	193	79.0000	79.6667
39.4309	194	80.0000	79.5000
39.6341	195	79.0000	79.3333
39.8374	196	78.0000	79.1667
40.0407	197	79.0000	79.0000
40.2439	198	79.0000	78.8929
40.4472	199	79.0000	78.7857
40.6504	200	78.0000	78.6786
40.8537	201	77.0000	78.5714
41.0569	202	77.0000	78.4643
41.2602	203	78.0000	78.3571
41.4634	204	77.0000	78.2500
41.6667	205	78.0000	78.1429
41.8699	206	78.0000	78.0357
42.0732	207	77.0000	77.9286
42.2764	208	77.0000	77.8214
42.4797	209	78.0000	77.7143
42.6829	210	76.0000	77.6071
42.8862	211	76.0000	77.5000
43.0894	212	78.0000	77.3929
43.2927	213	76.0000	77.2857
43.4959	214	77.0000	77.1786
43.6992	215	75.0000	77.0714
43.9024	216	76.0000	76.9643
44.1057	217	77.0000	76.8571
44.3089	218	78.0000	76.7500
44.5122	219	75.0000	76.6429
44.7154	220	76.0000	76.5357
44.9187	221	76.0000	76.4286
45.1220	222	77.0000	76.3214
45.3252	223	75.0000	76.2143
45.5285	224	76.0000	76.1071
45.7317	225	76.0000	76.0000
45.9350	226	75.0000	75.9231
46.1382	227	76.0000	75.8462
46.3415	228	75.0000	75.7692
46.5447	229	75.0000	75.6923
46.7480	230	75.0000	75.6154
46.9512	231	75.0000	75.5385
47.1545	232	74.0000	75.4615
47.3577	233	75.0000	75.3846
47.5610	234	75.0000	75.3077
47.7642	235	75.0000	75.2308
47.9675	236	74.0000	75.1538
48.1707	237	75.0000	75.0769
48.3740	238	73.0000	75.0000
48.5772	239	73.0000	74.9231
48.7805	240	73.0000	74.8462
48.9837	241	75.0000	74.7692
49.1870	242	74.0000	74.6923
49.3902	243	74.0000	74.6154
49.5935	244	74.0000	74.5385
49.7967	245	74.0000	74.4615
50.0000	246	74.0000	74.3846
50.2033	247	75.0000	74.3077
50.4065	248	73.0000	74.2308
50.6098	249	72.0000	74.1538
50.8130	250	72.0000	74.0769
51.0163	251	74.0000	74.0000
51.2195	252	74.0000	73.9286
51.4228	253	73.0000	73.8571
51.6260	254	73.0000	73.7857
51.8293	255	73.0000	73.7143
52.0325	256	72.0000	73.6429
52.2358	257	73.0000	73.5714
52.4390	258	73.0000	73.5000
52.6423	259	74.0000	73.4286
52.8455	260	73.0000	73.3571
53.0488	261	73.0000	73.2857
53.2520	262	72.0000	73.2143
53.4553	263	72.0000	73.1429
53.6585	264	72.0000	73.0714
53.8618	265	72.0000	73.0000
54.0650	266	72.0000	72.9286
54.2683	267	73.0000	72.8571
54.4715	268	72.0000	72.7857
54.6748	269	71.0000	72.7143
54.8780	270	73.0000	72.6429
55.0813	271	73.0000	72.5714
55.2846	272	71.0000	72.5000
55.4878	273	71.0000	72.4286
55.6911	274	72.0000	72.3571
55.8943	275	72.0000	72.2857
56.0976	276	72.0000	72.2143
56.3008	277	71.0000	72.1429
56.5041	278	72.0000	72.0714
56.7073	279	72.0000	72.0000
56.9106	280	71.0000	71.9333
57.1138	281	73.0000	71.8667
57.3171	282	71.0000	71.8000
57.5203	283	71.0000	71.7333
57.7236	284	71.0000	71.6667
57.9268	285	72.0000	71.6000
58.1301	286	72.0000	71.5333
58.3333	287	71.0000	71.4667
58.5366	288	70.0000	71.4000
58.7398	289	72.0000	71.3333
58.9431	290	71.0000	71.2667
59.1463	291	71.0000	71.2000
59.3496	292	70.0000	71.1333
59.5528	293	70.0000	71.0667
59.7561	294	73.0000	71.0000
59.9593	295	72.0000	70.9333
60.1626	296	72.0000	70.8667
60.3659	297	71.0000	70.8000
60.5691	298	72.0000	70.7333
60.7724	299	71.0000	70.6667
60.9756	300	71.0000	70.6000
61.1789	301	71.0000	70.5333
61.3821	302	71.0000	70.4667
61.5854	303	70.0000	70.4000
61.7886	304	71.0000	70.3333
61.9919	305	71.0000	70.2667
62.1951	306	69.0000	70.2000
62.3984	307	70.0000	70.1333
62.6016	308	70.0000	70.0667
62.8049	309	70.0000	70.0000
63.0081	310	72.0000	69.9643
63.2114	311	69.0000	69.9286
63.4146	312	69.0000	69.8929
63.6179	313	71.0000	69.8571
63.8211	314	71.0000	69.8214
64.0244	315	70.0000	69.7857
64.2276	316	71.0000	69.7500
64.4309	317	70.0000	69.7143
64.6341	318	70.0000	69.6786
64.8374	319	69.0000	69.6429
65.0407	320	69.0000	69.6071
65.2439	321	69.0000	69.5714
65.4472	322	68.0000	69.5357
65.6504	323	70.0000	69.5000
65.8537	324	70.0000	69.4643
66.0569	325	68.0000	69.4286
66.2602	326	70.0000	69.3929
66.4634	327	69.0000	69.3571
66.6667	328	69.0000	69.3214
66.8699	329	69.0000	69.2857
67.0732	330	68.0000	69.2500
67.2764	331	69.0000	69.2143
67.4797	332	68.0000	69.1786
67.6829	333	70.0000	69.1429
67.8862	334	69.0000	69.1071
68.0894	335	69.0000	69.0714
68.2927	336	67.0000	69.0357
68.4959	337	69.0000	69.0000
68.6992	338	69.0000	68.9565
68.9024	339	68.0000	68.9130
69.1057	340	68.0000	68.8696
69.3089	341	68.0000	68.8261
69.5122	342	69.0000	68.7826
69.7154	343	68.0000	68.7391
69.9187	344	70.0000	68.6957
70.1220	345	68.0000	68.6522
70.3252	346	68.0000	68.6087
70.5285	347	68.0000	68.5652
70.7317	348	69.0000	68.5217
70.9350	349	69.0000	68.4783
71.1382	350	69.0000	68.4348
71.3415	351	68.0000	68.3913
71.5447	352	69.0000	68.3478
71.7480	353	68.0000	68.3043
71.9512	354	68.0000	68.2609
72.1545	355	69.0000	68.2174
72.3577	356	69.0000	68.1739
72.5610	357	67.0000	68.1304
72.7642	358	69.0000	68.0870
72.9675	359	68.0000	68.0435
73.1707	360	68.0000	68.0000
73.3740	361	69.0000	68.0270
73.5772	362	69.0000	68.0541
73.7805	363	69.0000	68.0811
73.9837	364	68.0000	68.1081
74.1870	365	69.0000	68.1351
74.3902	366	70.0000	68.1622
74.5935	367	71.0000	68.1892
74.7967	368	70.0000	68.2162
75.0000	369	67.0000	68.2432
75.2033	370	70.0000	68.2703
75.4065	371	69.0000	68.2973
75.6098	372	70.0000	68.3243
75.8130	373	69.0000	68.3513
76.0163	374	69.0000	68.3784
76.2195	375	68.0000	68.4054
76.4228	376	69.0000	68.4324
76.6260	377	70.0000	68.4595
76.8293	378	69.0000	68.4865
77.0325	379	69.0000	68.5135
77.2358	380	70.0000	68.5405
77.4390	381	70.0000	68.5676
77.6423	382	69.0000	68.5946
77.8455	383	69.0000	68.6216
78.0488	384	69.0000	68.6487
78.2520	385	70.0000	68.6757
78.4553	386	69.0000	68.7027
78.6585	387	68.0000	68.7297
78.8618	388	69.0000	68.7568
79.0650	389	69.0000	68.7838
79.2683	390	70.0000	68.8108
79.4715	391	70.0000	68.8378
79.6748	392	69.0000	68.8649
79.8780	393	69.0000	68.8919
80.0813	394	69.0000	68.9189
80.2846	395	68.0000	68.9459
80.4878	396	71.0000	68.9730
80.6911	397	69.0000	69.0000
80.8943	398	69.0000	69.0000
81.0976	399	69.0000	69.0000
81.3008	400	70.0000	69.0000
81.5041	401	69.0000	69.0000
81.7073	402	70.0000	69.0000
81.9106	403	68.0000	69.0000
82.1138	404	69.0000	69.0000
82.3171	405	68.0000	69.0000
82.5203	406	70.0000	69.0000
82.7236	407	70.0000	69.0000
82.9268	408	69.0000	69.0000
83.1301	409	69.0000	69.0000
83.3333	410	70.0000	69.0000
83.5366	411	70.0000	69.0000
83.7398	412	70.0000	69.0000
83.9431	413	70.0000	69.0000
84.1463	414	69.0000	69.0000
84.3496	415	69.0000	69.0000
84.5528	416	69.0000	69.0000
84.7561	417	70.0000	69.0000
84.9593	418	68.0000	69.0000
85.1626	419	70.0000	69.0000
85.3659	420	69.0000	69.0000
85.5691	421	70.0000	69.0000
85.7724	422	69.0000	69.0000
85.9756	423	70.0000	69.0000
86.1789	424	70.0000	69.0000
86.3821	425	69.0000	69.0000
86.5854	426	70.0000	69.0500
86.7886	427	70.0000	69.1000
86.9919	428	69.0000	69.1500
87.1951	429	70.0000	69.2000
87.3984	430	71.0000	69.2500
87.6016	431	70.0000	69.3000
87.8049	432	68.0000	69.3500
88.0081	433	70.0000	69.4000
88.2114	434	71.0000	69.4500
88.4146	435	69.0000	69.5000
88.6179	436	69.0000	69.5500
88.8211	437	69.0000	69.6000
89.0244	438	70.0000	69.6500
89.2276	439	70.0000	69.7000
89.4309	440	71.0000	69.7500
89.6341	441	70.0000	69.8000
89.8374	442	70.0000	69.8500
90.0407	443	70.0000	69.9000
90.2439	444	70.0000	69.9500
90.4472	445	70.0000	70.0000
90.6504	446	70.0000	69.9677
90.8537	447	69.0000	69.9355
91.0569	448	71.0000	69.9032
91.2602	449	70.0000	69.8710
91.4634	450	70.0000	69.8387
91.6667	451	70.0000	69.8064
91.8699	452	70.0000	69.7742
92.0732	453	70.0000	69.7419
92.2764	454	70.0000	69.7097
92.4797	455	69.0000	69.6774
92.6829	456	70.0000	69.6452
92.8862	457	70.0000	69.6129
93.0894	458	70.0000	69.5806
93.2927	459	70.0000	69.5484
93.4959	460	70.0000	69.5161
93.6992	461	69.0000	69.4839
93.9024	462	70.0000	69.4516
94.1057	463	70.0000	69.4194
94.3089	464	71.0000	69.3871
94.5122	465	69.0000	69.3548
94.7154	466	69.0000	69.3226
94.9187	467	70.0000	69.2903
95.1220	468	71.0000	69.2581
95.3252	469	70.0000	69.2258
95.5285	470	70.0000	69.1936
95.7317	471	70.0000	69.1613
95.9350	472	69.0000	69.1290
96.1382	473	70.0000	69.0968
96.3415	474	71.0000	69.0645
96.5447	475	71.0000	69.0323
96.7480	476	69.0000	69.0000
96.9512	477	71.0000	69.1250
97.1545	478	70.0000	69.2500
97.3577	479	70.0000	69.3750
97.5610	480	71.0000	69.5000
97.7642	481	69.0000	69.6250
97.9675	482	70.0000	69.7500
98.1707	483	70.0000	69.8750
98.3740	484	71.0000	70.0000
98.5772	485	69.0000	70.1250
98.7805	486	71.0000	70.2500
98.9837	487	70.0000	70.3750
99.1870	488	70.0000	70.5000
99.3902	489	70.0000	70.6250
99.5935	490	69.0000	70.7500
99.7967	491	70.0000	70.8750
100.0000	492	71.0000	71.0000
