---------- 1: r2b_h1 ----------
Offset(%)	Offset(pix)	Profile	Background
0.0000	0	71.0000	71.0000
0.2110	1	71.0000	70.5294
0.4219	2	71.0000	70.0588
0.6329	3	70.0000	69.5882
0.8439	4	70.0000	69.1176
1.0549	5	69.0000	68.6471
1.2658	6	67.0000	68.1765
1.4768	7	65.0000	67.7059
1.6878	8	64.0000	67.2353
1.8987	9	64.0000	66.7647
2.1097	10	67.0000	66.2941
2.3207	11	73.0000	65.8235
2.5316	12	75.0000	65.3529
2.7426	13	72.0000	64.8824
2.9536	14	69.0000	64.4118
3.1646	15	66.0000	63.9412
3.3755	16	66.0000	63.4706
3.5865	17	63.0000	63.0000
3.7975	18	64.0000	63.0301
4.0084	19	68.0000	63.0602
4.2194	20	79.0000	63.0902
4.4304	21	94.0000	63.1203
4.6414	22	92.0000	63.1504
4.8523	23	77.0000	63.1805
5.0633	24	74.0000	63.2105
5.2743	25	71.0000	63.2406
5.4852	26	71.0000	63.2707
5.6962	27	72.0000	63.3008
5.9072	28	76.0000	63.3308
6.1181	29	80.0000	63.3609
6.3291	30	86.0000	63.3910
6.5401	31	94.0000	63.4211
6.7511	32	104.0000	63.4511
6.9620	33	106.0000	63.4812
7.1730	34	100.0000	63.5113
7.3840	35	95.0000	63.5414
7.5949	36	90.0000	63.5714
7.8059	37	90.0000	63.6015
8.0169	38	87.0000	63.6316
8.2278	39	87.0000	63.6617
8.4388	40	84.0000	63.6917
8.6498	41	84.0000	63.7218
8.8608	42	84.0000	63.7519
9.0717	43	85.0000	63.7820
9.2827	44	84.0000	63.8120
9.4937	45	84.0000	63.8421
9.7046	46	83.0000	63.8722
9.9156	47	82.0000	63.9023
10.1266	48	83.0000	63.9323
10.3376	49	84.0000	63.9624
10.5485	50	83.0000	63.9925
10.7595	51	83.0000	64.0226
10.9705	52	84.0000	64.0526
11.1814	53	86.0000	64.0827
11.3924	54	85.0000	64.1128
11.6034	55	85.0000	64.1429
11.8143	56	85.0000	64.1729
12.0253	57	85.0000	64.2030
12.2363	58	86.0000	64.2331
12.4473	59	84.0000	64.2632
12.6582	60	87.0000	64.2932
12.8692	61	89.0000	64.3233
13.0802	62	87.0000	64.3534
13.2911	63	88.0000	64.3835
13.5021	64	89.0000	64.4135
13.7131	65	90.0000	64.4436
13.9241	66	92.0000	64.4737
14.1350	67	94.0000	64.5038
14.3460	68	96.0000	64.5338
14.5570	69	96.0000	64.5639
14.7679	70	99.0000	64.5940
14.9789	71	103.0000	64.6241
15.1899	72	106.0000	64.6541
15.4008	73	111.0000	64.6842
15.6118	74	119.0000	64.7143
15.8228	75	129.0000	64.7444
16.0338	76	146.0000	64.7744
16.2447	77	166.0000	64.8045
16.4557	78	192.0000	64.8346
16.6667	79	219.0000	64.8647
16.8776	80	232.0000	64.8947
17.0886	81	234.0000	64.9248
17.2996	82	221.0000	64.9549
17.5105	83	205.0000	64.9850
17.7215	84	189.0000	65.0150
17.9325	85	174.0000	65.0451
18.1435	86	164.0000	65.0752
18.3544	87	150.0000	65.1053
18.5654	88	143.0000	65.1353
18.7764	89	135.0000	65.1654
18.9873	90	126.0000	65.1955
19.1983	91	118.0000	65.2256
19.4093	92	113.0000	65.2556
19.6203	93	108.0000	65.2857
19.8312	94	103.0000	65.3158
20.0422	95	101.0000	65.3459
20.2532	96	97.0000	65.3759
20.4641	97	92.0000	65.4060
20.6751	98	92.0000	65.4361
20.8861	99	88.0000	65.4662
21.0970	100	88.0000	65.4962
21.3080	101	87.0000	65.5263
21.5190	102	87.0000	65.5564
21.7300	103	83.0000	65.5865
21.9409	104	82.0000	65.6165
22.1519	105	83.0000	65.6466
22.3629	106	82.0000	65.6767
22.5738	107	80.0000	65.7068
22.7848	108	79.0000	65.7368
22.9958	109	78.0000	65.7669
23.2068	110	77.0000	65.7970
23.4177	111	77.0000	65.8271
23.6287	112	77.0000	65.8571
23.8397	113	75.0000	65.8872
24.0506	114	76.0000	65.9173
24.2616	115	76.0000	65.9474
24.4726	116	75.0000	65.9774
24.6835	117	75.0000	66.0075
24.8945	118	74.0000	66.0376
25.1055	119	75.0000	66.0677
25.3165	120	74.0000	66.0977
25.5274	121	73.0000	66.1278
25.7384	122	73.0000	66.1579
25.9494	123	71.0000	66.1880
26.1603	124	73.0000	66.2180
26.3713	125	72.0000	66.2481
26.5823	126	70.0000	66.2782
26.7932	127	70.0000	66.3083
27.0042	128	71.0000	66.3383
27.2152	129	71.0000	66.3684
27.4262	130	71.0000	66.3985
27.6371	131	70.0000	66.4286
27.8481	132	69.0000	66.4586
28.0591	133	72.0000	66.4887
28.2700	134	71.0000	66.5188
28.4810	135	70.0000	66.5489
28.6920	136	70.0000	66.5789
28.9030	137	70.0000	66.6090
29.1139	138	69.0000	66.6391
29.3249	139	69.0000	66.6692
29.5359	140	69.0000	66.6992
29.7468	141	69.0000	66.7293
29.9578	142	69.0000	66.7594
30.1688	143	69.0000	66.7895
30.3797	144	68.0000	66.8195
30.5907	145	70.0000	66.8496
30.8017	146	69.0000	66.8797
31.0127	147	68.0000	66.9098
31.2236	148	69.0000	66.9398
31.4346	149	70.0000	66.9699
31.6456	150	67.0000	67.0000
31.8565	151	68.0000	67.0714
32.0675	152	69.0000	67.1429
32.2785	153	68.0000	67.2143
32.4895	154	68.0000	67.2857
32.7004	155	68.0000	67.3571
32.9114	156	68.0000	67.4286
33.1224	157	68.0000	67.5000
33.3333	158	68.0000	67.5714
33.5443	159	69.0000	67.6429
33.7553	160	70.0000	67.7143
33.9662	161	69.0000	67.7857
34.1772	162	68.0000	67.8571
34.3882	163	69.0000	67.9286
34.5992	164	69.0000	68.0000
34.8101	165	68.0000	68.0714
35.0211	166	68.0000	68.1429
35.2321	167	68.0000	68.2143
35.4430	168	68.0000	68.2857
35.6540	169	68.0000	68.3571
35.8650	170	68.0000	68.4286
36.0759	171	68.0000	68.5000
36.2869	172	67.0000	68.5714
36.4979	173	67.0000	68.6429
36.7089	174	68.0000	68.7143
36.9198	175	68.0000	68.7857
37.1308	176	68.0000	68.8571
37.3418	177	69.0000	68.9286
37.5527	178	69.0000	69.0000
37.7637	179	68.0000	69.0000
37.9747	180	69.0000	69.0000
38.1857	181	69.0000	69.0000
38.3966	182	69.0000	69.0000
38.6076	183	67.0000	69.0000
38.8186	184	70.0000	69.0000
39.0295	185	67.0000	69.0000
39.2405	186	69.0000	69.0000
39.4515	187	69.0000	69.0000
39.6624	188	68.0000	69.0000
39.8734	189	68.0000	69.0000
40.0844	190	69.0000	69.0000
40.2954	191	68.0000	69.0000
40.5063	192	68.0000	69.0000
40.7173	193	68.0000	69.0000
40.9283	194	68.0000	69.0000
41.1392	195	69.0000	69.0000
41.3502	196	68.0000	69.0000
41.5612	197	70.0000	69.0000
41.7722	198	68.0000	69.0000
41.9831	199	68.0000	69.0000
42.1941	200	68.0000	69.0000
42.4051	201	69.0000	69.0000
42.6160	202	68.0000	69.0000
42.8270	203	69.0000	69.0000
43.0380	204	68.0000	69.0000
43.2489	205	68.0000	69.0000
43.4599	206	68.0000	69.0000
43.6709	207	68.0000	69.0000
43.8819	208	69.0000	69.0000
44.0928	209	70.0000	69.0000
44.3038	210	69.0000	69.0000
44.5148	211	68.0000	69.0000
44.7257	212	69.0000	69.0000
44.9367	213	70.0000	69.0000
45.1477	214	69.0000	69.0000
45.3586	215	69.0000	69.0000
45.5696	216	70.0000	69.0000
45.7806	217	70.0000	69.0000
45.9916	218	69.0000	69.0000
46.2025	219	70.0000	69.0000
46.4135	220	69.0000	69.0000
46.6245	221	69.0000	69.0000
46.8354	222	69.0000	69.0000
47.0464	223	69.0000	69.0000
47.2574	224	70.0000	69.0000
47.4684	225	69.0000	69.0000
47.6793	226	69.0000	69.0000
47.8903	227	69.0000	69.0000
48.1013	228	69.0000	69.0455
48.3122	229	69.0000	69.0909
48.5232	230	69.0000	69.1364
48.7342	231	69.0000	69.1818
48.9451	232	70.0000	69.2273
49.1561	233	70.0000	69.2727
49.3671	234	68.0000	69.3182
49.5781	235	69.0000	69.3636
49.7890	236	69.0000	69.4091
50.0000	237	70.0000	69.4545
50.2110	238	68.0000	69.5000
50.4219	239	69.0000	69.5455
50.6329	240	70.0000	69.5909
50.8439	241	70.0000	69.6364
51.0549	242	69.0000	69.6818
51.2658	243	69.0000	69.7273
51.4768	244	70.0000	69.7727
51.6878	245	69.0000	69.8182
51.8987	246	69.0000	69.8636
52.1097	247	69.0000	69.9091
52.3207	248	69.0000	69.9545
52.5316	249	70.0000	70.0000
52.7426	250	70.0000	70.0455
52.9536	251	70.0000	70.0909
53.1646	252	69.0000	70.1364
53.3755	253	71.0000	70.1818
53.5865	254	69.0000	70.2273
53.7975	255	71.0000	70.2727
54.0084	256	70.0000	70.3182
54.2194	257	70.0000	70.3636
54.4304	258	69.0000	70.4091
54.6414	259	70.0000	70.4545
54.8523	260	69.0000	70.5000
55.0633	261	70.0000	70.5455
55.2743	262	69.0000	70.5909
55.4852	263	70.0000	70.6364
55.6962	264	69.0000	70.6818
55.9072	265	70.0000	70.7273
56.1181	266	71.0000	70.7727
56.3291	267	70.0000	70.8182
56.5401	268	69.0000	70.8636
56.7511	269	70.0000	70.9091
56.9620	270	70.0000	70.9545
57.1730	271	71.0000	71.0000
57.3840	272	70.0000	71.0455
57.5949	273	70.0000	71.0909
57.8059	274	69.0000	71.1364
58.0169	275	70.0000	71.1818
58.2278	276	70.0000	71.2273
58.4388	277	70.0000	71.2727
58.6498	278	71.0000	71.3182
58.8608	279	71.0000	71.3636
59.0717	280	71.0000	71.4091
59.2827	281	70.0000	71.4545
59.4937	282	69.0000	71.5000
59.7046	283	70.0000	71.5455
59.9156	284	70.0000	71.5909
60.1266	285	71.0000	71.6364
60.3376	286	70.0000	71.6818
60.5485	287	69.0000	71.7273
60.7595	288	71.0000	71.7727
60.9705	289	71.0000	71.8182
61.1814	290	71.0000	71.8636
61.3924	291	71.0000	71.9091
61.6034	292	70.0000	71.9545
61.8143	293	71.0000	72.0000
62.0253	294	71.0000	72.0455
62.2363	295	72.0000	72.0909
62.4473	296	72.0000	72.1364
62.6582	297	71.0000	72.1818
62.8692	298	71.0000	72.2273
63.0802	299	72.0000	72.2727
63.2911	300	73.0000	72.3182
63.5021	301	72.0000	72.3636
63.7131	302	72.0000	72.4091
63.9241	303	73.0000	72.4545
64.1350	304	73.0000	72.5000
64.3460	305	73.0000	72.5455
64.5570	306	73.0000	72.5909
64.7679	307	74.0000	72.6364
64.9789	308	75.0000	72.6818
65.1899	309	74.0000	72.7273
65.4008	310	72.0000	72.7727
65.6118	311	73.0000	72.8182
65.8228	312	72.0000	72.8636
66.0338	313	73.0000	72.9091
66.2447	314	75.0000	72.9545
66.4557	315	73.0000	73.0000
66.6667	316	75.0000	73.0102
66.8776	317	73.0000	73.0204
67.0886	318	76.0000	73.0306
67.2996	319	74.0000	73.0408
67.5105	320	74.0000	73.0510
67.7215	321	74.0000	73.0612
67.9325	322	73.0000	73.0714
68.1435	323	74.0000	73.0816
68.3544	324	75.0000	73.0918
68.5654	325	75.0000	73.1020
68.7764	326	76.0000	73.1122
68.9873	327	78.0000	73.1225
69.1983	328	76.0000	73.1327
69.4093	329	76.0000	73.1429
69.6203	330	75.0000	73.1531
69.8312	331	77.0000	73.1633
70.0422	332	77.0000	73.1735
70.2532	333	77.0000	73.1837
70.4641	334	77.0000	73.1939
70.6751	335	77.0000	73.2041
70.8861	336	77.0000	73.2143
71.0970	337	77.0000	73.2245
71.3080	338	80.0000	73.2347
71.5190	339	78.0000	73.2449
71.7300	340	79.0000	73.2551
71.9409	341	78.0000	73.2653
72.1519	342	79.0000	73.2755
72.3629	343	77.0000	73.2857
72.5738	344	78.0000	73.2959
72.7848	345	79.0000	73.3061
72.9958	346	79.0000	73.3163
73.2068	347	80.0000	73.3265
73.4177	348	79.0000	73.3367
73.6287	349	81.0000	73.3469
73.8397	350	80.0000	73.3571
74.0506	351	80.0000	73.3673
74.2616	352	81.0000	73.3775
74.4726	353	79.0000	73.3878
74.6835	354	81.0000	73.3980
74.8945	355	81.0000	73.4082
75.1055	356	79.0000	73.4184
75.3165	357	82.0000	73.4286
75.5274	358	81.0000	73.4388
75.7384	359	81.0000	73.4490
75.9494	360	81.0000	73.4592
76.1603	361	81.0000	73.4694
76.3713	362	81.0000	73.4796
76.5823	363	81.0000	73.4898
76.7932	364	81.0000	73.5000
77.0042	365	81.0000	73.5102
77.2152	366	82.0000	73.5204
77.4262	367	83.0000	73.5306
77.6371	368	80.0000	73.5408
77.8481	369	80.0000	73.5510
78.0591	370	82.0000	73.5612
78.2700	371	82.0000	73.5714
78.4810	372	81.0000	73.5816
78.6920	373	81.0000	73.5918
78.9030	374	80.0000	73.6020
79.1139	375	83.0000	73.6122
79.3249	376	81.0000	73.6225
79.5359	377	82.0000	73.6327
79.7468	378	81.0000	73.6429
79.9578	379	81.0000	73.6531
80.1688	380	80.0000	73.6633
80.3797	381	82.0000	73.6735
80.5907	382	82.0000	73.6837
80.8017	383	81.0000	73.6939
81.0127	384	80.0000	73.7041
81.2236	385	80.0000	73.7143
81.4346	386	80.0000	73.7245
81.6456	387	80.0000	73.7347
81.8565	388	78.0000	73.7449
82.0675	389	79.0000	73.7551
82.2785	390	78.0000	73.7653
82.4895	391	79.0000	73.7755
82.7004	392	79.0000	73.7857
82.9114	393	78.0000	73.7959
83.1224	394	78.0000	73.8061
83.3333	395	79.0000	73.8163
83.5443	396	79.0000	73.8265
83.7553	397	79.0000	73.8367
83.9662	398	78.0000	73.8469
84.1772	399	78.0000	73.8571
84.3882	400	78.0000	73.8673
84.5992	401	78.0000	73.8775
84.8101	402	76.0000	73.8878
85.0211	403	77.0000	73.8980
85.2321	404	74.0000	73.9082
85.4430	405	76.0000	73.9184
85.6540	406	77.0000	73.9286
85.8650	407	75.0000	73.9388
86.0759	408	76.0000	73.9490
86.2869	409	75.0000	73.9592
86.4979	410	75.0000	73.9694
86.7089	411	75.0000	73.9796
86.9198	412	73.0000	73.9898
87.1308	413	74.0000	74.0000
87.3418	414	73.0000	73.9333
87.5527	415	74.0000	73.8667
87.7637	416	73.0000	73.8000
87.9747	417	74.0000	73.7333
88.1857	418	74.0000	73.6667
88.3966	419	74.0000	73.6000
88.6076	420	73.0000	73.5333
88.8186	421	73.0000	73.4667
89.0295	422	72.0000	73.4000
89.2405	423	72.0000	73.3333
89.4515	424	73.0000	73.2667
89.6624	425	72.0000	73.2000
89.8734	426	72.0000	73.1333
90.0844	427	72.0000	73.0667
90.2954	428	71.0000	73.0000
90.5063	429	73.0000	72.9333
90.7173	430	72.0000	72.8667
90.9283	431	71.0000	72.8000
91.1392	432	71.0000	72.7333
91.3502	433	71.0000	72.6667
91.5612	434	71.0000	72.6000
91.7722	435	70.0000	72.5333
91.9831	436	72.0000	72.4667
92.1941	437	72.0000	72.4000
92.4051	438	72.0000	72.3333
92.6160	439	72.0000	72.2667
92.8270	440	71.0000	72.2000
93.0380	441	71.0000	72.1333
93.2489	442	72.0000	72.0667
93.4599	443	72.0000	72.0000
93.6709	444	72.0000	71.9643
93.8819	445	72.0000	71.9286
94.0928	446	72.0000	71.8929
94.3038	447	72.0000	71.8571
94.5148	448	72.0000	71.8214
94.7257	449	71.0000	71.7857
94.9367	450	72.0000	71.7500
95.1477	451	70.0000	71.7143
95.3586	452	72.0000	71.6786
95.5696	453	71.0000	71.6429
95.7806	454	72.0000	71.6071
95.9916	455	72.0000	71.5714
96.2025	456	72.0000	71.5357
96.4135	457	71.0000	71.5000
96.6245	458	71.0000	71.4643
96.8354	459	72.0000	71.4286
97.0464	460	71.0000	71.3929
97.2574	461	71.0000	71.3571
97.4684	462	72.0000	71.3214
97.6793	463	72.0000	71.2857
97.8903	464	72.0000	71.2500
98.1013	465	72.0000	71.2143
98.3122	466	71.0000	71.1786
98.5232	467	71.0000	71.1429
98.7342	468	73.0000	71.1071
98.9451	469	73.0000	71.0714
99.1561	470	73.0000	71.0357
99.3671	471	71.0000	71.0000
99.5781	472	71.0000	71.3333
99.7890	473	72.0000	71.6667
100.0000	474	72.0000	72.0000
---------- 2: r2b_h2 ----------
Offset(%)	Offset(pix)	Profile	Background
0.0000	0	71.0000	71.0000
0.2110	1	70.0000	70.5294
0.4219	2	70.0000	70.0588
0.6329	3	70.0000	69.5882
0.8439	4	70.0000	69.1176
1.0549	5	66.0000	68.6471
1.2658	6	66.0000	68.1765
1.4768	7	64.0000	67.7059
1.6878	8	65.0000	67.2353
1.8987	9	67.0000	66.7647
2.1097	10	73.0000	66.2941
2.3207	11	73.0000	65.8235
2.5316	12	72.0000	65.3529
2.7426	13	70.0000	64.8824
2.9536	14	67.0000	64.4118
3.1646	15	64.0000	63.9412
3.3755	16	64.0000	63.4706
3.5865	17	63.0000	63.0000
3.7975	18	66.0000	63.0714
4.0084	19	69.0000	63.1429
4.2194	20	72.0000	63.2143
4.4304	21	76.0000	63.2857
4.6414	22	79.0000	63.3571
4.8523	23	71.0000	63.4286
5.0633	24	70.0000	63.5000
5.2743	25	69.0000	63.5714
5.4852	26	68.0000	63.6429
5.6962	27	68.0000	63.7143
5.9072	28	70.0000	63.7857
6.1181	29	70.0000	63.8571
6.3291	30	71.0000	63.9286
6.5401	31	73.0000	64.0000
6.7511	32	72.0000	64.0714
6.9620	33	73.0000	64.1429
7.1730	34	72.0000	64.2143
7.3840	35	71.0000	64.2857
7.5949	36	71.0000	64.3571
7.8059	37	72.0000	64.4286
8.0169	38	72.0000	64.5000
8.2278	39	72.0000	64.5714
8.4388	40	71.0000	64.6429
8.6498	41	72.0000	64.7143
8.8608	42	72.0000	64.7857
9.0717	43	72.0000	64.8571
9.2827	44	71.0000	64.9286
9.4937	45	72.0000	65.0000
9.7046	46	72.0000	65.0714
9.9156	47	72.0000	65.1429
10.1266	48	72.0000	65.2143
10.3376	49	72.0000	65.2857
10.5485	50	72.0000	65.3571
10.7595	51	73.0000	65.4286
10.9705	52	73.0000	65.5000
11.1814	53	72.0000	65.5714
11.3924	54	72.0000	65.6429
11.6034	55	73.0000	65.7143
11.8143	56	72.0000	65.7857
12.0253	57	73.0000	65.8571
12.2363	58	73.0000	65.9286
12.4473	59	72.0000	66.0000
12.6582	60	72.0000	66.0714
12.8692	61	72.0000	66.1429
13.0802	62	73.0000	66.2143
13.2911	63	73.0000	66.2857
13.5021	64	75.0000	66.3571
13.7131	65	74.0000	66.4286
13.9241	66	74.0000	66.5000
14.1350	67	74.0000	66.5714
14.3460	68	74.0000	66.6429
14.5570	69	75.0000	66.7143
14.7679	70	75.0000	66.7857
14.9789	71	77.0000	66.8571
15.1899	72	78.0000	66.9286
15.4008	73	76.0000	67.0000
15.6118	74	76.0000	67.0714
15.8228	75	79.0000	67.1429
16.0338	76	80.0000	67.2143
16.2447	77	80.0000	67.2857
16.4557	78	82.0000	67.3571
16.6667	79	84.0000	67.4286
16.8776	80	88.0000	67.5000
17.0886	81	90.0000	67.5714
17.2996	82	91.0000	67.6429
17.5105	83	95.0000	67.7143
17.7215	84	98.0000	67.7857
17.9325	85	101.0000	67.8571
18.1435	86	105.0000	67.9286
18.3544	87	106.0000	68.0000
18.5654	88	104.0000	68.0714
18.7764	89	109.0000	68.1429
18.9873	90	111.0000	68.2143
19.1983	91	115.0000	68.2857
19.4093	92	113.0000	68.3571
19.6203	93	116.0000	68.4286
19.8312	94	114.0000	68.5000
20.0422	95	115.0000	68.5714
20.2532	96	115.0000	68.6429
20.4641	97	113.0000	68.7143
20.6751	98	114.0000	68.7857
20.8861	99	112.0000	68.8571
21.0970	100	113.0000	68.9286
21.3080	101	113.0000	69.0000
21.5190	102	112.0000	69.0714
21.7300	103	111.0000	69.1429
21.9409	104	109.0000	69.2143
22.1519	105	112.0000	69.2857
22.3629	106	113.0000	69.3571
22.5738	107	108.0000	69.4286
22.7848	108	108.0000	69.5000
22.9958	109	107.0000	69.5714
23.2068	110	108.0000	69.6429
23.4177	111	108.0000	69.7143
23.6287	112	104.0000	69.7857
23.8397	113	105.0000	69.8571
24.0506	114	105.0000	69.9286
24.2616	115	105.0000	70.0000
24.4726	116	105.0000	70.0714
24.6835	117	104.0000	70.1429
24.8945	118	104.0000	70.2143
25.1055	119	105.0000	70.2857
25.3165	120	102.0000	70.3571
25.5274	121	105.0000	70.4286
25.7384	122	101.0000	70.5000
25.9494	123	102.0000	70.5714
26.1603	124	102.0000	70.6429
26.3713	125	100.0000	70.7143
26.5823	126	101.0000	70.7857
26.7932	127	99.0000	70.8571
27.0042	128	99.0000	70.9286
27.2152	129	98.0000	71.0000
27.4262	130	96.0000	71.0714
27.6371	131	99.0000	71.1429
27.8481	132	97.0000	71.2143
28.0591	133	97.0000	71.2857
28.2700	134	94.0000	71.3571
28.4810	135	97.0000	71.4286
28.6920	136	95.0000	71.5000
28.9030	137	93.0000	71.5714
29.1139	138	94.0000	71.6429
29.3249	139	94.0000	71.7143
29.5359	140	94.0000	71.7857
29.7468	141	95.0000	71.8571
29.9578	142	94.0000	71.9286
30.1688	143	92.0000	72.0000
30.3797	144	94.0000	72.0714
30.5907	145	92.0000	72.1429
30.8017	146	93.0000	72.2143
31.0127	147	92.0000	72.2857
31.2236	148	93.0000	72.3571
31.4346	149	93.0000	72.4286
31.6456	150	93.0000	72.5000
31.8565	151	88.0000	72.5714
32.0675	152	91.0000	72.6429
32.2785	153	91.0000	72.7143
32.4895	154	91.0000	72.7857
32.7004	155	89.0000	72.8571
32.9114	156	90.0000	72.9286
33.1224	157	89.0000	73.0000
33.3333	158	88.0000	73.0714
33.5443	159	88.0000	73.1429
33.7553	160	88.0000	73.2143
33.9662	161	88.0000	73.2857
34.1772	162	88.0000	73.3571
34.3882	163	89.0000	73.4286
34.5992	164	90.0000	73.5000
34.8101	165	88.0000	73.5714
35.0211	166	88.0000	73.6429
35.2321	167	88.0000	73.7143
35.4430	168	88.0000	73.7857
35.6540	169	88.0000	73.8571
35.8650	170	87.0000	73.9286
36.0759	171	88.0000	74.0000
36.2869	172	86.0000	74.0714
36.4979	173	87.0000	74.1429
36.7089	174	87.0000	74.2143
36.9198	175	87.0000	74.2857
37.1308	176	85.0000	74.3571
37.3418	177	87.0000	74.4286
37.5527	178	87.0000	74.5000
37.7637	179	85.0000	74.5714
37.9747	180	84.0000	74.6429
38.1857	181	85.0000	74.7143
38.3966	182	85.0000	74.7857
38.6076	183	85.0000	74.8571
38.8186	184	86.0000	74.9286
39.0295	185	85.0000	75.0000
39.2405	186	87.0000	75.0714
39.4515	187	85.0000	75.1429
39.6624	188	84.0000	75.2143
39.8734	189	85.0000	75.2857
40.0844	190	85.0000	75.3571
40.2954	191	83.0000	75.4286
40.5063	192	83.0000	75.5000
40.7173	193	85.0000	75.5714
40.9283	194	85.0000	75.6429
41.1392	195	83.0000	75.7143
41.3502	196	85.0000	75.7857
41.5612	197	85.0000	75.8571
41.7722	198	85.0000	75.9286
41.9831	199	84.0000	76.0000
42.1941	200	82.0000	76.0714
42.4051	201	84.0000	76.1429
42.6160	202	85.0000	76.2143
42.8270	203	82.0000	76.2857
43.0380	204	84.0000	76.3571
43.2489	205	81.0000	76.4286
43.4599	206	82.0000	76.5000
43.6709	207	84.0000	76.5714
43.8819	208	82.0000	76.6429
44.0928	209	82.0000	76.7143
44.3038	210	83.0000	76.7857
44.5148	211	82.0000	76.8571
44.7257	212	83.0000	76.9286
44.9367	213	81.0000	77.0000
45.1477	214	80.0000	77.0714
45.3586	215	80.0000	77.1429
45.5696	216	82.0000	77.2143
45.7806	217	82.0000	77.2857
45.9916	218	81.0000	77.3571
46.2025	219	80.0000	77.4286
46.4135	220	81.0000	77.5000
46.6245	221	83.0000	77.5714
46.8354	222	82.0000	77.6429
47.0464	223	80.0000	77.7143
47.2574	224	80.0000	77.7857
47.4684	225	81.0000	77.8571
47.6793	226	81.0000	77.9286
47.8903	227	81.0000	78.0000
48.1013	228	81.0000	78.0714
48.3122	229	82.0000	78.1429
48.5232	230	81.0000	78.2143
48.7342	231	80.0000	78.2857
48.9451	232	81.0000	78.3571
49.1561	233	80.0000	78.4286
49.3671	234	81.0000	78.5000
49.5781	235	79.0000	78.5714
49.7890	236	81.0000	78.6429
50.0000	237	80.0000	78.7143
50.2110	238	80.0000	78.7857
50.4219	239	79.0000	78.8571
50.6329	240	80.0000	78.9286
50.8439	241	79.0000	79.0000
51.0549	242	79.0000	79.0714
51.2658	243	79.0000	79.1429
51.4768	244	79.0000	79.2143
51.6878	245	79.0000	79.2857
51.8987	246	80.0000	79.3571
52.1097	247	80.0000	79.4286
52.3207	248	79.0000	79.5000
52.5316	249	79.0000	79.5714
52.7426	250	79.0000	79.6429
52.9536	251	79.0000	79.7143
53.1646	252	78.0000	79.7857
53.3755	253	79.0000	79.8571
53.5865	254	78.0000	79.9286
53.7975	255	80.0000	80.0000
54.0084	256	79.0000	79.9510
54.2194	257	78.0000	79.9020
54.4304	258	79.0000	79.8529
54.6414	259	78.0000	79.8039
54.8523	260	78.0000	79.7549
55.0633	261	78.0000	79.7059
55.2743	262	78.0000	79.6569
55.4852	263	78.0000	79.6078
55.6962	264	79.0000	79.5588
55.9072	265	78.0000	79.5098
56.1181	266	78.0000	79.4608
56.3291	267	78.0000	79.4118
56.5401	268	78.0000	79.3627
56.7511	269	79.0000	79.3137
56.9620	270	77.0000	79.2647
57.1730	271	79.0000	79.2157
57.3840	272	78.0000	79.1667
57.5949	273	79.0000	79.1176
57.8059	274	78.0000	79.0686
58.0169	275	79.0000	79.0196
58.2278	276	77.0000	78.9706
58.4388	277	78.0000	78.9216
58.6498	278	78.0000	78.8726
58.8608	279	78.0000	78.8235
59.0717	280	80.0000	78.7745
59.2827	281	78.0000	78.7255
59.4937	282	80.0000	78.6765
59.7046	283	79.0000	78.6274
59.9156	284	80.0000	78.5784
60.1266	285	79.0000	78.5294
60.3376	286	78.0000	78.4804
60.5485	287	78.0000	78.4314
60.7595	288	79.0000	78.3824
60.9705	289	81.0000	78.3333
61.1814	290	79.0000	78.2843
61.3924	291	79.0000	78.2353
61.6034	292	79.0000	78.1863
61.8143	293	80.0000	78.1373
62.0253	294	79.0000	78.0882
62.2363	295	79.0000	78.0392
62.4473	296	80.0000	77.9902
62.6582	297	80.0000	77.9412
62.8692	298	81.0000	77.8922
63.0802	299	81.0000	77.8431
63.2911	300	80.0000	77.7941
63.5021	301	80.0000	77.7451
63.7131	302	79.0000	77.6961
63.9241	303	79.0000	77.6471
64.1350	304	80.0000	77.5980
64.3460	305	79.0000	77.5490
64.5570	306	78.0000	77.5000
64.7679	307	78.0000	77.4510
64.9789	308	78.0000	77.4020
65.1899	309	78.0000	77.3529
65.4008	310	78.0000	77.3039
65.6118	311	79.0000	77.2549
65.8228	312	77.0000	77.2059
66.0338	313	79.0000	77.1569
66.2447	314	78.0000	77.1078
66.4557	315	79.0000	77.0588
66.6667	316	79.0000	77.0098
66.8776	317	77.0000	76.9608
67.0886	318	79.0000	76.9118
67.2996	319	77.0000	76.8627
67.5105	320	79.0000	76.8137
67.7215	321	78.0000	76.7647
67.9325	322	78.0000	76.7157
68.1435	323	79.0000	76.6667
68.3544	324	78.0000	76.6176
68.5654	325	78.0000	76.5686
68.7764	326	78.0000	76.5196
68.9873	327	79.0000	76.4706
69.1983	328	78.0000	76.4216
69.4093	329	79.0000	76.3726
69.6203	330	79.0000	76.3235
69.8312	331	78.0000	76.2745
70.0422	332	78.0000	76.2255
70.2532	333	78.0000	76.1765
70.4641	334	78.0000	76.1274
70.6751	335	78.0000	76.0784
70.8861	336	78.0000	76.0294
71.0970	337	77.0000	75.9804
71.3080	338	77.0000	75.9314
71.5190	339	79.0000	75.8824
71.7300	340	78.0000	75.8333
71.9409	341	77.0000	75.7843
72.1519	342	78.0000	75.7353
72.3629	343	77.0000	75.6863
72.5738	344	76.0000	75.6373
72.7848	345	77.0000	75.5882
72.9958	346	77.0000	75.5392
73.2068	347	78.0000	75.4902
73.4177	348	76.0000	75.4412
73.6287	349	77.0000	75.3922
73.8397	350	77.0000	75.3431
74.0506	351	77.0000	75.2941
74.2616	352	76.0000	75.2451
74.4726	353	76.0000	75.1961
74.6835	354	76.0000	75.1471
74.8945	355	74.0000	75.0980
75.1055	356	74.0000	75.0490
75.3165	357	75.0000	75.0000
75.5274	358	75.0000	74.9302
75.7384	359	75.0000	74.8605
75.9494	360	74.0000	74.7907
76.1603	361	75.0000	74.7209
76.3713	362	75.0000	74.6512
76.5823	363	75.0000	74.5814
76.7932	364	73.0000	74.5116
77.0042	365	73.0000	74.4419
77.2152	366	74.0000	74.3721
77.4262	367	73.0000	74.3023
77.6371	368	74.0000	74.2326
77.8481	369	74.0000	74.1628
78.0591	370	75.0000	74.0930
78.2700	371	74.0000	74.0233
78.4810	372	74.0000	73.9535
78.6920	373	73.0000	73.8837
78.9030	374	73.0000	73.8140
79.1139	375	73.0000	73.7442
79.3249	376	73.0000	73.6744
79.5359	377	74.0000	73.6047
79.7468	378	73.0000	73.5349
79.9578	379	73.0000	73.4651
80.1688	380	73.0000	73.3953
80.3797	381	73.0000	73.3256
80.5907	382	73.0000	73.2558
80.8017	383	72.0000	73.1860
81.0127	384	73.0000	73.1163
81.2236	385	72.0000	73.0465
81.4346	386	73.0000	72.9767
81.6456	387	70.0000	72.9070
81.8565	388	72.0000	72.8372
82.0675	389	72.0000	72.7674
82.2785	390	72.0000	72.6977
82.4895	391	72.0000	72.6279
82.7004	392	71.0000	72.5581
82.9114	393	72.0000	72.4884
83.1224	394	72.0000	72.4186
83.3333	395	71.0000	72.3488
83.5443	396	71.0000	72.2791
83.7553	397	71.0000	72.2093
83.9662	398	71.0000	72.1395
84.1772	399	71.0000	72.0698
84.3882	400	72.0000	72.0000
84.5992	401	72.0000	71.9259
84.8101	402	70.0000	71.8519
85.0211	403	71.0000	71.7778
85.2321	404	70.0000	71.7037
85.4430	405	71.0000	71.6296
85.6540	406	71.0000	71.5556
85.8650	407	71.0000	71.4815
86.0759	408	70.0000	71.4074
86.2869	409	71.0000	71.3333
86.4979	410	71.0000	71.2593
86.7089	411	71.0000	71.1852
86.9198	412	71.0000	71.1111
87.1308	413	71.0000	71.0370
87.3418	414	71.0000	70.9630
87.5527	415	72.0000	70.8889
87.7637	416	71.0000	70.8148
87.9747	417	69.0000	70.7407
88.1857	418	70.0000	70.6667
88.3966	419	70.0000	70.5926
88.6076	420	71.0000	70.5185
88.8186	421	71.0000	70.4444
89.0295	422	71.0000	70.3704
89.2405	423	71.0000	70.2963
89.4515	424	71.0000	70.2222
89.6624	425	70.0000	70.1481
89.8734	426	71.0000	70.0741
90.0844	427	70.0000	70.0000
90.2954	428	70.0000	70.0222
90.5063	429	70.0000	70.0444
90.7173	430	70.0000	70.0667
90.9283	431	70.0000	70.0889
91.1392	432	70.0000	70.1111
91.3502	433	71.0000	70.1333
91.5612	434	70.0000	70.1556
91.7722	435	71.0000	70.1778
91.9831	436	70.0000	70.2000
92.1941	437	69.0000	70.2222
92.4051	438	71.0000	70.2444
92.6160	439	71.0000	70.2667
92.8270	440	70.0000	70.2889
93.0380	441	71.0000	70.3111
93.2489	442	70.0000	70.3333
93.4599	443	71.0000	70.3556
93.6709	444	71.0000	70.3778
93.8819	445	71.0000	70.4000
94.0928	446	71.0000	70.4222
94.3038	447	71.0000	70.4444
94.5148	448	70.0000	70.4667
94.7257	449	70.0000	70.4889
94.9367	450	72.0000	70.5111
95.1477	451	71.0000	70.5333
95.3586	452	72.0000	70.5556
95.5696	453	71.0000	70.5778
95.7806	454	72.0000	70.6000
95.9916	455	72.0000	70.6222
96.2025	456	71.0000	70.6444
96.4135	457	72.0000	70.6667
96.6245	458	71.0000	70.6889
96.8354	459	71.0000	70.7111
97.0464	460	72.0000	70.7333
97.2574	461	70.0000	70.7556
97.4684	462	71.0000	70.7778
97.6793	463	72.0000	70.8000
97.8903	464	70.0000	70.8222
98.1013	465	71.0000	70.8444
98.3122	466	71.0000	70.8667
98.5232	467	71.0000	70.8889
98.7342	468	73.0000	70.9111
98.9451	469	72.0000	70.9333
99.1561	470	71.0000	70.9556
99.3671	471	71.0000	70.9778
99.5781	472	71.0000	71.0000
99.7890	473	71.0000	71.0000
100.0000	474	71.0000	71.0000
---------- 3: r2b_h3 ----------
Offset(%)	Offset(pix)	Profile	Background
0.0000	0	71.0000	71.0000
0.2110	1	72.0000	70.4667
0.4219	2	71.0000	69.9333
0.6329	3	69.0000	69.4000
0.8439	4	67.0000	68.8667
1.0549	5	65.0000	68.3333
1.2658	6	65.0000	67.8000
1.4768	7	64.0000	67.2667
1.6878	8	68.0000	66.7333
1.8987	9	73.0000	66.2000
2.1097	10	73.0000	65.6667
2.3207	11	73.0000	65.1333
2.5316	12	71.0000	64.6000
2.7426	13	68.0000	64.0667
2.9536	14	66.0000	63.5333
3.1646	15	63.0000	63.0000
3.3755	16	63.0000	63.0136
3.5865	17	66.0000	63.0273
3.7975	18	68.0000	63.0409
4.0084	19	74.0000	63.0545
4.2194	20	77.0000	63.0682
4.4304	21	83.0000	63.0818
4.6414	22	76.0000	63.0955
4.8523	23	72.0000	63.1091
5.0633	24	68.0000	63.1227
5.2743	25	67.0000	63.1364
5.4852	26	68.0000	63.1500
5.6962	27	70.0000	63.1636
5.9072	28	72.0000	63.1773
6.1181	29	73.0000	63.1909
6.3291	30	73.0000	63.2045
6.5401	31	73.0000	63.2182
6.7511	32	73.0000	63.2318
6.9620	33	73.0000	63.2455
7.1730	34	72.0000	63.2591
7.3840	35	72.0000	63.2727
7.5949	36	72.0000	63.2864
7.8059	37	72.0000	63.3000
8.0169	38	73.0000	63.3136
8.2278	39	73.0000	63.3273
8.4388	40	74.0000	63.3409
8.6498	41	72.0000	63.3545
8.8608	42	73.0000	63.3682
9.0717	43	74.0000	63.3818
9.2827	44	73.0000	63.3955
9.4937	45	72.0000	63.4091
9.7046	46	74.0000	63.4227
9.9156	47	73.0000	63.4364
10.1266	48	74.0000	63.4500
10.3376	49	73.0000	63.4636
10.5485	50	72.0000	63.4773
10.7595	51	74.0000	63.4909
10.9705	52	73.0000	63.5045
11.1814	53	74.0000	63.5182
11.3924	54	73.0000	63.5318
11.6034	55	74.0000	63.5455
11.8143	56	74.0000	63.5591
12.0253	57	75.0000	63.5727
12.2363	58	74.0000	63.5864
12.4473	59	75.0000	63.6000
12.6582	60	75.0000	63.6136
12.8692	61	73.0000	63.6273
13.0802	62	73.0000	63.6409
13.2911	63	74.0000	63.6545
13.5021	64	74.0000	63.6682
13.7131	65	75.0000	63.6818
13.9241	66	77.0000	63.6955
14.1350	67	78.0000	63.7091
14.3460	68	79.0000	63.7227
14.5570	69	77.0000	63.7364
14.7679	70	79.0000	63.7500
14.9789	71	79.0000	63.7636
15.1899	72	81.0000	63.7773
15.4008	73	80.0000	63.7909
15.6118	74	81.0000	63.8045
15.8228	75	82.0000	63.8182
16.0338	76	84.0000	63.8318
16.2447	77	84.0000	63.8455
16.4557	78	87.0000	63.8591
16.6667	79	91.0000	63.8727
16.8776	80	92.0000	63.8864
17.0886	81	94.0000	63.9000
17.2996	82	98.0000	63.9136
17.5105	83	102.0000	63.9273
17.7215	84	105.0000	63.9409
17.9325	85	108.0000	63.9545
18.1435	86	110.0000	63.9682
18.3544	87	110.0000	63.9818
18.5654	88	113.0000	63.9955
18.7764	89	115.0000	64.0091
18.9873	90	117.0000	64.0227
19.1983	91	119.0000	64.0364
19.4093	92	118.0000	64.0500
19.6203	93	118.0000	64.0636
19.8312	94	117.0000	64.0773
20.0422	95	116.0000	64.0909
20.2532	96	119.0000	64.1045
20.4641	97	120.0000	64.1182
20.6751	98	115.0000	64.1318
20.8861	99	120.0000	64.1455
21.0970	100	117.0000	64.1591
21.3080	101	116.0000	64.1727
21.5190	102	114.0000	64.1864
21.7300	103	115.0000	64.2000
21.9409	104	115.0000	64.2136
22.1519	105	114.0000	64.2273
22.3629	106	116.0000	64.2409
22.5738	107	115.0000	64.2545
22.7848	108	113.0000	64.2682
22.9958	109	113.0000	64.2818
23.2068	110	111.0000	64.2955
23.4177	111	112.0000	64.3091
23.6287	112	108.0000	64.3227
23.8397	113	109.0000	64.3364
24.0506	114	110.0000	64.3500
24.2616	115	106.0000	64.3636
24.4726	116	109.0000	64.3773
24.6835	117	107.0000	64.3909
24.8945	118	108.0000	64.4045
25.1055	119	108.0000	64.4182
25.3165	120	106.0000	64.4318
25.5274	121	108.0000	64.4455
25.7384	122	106.0000	64.4591
25.9494	123	102.0000	64.4727
26.1603	124	108.0000	64.4864
26.3713	125	103.0000	64.5000
26.5823	126	105.0000	64.5136
26.7932	127	102.0000	64.5273
27.0042	128	104.0000	64.5409
27.2152	129	101.0000	64.5545
27.4262	130	103.0000	64.5682
27.6371	131	100.0000	64.5818
27.8481	132	100.0000	64.5955
28.0591	133	101.0000	64.6091
28.2700	134	99.0000	64.6227
28.4810	135	99.0000	64.6364
28.6920	136	100.0000	64.6500
28.9030	137	98.0000	64.6636
29.1139	138	98.0000	64.6773
29.3249	139	97.0000	64.6909
29.5359	140	97.0000	64.7045
29.7468	141	96.0000	64.7182
29.9578	142	97.0000	64.7318
30.1688	143	94.0000	64.7455
30.3797	144	96.0000	64.7591
30.5907	145	93.0000	64.7727
30.8017	146	94.0000	64.7864
31.0127	147	95.0000	64.8000
31.2236	148	94.0000	64.8136
31.4346	149	93.0000	64.8273
31.6456	150	95.0000	64.8409
31.8565	151	93.0000	64.8545
32.0675	152	92.0000	64.8682
32.2785	153	94.0000	64.8818
32.4895	154	92.0000	64.8955
32.7004	155	92.0000	64.9091
32.9114	156	92.0000	64.9227
33.1224	157	93.0000	64.9364
33.3333	158	91.0000	64.9500
33.5443	159	91.0000	64.9636
33.7553	160	92.0000	64.9773
33.9662	161	90.0000	64.9909
34.1772	162	92.0000	65.0045
34.3882	163	91.0000	65.0182
34.5992	164	91.0000	65.0318
34.8101	165	90.0000	65.0455
35.0211	166	88.0000	65.0591
35.2321	167	91.0000	65.0727
35.4430	168	93.0000	65.0864
35.6540	169	90.0000	65.1000
35.8650	170	89.0000	65.1136
36.0759	171	90.0000	65.1273
36.2869	172	89.0000	65.1409
36.4979	173	89.0000	65.1545
36.7089	174	90.0000	65.1682
36.9198	175	89.0000	65.1818
37.1308	176	89.0000	65.1955
37.3418	177	88.0000	65.2091
37.5527	178	88.0000	65.2227
37.7637	179	88.0000	65.2364
37.9747	180	89.0000	65.2500
38.1857	181	89.0000	65.2636
38.3966	182	89.0000	65.2773
38.6076	183	90.0000	65.2909
38.8186	184	89.0000	65.3045
39.0295	185	88.0000	65.3182
39.2405	186	87.0000	65.3318
39.4515	187	88.0000	65.3455
39.6624	188	87.0000	65.3591
39.8734	189	88.0000	65.3727
40.0844	190	88.0000	65.3864
40.2954	191	89.0000	65.4000
40.5063	192	87.0000	65.4136
40.7173	193	87.0000	65.4273
40.9283	194	86.0000	65.4409
41.1392	195	87.0000	65.4545
41.3502	196	89.0000	65.4682
41.5612	197	86.0000	65.4818
41.7722	198	86.0000	65.4955
41.9831	199	86.0000	65.5091
42.1941	200	86.0000	65.5227
42.4051	201	87.0000	65.5364
42.6160	202	87.0000	65.5500
42.8270	203	86.0000	65.5636
43.0380	204	86.0000	65.5773
43.2489	205	86.0000	65.5909
43.4599	206	86.0000	65.6045
43.6709	207	86.0000	65.6182
43.8819	208	86.0000	65.6318
44.0928	209	85.0000	65.6455
44.3038	210	84.0000	65.6591
44.5148	211	87.0000	65.6727
44.7257	212	84.0000	65.6864
44.9367	213	86.0000	65.7000
45.1477	214	85.0000	65.7136
45.3586	215	85.0000	65.7273
45.5696	216	85.0000	65.7409
45.7806	217	84.0000	65.7545
45.9916	218	85.0000	65.7682
46.2025	219	84.0000	65.7818
46.4135	220	85.0000	65.7955
46.6245	221	84.0000	65.8091
46.8354	222	83.0000	65.8227
47.0464	223	83.0000	65.8364
47.2574	224	84.0000	65.8500
47.4684	225	83.0000	65.8636
47.6793	226	85.0000	65.8773
47.8903	227	82.0000	65.8909
48.1013	228	82.0000	65.9045
48.3122	229	84.0000	65.9182
48.5232	230	83.0000	65.9318
48.7342	231	84.0000	65.9455
48.9451	232	84.0000	65.9591
49.1561	233	83.0000	65.9727
49.3671	234	82.0000	65.9864
49.5781	235	83.0000	66.0000
49.7890	236	84.0000	66.0136
50.0000	237	83.0000	66.0273
50.2110	238	82.0000	66.0409
50.4219	239	81.0000	66.0545
50.6329	240	82.0000	66.0682
50.8439	241	82.0000	66.0818
51.0549	242	82.0000	66.0955
51.2658	243	79.0000	66.1091
51.4768	244	81.0000	66.1227
51.6878	245	80.0000	66.1364
51.8987	246	80.0000	66.1500
52.1097	247	80.0000	66.1636
52.3207	248	81.0000	66.1773
52.5316	249	81.0000	66.1909
52.7426	250	80.0000	66.2045
52.9536	251	80.0000	66.2182
53.1646	252	81.0000	66.2318
53.3755	253	81.0000	66.2455
53.5865	254	81.0000	66.2591
53.7975	255	80.0000	66.2727
54.0084	256	80.0000	66.2864
54.2194	257	82.0000	66.3000
54.4304	258	81.0000	66.3136
54.6414	259	82.0000	66.3273
54.8523	260	82.0000	66.3409
55.0633	261	78.0000	66.3545
55.2743	262	80.0000	66.3682
55.4852	263	81.0000	66.3818
55.6962	264	81.0000	66.3955
55.9072	265	80.0000	66.4091
56.1181	266	81.0000	66.4227
56.3291	267	80.0000	66.4364
56.5401	268	80.0000	66.4500
56.7511	269	79.0000	66.4636
56.9620	270	80.0000	66.4773
57.1730	271	79.0000	66.4909
57.3840	272	80.0000	66.5045
57.5949	273	81.0000	66.5182
57.8059	274	80.0000	66.5318
58.0169	275	81.0000	66.5455
58.2278	276	78.0000	66.5591
58.4388	277	81.0000	66.5727
58.6498	278	81.0000	66.5864
58.8608	279	82.0000	66.6000
59.0717	280	80.0000	66.6136
59.2827	281	80.0000	66.6273
59.4937	282	81.0000	66.6409
59.7046	283	83.0000	66.6545
59.9156	284	83.0000	66.6682
60.1266	285	82.0000	66.6818
60.3376	286	80.0000	66.6955
60.5485	287	81.0000	66.7091
60.7595	288	82.0000	66.7227
60.9705	289	82.0000	66.7364
61.1814	290	82.0000	66.7500
61.3924	291	81.0000	66.7636
61.6034	292	82.0000	66.7773
61.8143	293	82.0000	66.7909
62.0253	294	83.0000	66.8045
62.2363	295	83.0000	66.8182
62.4473	296	81.0000	66.8318
62.6582	297	82.0000	66.8455
62.8692	298	82.0000	66.8591
63.0802	299	81.0000	66.8727
63.2911	300	82.0000	66.8864
63.5021	301	81.0000	66.9000
63.7131	302	81.0000	66.9136
63.9241	303	81.0000	66.9273
64.1350	304	82.0000	66.9409
64.3460	305	81.0000	66.9545
64.5570	306	81.0000	66.9682
64.7679	307	81.0000	66.9818
64.9789	308	80.0000	66.9955
65.1899	309	80.0000	67.0091
65.4008	310	80.0000	67.0227
65.6118	311	80.0000	67.0364
65.8228	312	80.0000	67.0500
66.0338	313	81.0000	67.0636
66.2447	314	80.0000	67.0773
66.4557	315	80.0000	67.0909
66.6667	316	80.0000	67.1045
66.8776	317	80.0000	67.1182
67.0886	318	80.0000	67.1318
67.2996	319	80.0000	67.1455
67.5105	320	79.0000	67.1591
67.7215	321	80.0000	67.1727
67.9325	322	80.0000	67.1864
68.1435	323	81.0000	67.2000
68.3544	324	80.0000	67.2136
68.5654	325	80.0000	67.2273
68.7764	326	79.0000	67.2409
68.9873	327	79.0000	67.2545
69.1983	328	80.0000	67.2682
69.4093	329	79.0000	67.2818
69.6203	330	77.0000	67.2955
69.8312	331	79.0000	67.3091
70.0422	332	79.0000	67.3227
70.2532	333	78.0000	67.3364
70.4641	334	78.0000	67.3500
70.6751	335	78.0000	67.3636
70.8861	336	78.0000	67.3773
71.0970	337	78.0000	67.3909
71.3080	338	77.0000	67.4045
71.5190	339	78.0000	67.4182
71.7300	340	77.0000	67.4318
71.9409	341	77.0000	67.4455
72.1519	342	77.0000	67.4591
72.3629	343	77.0000	67.4727
72.5738	344	77.0000	67.4864
72.7848	345	77.0000	67.5000
72.9958	346	76.0000	67.5136
73.2068	347	76.0000	67.5273
73.4177	348	76.0000	67.5409
73.6287	349	76.0000	67.5545
73.8397	350	77.0000	67.5682
74.0506	351	77.0000	67.5818
74.2616	352	75.0000	67.5955
74.4726	353	75.0000	67.6091
74.6835	354	75.0000	67.6227
74.8945	355	74.0000	67.6364
75.1055	356	75.0000	67.6500
75.3165	357	75.0000	67.6636
75.5274	358	73.0000	67.6773
75.7384	359	74.0000	67.6909
75.9494	360	75.0000	67.7045
76.1603	361	74.0000	67.7182
76.3713	362	74.0000	67.7318
76.5823	363	74.0000	67.7455
76.7932	364	74.0000	67.7591
77.0042	365	74.0000	67.7727
77.2152	366	72.0000	67.7864
77.4262	367	74.0000	67.8000
77.6371	368	74.0000	67.8136
77.8481	369	72.0000	67.8273
78.0591	370	72.0000	67.8409
78.2700	371	73.0000	67.8545
78.4810	372	73.0000	67.8682
78.6920	373	72.0000	67.8818
78.9030	374	72.0000	67.8955
79.1139	375	72.0000	67.9091
79.3249	376	72.0000	67.9227
79.5359	377	73.0000	67.9364
79.7468	378	73.0000	67.9500
79.9578	379	72.0000	67.9636
80.1688	380	72.0000	67.9773
80.3797	381	72.0000	67.9909
80.5907	382	71.0000	68.0045
80.8017	383	72.0000	68.0182
81.0127	384	72.0000	68.0318
81.2236	385	71.0000	68.0455
81.4346	386	72.0000	68.0591
81.6456	387	71.0000	68.0727
81.8565	388	72.0000	68.0864
82.0675	389	72.0000	68.1000
82.2785	390	71.0000	68.1136
82.4895	391	71.0000	68.1273
82.7004	392	71.0000	68.1409
82.9114	393	72.0000	68.1545
83.1224	394	71.0000	68.1682
83.3333	395	71.0000	68.1818
83.5443	396	72.0000	68.1955
83.7553	397	70.0000	68.2091
83.9662	398	70.0000	68.2227
84.1772	399	71.0000	68.2364
84.3882	400	71.0000	68.2500
84.5992	401	71.0000	68.2636
84.8101	402	71.0000	68.2773
85.0211	403	70.0000	68.2909
85.2321	404	71.0000	68.3045
85.4430	405	70.0000	68.3182
85.6540	406	70.0000	68.3318
85.8650	407	70.0000	68.3455
86.0759	408	70.0000	68.3591
86.2869	409	70.0000	68.3727
86.4979	410	70.0000	68.3864
86.7089	411	71.0000	68.4000
86.9198	412	70.0000	68.4136
87.1308	413	71.0000	68.4273
87.3418	414	71.0000	68.4409
87.5527	415	71.0000	68.4545
87.7637	416	71.0000	68.4682
87.9747	417	70.0000	68.4818
88.1857	418	70.0000	68.4955
88.3966	419	71.0000	68.5091
88.6076	420	70.0000	68.5227
88.8186	421	70.0000	68.5364
89.0295	422	71.0000	68.5500
89.2405	423	70.0000	68.5636
89.4515	424	71.0000	68.5773
89.6624	425	71.0000	68.5909
89.8734	426	70.0000	68.6045
90.0844	427	70.0000	68.6182
90.2954	428	71.0000	68.6318
90.5063	429	70.0000	68.6455
90.7173	430	70.0000	68.6591
90.9283	431	70.0000	68.6727
91.1392	432	71.0000	68.6864
91.3502	433	71.0000	68.7000
91.5612	434	70.0000	68.7136
91.7722	435	71.0000	68.7273
91.9831	436	71.0000	68.7409
92.1941	437	70.0000	68.7545
92.4051	438	71.0000	68.7682
92.6160	439	70.0000	68.7818
92.8270	440	71.0000	68.7955
93.0380	441	71.0000	68.8091
93.2489	442	70.0000	68.8227
93.4599	443	71.0000	68.8364
93.6709	444	71.0000	68.8500
93.8819	445	70.0000	68.8636
94.0928	446	70.0000	68.8773
94.3038	447	71.0000	68.8909
94.5148	448	70.0000	68.9045
94.7257	449	70.0000	68.9182
94.9367	450	71.0000	68.9318
95.1477	451	70.0000	68.9455
95.3586	452	70.0000	68.9591
95.5696	453	71.0000	68.9727
95.7806	454	70.0000	68.9864
95.9916	455	69.0000	69.0000
96.2025	456	72.0000	69.0667
96.4135	457	71.0000	69.1333
96.6245	458	71.0000	69.2000
96.8354	459	70.0000	69.2667
97.0464	460	70.0000	69.3333
97.2574	461	71.0000	69.4000
97.4684	462	71.0000	69.4667
97.6793	463	72.0000	69.5333
97.8903	464	71.0000	69.6000
98.1013	465	70.0000	69.6667
98.3122	466	70.0000	69.7333
98.5232	467	70.0000	69.8000
98.7342	468	72.0000	69.8667
98.9451	469	71.0000	69.9333
99.1561	470	70.0000	70.0000
99.3671	471	71.0000	70.2500
99.5781	472	72.0000	70.5000
99.7890	473	72.0000	70.7500
100.0000	474	71.0000	71.0000
---------- 4: r2b_h4 ----------
Offset(%)	Offset(pix)	Profile	Background
0.0000	0	71.0000	71.0000
0.2110	1	72.0000	70.8182
0.4219	2	70.0000	70.6364
0.6329	3	68.0000	70.4545
0.8439	4	65.0000	70.2727
1.0549	5	64.0000	70.0909
1.2658	6	63.0000	69.9091
1.4768	7	66.0000	69.7273
1.6878	8	72.0000	69.5455
1.8987	9	74.0000	69.3636
2.1097	10	73.0000	69.1818
2.3207	11	69.0000	69.0000
2.5316	12	67.0000	69.0000
2.7426	13	65.0000	69.0000
2.9536	14	63.0000	69.0000
3.1646	15	63.0000	69.0000
3.3755	16	69.0000	69.0000
3.5865	17	83.0000	69.0000
3.7975	18	96.0000	69.0000
4.0084	19	93.0000	69.0000
4.2194	20	79.0000	69.0000
4.4304	21	71.0000	69.0000
4.6414	22	69.0000	69.0000
4.8523	23	74.0000	69.0000
5.0633	24	76.0000	69.0000
5.2743	25	77.0000	69.0000
5.4852	26	82.0000	69.0000
5.6962	27	91.0000	69.0000
5.9072	28	99.0000	69.0000
6.1181	29	110.0000	69.0000
6.3291	30	108.0000	69.0000
6.5401	31	101.0000	69.0000
6.7511	32	95.0000	69.0000
6.9620	33	92.0000	69.0000
7.1730	34	90.0000	69.0000
7.3840	35	90.0000	69.0000
7.5949	36	89.0000	69.0000
7.8059	37	87.0000	69.0000
8.0169	38	89.0000	69.0000
8.2278	39	86.0000	69.0000
8.4388	40	87.0000	69.0000
8.6498	41	88.0000	69.0000
8.8608	42	89.0000	69.0000
9.0717	43	86.0000	69.0000
9.2827	44	88.0000	69.0000
9.4937	45	86.0000	69.0000
9.7046	46	87.0000	69.0000
9.9156	47	88.0000	69.0000
10.1266	48	87.0000	69.0000
10.3376	49	87.0000	69.0000
10.5485	50	89.0000	69.0000
10.7595	51	89.0000	69.0000
10.9705	52	88.0000	69.0000
11.1814	53	89.0000	69.0000
11.3924	54	89.0000	69.0000
11.6034	55	88.0000	69.0000
11.8143	56	90.0000	69.0000
12.0253	57	89.0000	69.0000
12.2363	58	90.0000	69.0000
12.4473	59	90.0000	69.0000
12.6582	60	90.0000	69.0000
12.8692	61	92.0000	69.0000
13.0802	62	93.0000	69.0000
13.2911	63	94.0000	69.0000
13.5021	64	94.0000	69.0000
13.7131	65	99.0000	69.0000
13.9241	66	99.0000	69.0000
14.1350	67	101.0000	69.0000
14.3460	68	106.0000	69.0000
14.5570	69	109.0000	69.0000
14.7679	70	113.0000	69.0000
14.9789	71	121.0000	69.0000
15.1899	72	131.0000	69.0000
15.4008	73	142.0000	69.0000
15.6118	74	164.0000	69.0000
15.8228	75	186.0000	69.0000
16.0338	76	213.0000	69.0000
16.2447	77	229.0000	69.0000
16.4557	78	227.0000	69.0000
16.6667	79	217.0000	69.0000
16.8776	80	208.0000	69.0000
17.0886	81	186.0000	69.0000
17.2996	82	172.0000	69.0000
17.5105	83	161.0000	69.0000
17.7215	84	154.0000	69.0000
17.9325	85	143.0000	69.0000
18.1435	86	135.0000	69.0000
18.3544	87	128.0000	69.0000
18.5654	88	124.0000	69.0000
18.7764	89	115.0000	69.0000
18.9873	90	114.0000	69.0000
19.1983	91	109.0000	69.0000
19.4093	92	105.0000	69.0000
19.6203	93	100.0000	69.0000
19.8312	94	99.0000	69.0000
20.0422	95	97.0000	69.0000
20.2532	96	94.0000	69.0000
20.4641	97	90.0000	69.0000
20.6751	98	89.0000	69.0000
20.8861	99	88.0000	69.0000
21.0970	100	87.0000	69.0000
21.3080	101	85.0000	69.0000
21.5190	102	85.0000	69.0000
21.7300	103	82.0000	69.0000
21.9409	104	82.0000	69.0000
22.1519	105	82.0000	69.0000
22.3629	106	81.0000	69.0000
22.5738	107	79.0000	69.0000
22.7848	108	78.0000	69.0000
22.9958	109	79.0000	69.0000
23.2068	110	78.0000	69.0000
23.4177	111	78.0000	69.0000
23.6287	112	77.0000	69.0000
23.8397	113	76.0000	69.0000
24.0506	114	75.0000	69.0000
24.2616	115	76.0000	69.0000
24.4726	116	75.0000	69.0000
24.6835	117	74.0000	69.0000
24.8945	118	73.0000	69.0000
25.1055	119	74.0000	69.0000
25.3165	120	73.0000	69.0000
25.5274	121	73.0000	69.0000
25.7384	122	74.0000	69.0000
25.9494	123	73.0000	69.0000
26.1603	124	73.0000	69.0000
26.3713	125	71.0000	69.0000
26.5823	126	74.0000	69.0000
26.7932	127	71.0000	69.0000
27.0042	128	72.0000	69.0000
27.2152	129	71.0000	69.0000
27.4262	130	70.0000	69.0000
27.6371	131	71.0000	69.0000
27.8481	132	72.0000	69.0000
28.0591	133	70.0000	69.0000
28.2700	134	70.0000	69.0000
28.4810	135	70.0000	69.0000
28.6920	136	70.0000	69.0000
28.9030	137	70.0000	69.0000
29.1139	138	70.0000	69.0000
29.3249	139	70.0000	69.0000
29.5359	140	70.0000	69.0000
29.7468	141	69.0000	69.0000
29.9578	142	69.0000	69.0000
30.1688	143	70.0000	69.0000
30.3797	144	69.0000	69.0000
30.5907	145	68.0000	69.0000
30.8017	146	68.0000	69.0000
31.0127	147	68.0000	69.0000
31.2236	148	69.0000	69.0000
31.4346	149	69.0000	69.0000
31.6456	150	69.0000	69.0000
31.8565	151	68.0000	69.0000
32.0675	152	68.0000	69.0000
32.2785	153	69.0000	69.0000
32.4895	154	69.0000	69.0000
32.7004	155	69.0000	69.0000
32.9114	156	69.0000	69.0000
33.1224	157	68.0000	69.0000
33.3333	158	69.0000	69.0000
33.5443	159	69.0000	69.0000
33.7553	160	68.0000	69.0000
33.9662	161	69.0000	69.0000
34.1772	162	70.0000	69.0000
34.3882	163	68.0000	69.0000
34.5992	164	69.0000	69.0000
34.8101	165	69.0000	69.0000
35.0211	166	68.0000	69.0000
35.2321	167	69.0000	69.0000
35.4430	168	69.0000	69.0161
35.6540	169	68.0000	69.0323
35.8650	170	69.0000	69.0484
36.0759	171	69.0000	69.0645
36.2869	172	69.0000	69.0806
36.4979	173	68.0000	69.0968
36.7089	174	68.0000	69.1129
36.9198	175	69.0000	69.1290
37.1308	176	69.0000	69.1452
37.3418	177	70.0000	69.1613
37.5527	178	70.0000	69.1774
37.7637	179	69.0000	69.1936
37.9747	180	70.0000	69.2097
38.1857	181	68.0000	69.2258
38.3966	182	70.0000	69.2419
38.6076	183	70.0000	69.2581
38.8186	184	69.0000	69.2742
39.0295	185	69.0000	69.2903
39.2405	186	69.0000	69.3064
39.4515	187	70.0000	69.3226
39.6624	188	69.0000	69.3387
39.8734	189	70.0000	69.3548
40.0844	190	70.0000	69.3710
40.2954	191	69.0000	69.3871
40.5063	192	69.0000	69.4032
40.7173	193	69.0000	69.4194
40.9283	194	69.0000	69.4355
41.1392	195	69.0000	69.4516
41.3502	196	70.0000	69.4677
41.5612	197	69.0000	69.4839
41.7722	198	70.0000	69.5000
41.9831	199	71.0000	69.5161
42.1941	200	70.0000	69.5323
42.4051	201	70.0000	69.5484
42.6160	202	70.0000	69.5645
42.8270	203	71.0000	69.5806
43.0380	204	70.0000	69.5968
43.2489	205	70.0000	69.6129
43.4599	206	71.0000	69.6290
43.6709	207	70.0000	69.6452
43.8819	208	70.0000	69.6613
44.0928	209	71.0000	69.6774
44.3038	210	70.0000	69.6936
44.5148	211	71.0000	69.7097
44.7257	212	69.0000	69.7258
44.9367	213	70.0000	69.7419
45.1477	214	70.0000	69.7581
45.3586	215	71.0000	69.7742
45.5696	216	71.0000	69.7903
45.7806	217	70.0000	69.8064
45.9916	218	69.0000	69.8226
46.2025	219	70.0000	69.8387
46.4135	220	70.0000	69.8548
46.6245	221	69.0000	69.8710
46.8354	222	70.0000	69.8871
47.0464	223	70.0000	69.9032
47.2574	224	69.0000	69.9194
47.4684	225	70.0000	69.9355
47.6793	226	71.0000	69.9516
47.8903	227	70.0000	69.9677
48.1013	228	71.0000	69.9839
48.3122	229	70.0000	70.0000
48.5232	230	70.0000	69.9688
48.7342	231	70.0000	69.9375
48.9451	232	71.0000	69.9063
49.1561	233	70.0000	69.8750
49.3671	234	70.0000	69.8438
49.5781	235	71.0000	69.8125
49.7890	236	70.0000	69.7813
50.0000	237	70.0000	69.7500
50.2110	238	70.0000	69.7188
50.4219	239	70.0000	69.6875
50.6329	240	71.0000	69.6563
50.8439	241	71.0000	69.6250
51.0549	242	71.0000	69.5938
51.2658	243	70.0000	69.5625
51.4768	244	71.0000	69.5313
51.6878	245	70.0000	69.5000
51.8987	246	70.0000	69.4688
52.1097	247	69.0000	69.4375
52.3207	248	71.0000	69.4063
52.5316	249	71.0000	69.3750
52.7426	250	70.0000	69.3438
52.9536	251	70.0000	69.3125
53.1646	252	70.0000	69.2813
53.3755	253	69.0000	69.2500
53.5865	254	70.0000	69.2188
53.7975	255	71.0000	69.1875
54.0084	256	71.0000	69.1563
54.2194	257	70.0000	69.1250
54.4304	258	71.0000	69.0938
54.6414	259	71.0000	69.0625
54.8523	260	70.0000	69.0313
55.0633	261	69.0000	69.0000
55.2743	262	70.0000	69.1017
55.4852	263	70.0000	69.2034
55.6962	264	70.0000	69.3051
55.9072	265	71.0000	69.4068
56.1181	266	70.0000	69.5085
56.3291	267	72.0000	69.6102
56.5401	268	70.0000	69.7119
56.7511	269	71.0000	69.8136
56.9620	270	70.0000	69.9153
57.1730	271	70.0000	70.0170
57.3840	272	71.0000	70.1186
57.5949	273	71.0000	70.2203
57.8059	274	71.0000	70.3220
58.0169	275	72.0000	70.4237
58.2278	276	71.0000	70.5254
58.4388	277	71.0000	70.6271
58.6498	278	71.0000	70.7288
58.8608	279	72.0000	70.8305
59.0717	280	70.0000	70.9322
59.2827	281	71.0000	71.0339
59.4937	282	73.0000	71.1356
59.7046	283	71.0000	71.2373
59.9156	284	71.0000	71.3390
60.1266	285	73.0000	71.4407
60.3376	286	71.0000	71.5424
60.5485	287	73.0000	71.6441
60.7595	288	71.0000	71.7458
60.9705	289	73.0000	71.8475
61.1814	290	71.0000	71.9492
61.3924	291	71.0000	72.0508
61.6034	292	72.0000	72.1525
61.8143	293	73.0000	72.2542
62.0253	294	72.0000	72.3559
62.2363	295	72.0000	72.4576
62.4473	296	74.0000	72.5593
62.6582	297	73.0000	72.6610
62.8692	298	75.0000	72.7627
63.0802	299	73.0000	72.8644
63.2911	300	73.0000	72.9661
63.5021	301	73.0000	73.0678
63.7131	302	75.0000	73.1695
63.9241	303	75.0000	73.2712
64.1350	304	73.0000	73.3729
64.3460	305	75.0000	73.4746
64.5570	306	75.0000	73.5763
64.7679	307	74.0000	73.6780
64.9789	308	74.0000	73.7797
65.1899	309	75.0000	73.8814
65.4008	310	74.0000	73.9830
65.6118	311	75.0000	74.0847
65.8228	312	75.0000	74.1864
66.0338	313	75.0000	74.2881
66.2447	314	75.0000	74.3898
66.4557	315	75.0000	74.4915
66.6667	316	76.0000	74.5932
66.8776	317	75.0000	74.6949
67.0886	318	74.0000	74.7966
67.2996	319	74.0000	74.8983
67.5105	320	75.0000	75.0000
67.7215	321	75.0000	74.9785
67.9325	322	75.0000	74.9570
68.1435	323	77.0000	74.9355
68.3544	324	74.0000	74.9140
68.5654	325	75.0000	74.8925
68.7764	326	76.0000	74.8710
68.9873	327	76.0000	74.8495
69.1983	328	75.0000	74.8280
69.4093	329	76.0000	74.8064
69.6203	330	75.0000	74.7849
69.8312	331	76.0000	74.7634
70.0422	332	77.0000	74.7419
70.2532	333	77.0000	74.7204
70.4641	334	77.0000	74.6989
70.6751	335	77.0000	74.6774
70.8861	336	78.0000	74.6559
71.0970	337	78.0000	74.6344
71.3080	338	77.0000	74.6129
71.5190	339	78.0000	74.5914
71.7300	340	77.0000	74.5699
71.9409	341	80.0000	74.5484
72.1519	342	77.0000	74.5269
72.3629	343	78.0000	74.5054
72.5738	344	76.0000	74.4839
72.7848	345	79.0000	74.4624
72.9958	346	79.0000	74.4409
73.2068	347	80.0000	74.4194
73.4177	348	81.0000	74.3979
73.6287	349	80.0000	74.3763
73.8397	350	81.0000	74.3548
74.0506	351	79.0000	74.3333
74.2616	352	78.0000	74.3118
74.4726	353	81.0000	74.2903
74.6835	354	81.0000	74.2688
74.8945	355	79.0000	74.2473
75.1055	356	81.0000	74.2258
75.3165	357	81.0000	74.2043
75.5274	358	81.0000	74.1828
75.7384	359	80.0000	74.1613
75.9494	360	80.0000	74.1398
76.1603	361	81.0000	74.1183
76.3713	362	81.0000	74.0968
76.5823	363	79.0000	74.0753
76.7932	364	80.0000	74.0538
77.0042	365	78.0000	74.0323
77.2152	366	81.0000	74.0107
77.4262	367	80.0000	73.9893
77.6371	368	80.0000	73.9677
77.8481	369	79.0000	73.9462
78.0591	370	81.0000	73.9247
78.2700	371	81.0000	73.9032
78.4810	372	81.0000	73.8817
78.6920	373	79.0000	73.8602
78.9030	374	82.0000	73.8387
79.1139	375	79.0000	73.8172
79.3249	376	79.0000	73.7957
79.5359	377	82.0000	73.7742
79.7468	378	79.0000	73.7527
79.9578	379	79.0000	73.7312
80.1688	380	80.0000	73.7097
80.3797	381	80.0000	73.6882
80.5907	382	79.0000	73.6667
80.8017	383	80.0000	73.6452
81.0127	384	78.0000	73.6237
81.2236	385	78.0000	73.6021
81.4346	386	78.0000	73.5806
81.6456	387	78.0000	73.5591
81.8565	388	77.0000	73.5376
82.0675	389	78.0000	73.5161
82.2785	390	77.0000	73.4946
82.4895	391	79.0000	73.4731
82.7004	392	78.0000	73.4516
82.9114	393	78.0000	73.4301
83.1224	394	77.0000	73.4086
83.3333	395	77.0000	73.3871
83.5443	396	77.0000	73.3656
83.7553	397	77.0000	73.3441
83.9662	398	76.0000	73.3226
84.1772	399	76.0000	73.3011
84.3882	400	76.0000	73.2796
84.5992	401	75.0000	73.2581
84.8101	402	76.0000	73.2366
85.0211	403	75.0000	73.2151
85.2321	404	75.0000	73.1936
85.4430	405	75.0000	73.1720
85.6540	406	75.0000	73.1505
85.8650	407	74.0000	73.1290
86.0759	408	75.0000	73.1075
86.2869	409	75.0000	73.0860
86.4979	410	74.0000	73.0645
86.7089	411	75.0000	73.0430
86.9198	412	73.0000	73.0215
87.1308	413	73.0000	73.0000
87.3418	414	72.0000	72.9667
87.5527	415	72.0000	72.9333
87.7637	416	72.0000	72.9000
87.9747	417	73.0000	72.8667
88.1857	418	72.0000	72.8333
88.3966	419	72.0000	72.8000
88.6076	420	70.0000	72.7667
88.8186	421	71.0000	72.7333
89.0295	422	71.0000	72.7000
89.2405	423	72.0000	72.6667
89.4515	424	72.0000	72.6333
89.6624	425	72.0000	72.6000
89.8734	426	72.0000	72.5667
90.0844	427	72.0000	72.5333
90.2954	428	71.0000	72.5000
90.5063	429	71.0000	72.4667
90.7173	430	71.0000	72.4333
90.9283	431	70.0000	72.4000
91.1392	432	70.0000	72.3667
91.3502	433	71.0000	72.3333
91.5612	434	70.0000	72.3000
91.7722	435	70.0000	72.2667
91.9831	436	69.0000	72.2333
92.1941	437	70.0000	72.2000
92.4051	438	71.0000	72.1667
92.6160	439	71.0000	72.1333
92.8270	440	69.0000	72.1000
93.0380	441	71.0000	72.0667
93.2489	442	71.0000	72.0333
93.4599	443	72.0000	72.0000
93.6709	444	70.0000	71.9643
93.8819	445	70.0000	71.9286
94.0928	446	71.0000	71.8929
94.3038	447	72.0000	71.8571
94.5148	448	71.0000	71.8214
94.7257	449	71.0000	71.7857
94.9367	450	70.0000	71.7500
95.1477	451	71.0000	71.7143
95.3586	452	70.0000	71.6786
95.5696	453	71.0000	71.6429
95.7806	454	71.0000	71.6071
95.9916	455	69.0000	71.5714
96.2025	456	70.0000	71.5357
96.4135	457	71.0000	71.5000
96.6245	458	70.0000	71.4643
96.8354	459	71.0000	71.4286
97.0464	460	71.0000	71.3929
97.2574	461	71.0000	71.3571
97.4684	462	71.0000	71.3214
97.6793	463	70.0000	71.2857
97.8903	464	70.0000	71.2500
98.1013	465	70.0000	71.2143
98.3122	466	71.0000	71.1786
98.5232	467	71.0000	71.1429
98.7342	468	71.0000	71.1071
98.9451	469	71.0000	71.0714
99.1561	470	71.0000	71.0357
99.3671	471	71.0000	71.0000
99.5781	472	71.0000	71.0000
99.7890	473	71.0000	71.0000
100.0000	474	71.0000	71.0000
---------- 5: r2b_h5 ----------
Offset(%)	Offset(pix)	Profile	Background
0.0000	0	71.0000	71.0000
0.2110	1	71.0000	70.2857
0.4219	2	68.0000	69.5714
0.6329	3	64.0000	68.8571
0.8439	4	63.0000	68.1429
1.0549	5	63.0000	67.4286
1.2658	6	65.0000	66.7143
1.4768	7	74.0000	66.0000
1.6878	8	74.0000	65.2857
1.8987	9	71.0000	64.5714
2.1097	10	70.0000	63.8571
2.3207	11	67.0000	63.1429
2.5316	12	67.0000	62.4286
2.7426	13	63.0000	61.7143
2.9536	14	61.0000	61.0000
3.1646	15	64.0000	61.1123
3.3755	16	67.0000	61.2246
3.5865	17	72.0000	61.3369
3.7975	18	76.0000	61.4492
4.0084	19	80.0000	61.5615
4.2194	20	84.0000	61.6738
4.4304	21	73.0000	61.7861
4.6414	22	69.0000	61.8984
4.8523	23	69.0000	62.0107
5.0633	24	68.0000	62.1230
5.2743	25	71.0000	62.2353
5.4852	26	72.0000	62.3476
5.6962	27	73.0000	62.4599
5.9072	28	74.0000	62.5722
6.1181	29	73.0000	62.6845
6.3291	30	73.0000	62.7968
6.5401	31	72.0000	62.9091
6.7511	32	72.0000	63.0214
6.9620	33	72.0000	63.1337
7.1730	34	72.0000	63.2460
7.3840	35	72.0000	63.3583
7.5949	36	73.0000	63.4706
7.8059	37	75.0000	63.5829
8.0169	38	72.0000	63.6952
8.2278	39	73.0000	63.8075
8.4388	40	73.0000	63.9198
8.6498	41	74.0000	64.0321
8.8608	42	73.0000	64.1444
9.0717	43	74.0000	64.2567
9.2827	44	75.0000	64.3690
9.4937	45	75.0000	64.4813
9.7046	46	75.0000	64.5936
9.9156	47	73.0000	64.7059
10.1266	48	75.0000	64.8182
10.3376	49	76.0000	64.9305
10.5485	50	77.0000	65.0428
10.7595	51	80.0000	65.1551
10.9705	52	78.0000	65.2674
11.1814	53	77.0000	65.3797
11.3924	54	75.0000	65.4920
11.6034	55	76.0000	65.6043
11.8143	56	76.0000	65.7166
12.0253	57	76.0000	65.8289
12.2363	58	77.0000	65.9412
12.4473	59	76.0000	66.0535
12.6582	60	78.0000	66.1658
12.8692	61	77.0000	66.2781
13.0802	62	77.0000	66.3904
13.2911	63	79.0000	66.5027
13.5021	64	81.0000	66.6150
13.7131	65	80.0000	66.7273
13.9241	66	80.0000	66.8396
14.1350	67	80.0000	66.9519
14.3460	68	83.0000	67.0642
14.5570	69	85.0000	67.1765
14.7679	70	85.0000	67.2888
14.9789	71	86.0000	67.4011
15.1899	72	90.0000	67.5134
15.4008	73	89.0000	67.6257
15.6118	74	93.0000	67.7380
15.8228	75	95.0000	67.8503
16.0338	76	99.0000	67.9626
16.2447	77	106.0000	68.0749
16.4557	78	110.0000	68.1872
16.6667	79	113.0000	68.2995
16.8776	80	116.0000	68.4118
17.0886	81	118.0000	68.5241
17.2996	82	126.0000	68.6364
17.5105	83	129.0000	68.7487
17.7215	84	129.0000	68.8610
17.9325	85	130.0000	68.9733
18.1435	86	133.0000	69.0856
18.3544	87	135.0000	69.1979
18.5654	88	135.0000	69.3102
18.7764	89	138.0000	69.4225
18.9873	90	135.0000	69.5348
19.1983	91	134.0000	69.6471
19.4093	92	131.0000	69.7594
19.6203	93	133.0000	69.8717
19.8312	94	135.0000	69.9840
20.0422	95	132.0000	70.0963
20.2532	96	130.0000	70.2086
20.4641	97	125.0000	70.3209
20.6751	98	127.0000	70.4332
20.8861	99	128.0000	70.5455
21.0970	100	125.0000	70.6578
21.3080	101	123.0000	70.7701
21.5190	102	119.0000	70.8824
21.7300	103	121.0000	70.9947
21.9409	104	122.0000	71.1069
22.1519	105	119.0000	71.2193
22.3629	106	117.0000	71.3316
22.5738	107	119.0000	71.4438
22.7848	108	115.0000	71.5562
22.9958	109	117.0000	71.6684
23.2068	110	114.0000	71.7807
23.4177	111	113.0000	71.8931
23.6287	112	111.0000	72.0053
23.8397	113	108.0000	72.1176
24.0506	114	112.0000	72.2299
24.2616	115	109.0000	72.3422
24.4726	116	108.0000	72.4545
24.6835	117	107.0000	72.5668
24.8945	118	105.0000	72.6791
25.1055	119	105.0000	72.7914
25.3165	120	105.0000	72.9037
25.5274	121	105.0000	73.0160
25.7384	122	104.0000	73.1283
25.9494	123	100.0000	73.2406
26.1603	124	102.0000	73.3529
26.3713	125	102.0000	73.4652
26.5823	126	100.0000	73.5775
26.7932	127	98.0000	73.6898
27.0042	128	101.0000	73.8021
27.2152	129	97.0000	73.9144
27.4262	130	96.0000	74.0267
27.6371	131	98.0000	74.1390
27.8481	132	96.0000	74.2513
28.0591	133	97.0000	74.3636
28.2700	134	95.0000	74.4759
28.4810	135	95.0000	74.5882
28.6920	136	94.0000	74.7005
28.9030	137	94.0000	74.8128
29.1139	138	93.0000	74.9251
29.3249	139	93.0000	75.0374
29.5359	140	90.0000	75.1497
29.7468	141	91.0000	75.2620
29.9578	142	91.0000	75.3743
30.1688	143	92.0000	75.4866
30.3797	144	90.0000	75.5989
30.5907	145	91.0000	75.7112
30.8017	146	90.0000	75.8235
31.0127	147	91.0000	75.9358
31.2236	148	89.0000	76.0481
31.4346	149	89.0000	76.1604
31.6456	150	89.0000	76.2727
31.8565	151	89.0000	76.3850
32.0675	152	88.0000	76.4973
32.2785	153	87.0000	76.6096
32.4895	154	88.0000	76.7219
32.7004	155	87.0000	76.8342
32.9114	156	87.0000	76.9465
33.1224	157	87.0000	77.0588
33.3333	158	87.0000	77.1711
33.5443	159	87.0000	77.2834
33.7553	160	87.0000	77.3957
33.9662	161	87.0000	77.5080
34.1772	162	87.0000	77.6203
34.3882	163	87.0000	77.7326
34.5992	164	86.0000	77.8449
34.8101	165	85.0000	77.9572
35.0211	166	87.0000	78.0695
35.2321	167	85.0000	78.1818
35.4430	168	85.0000	78.2941
35.6540	169	86.0000	78.4064
35.8650	170	85.0000	78.5187
36.0759	171	85.0000	78.6310
36.2869	172	85.0000	78.7433
36.4979	173	85.0000	78.8556
36.7089	174	86.0000	78.9679
36.9198	175	84.0000	79.0802
37.1308	176	85.0000	79.1925
37.3418	177	84.0000	79.3048
37.5527	178	84.0000	79.4171
37.7637	179	84.0000	79.5294
37.9747	180	83.0000	79.6417
38.1857	181	86.0000	79.7540
38.3966	182	86.0000	79.8663
38.6076	183	83.0000	79.9786
38.8186	184	84.0000	80.0909
39.0295	185	84.0000	80.2032
39.2405	186	83.0000	80.3155
39.4515	187	83.0000	80.4278
39.6624	188	83.0000	80.5401
39.8734	189	84.0000	80.6524
40.0844	190	83.0000	80.7647
40.2954	191	83.0000	80.8770
40.5063	192	84.0000	80.9893
40.7173	193	83.0000	81.1016
40.9283	194	82.0000	81.2139
41.1392	195	83.0000	81.3262
41.3502	196	84.0000	81.4385
41.5612	197	81.0000	81.5508
41.7722	198	82.0000	81.6631
41.9831	199	83.0000	81.7754
42.1941	200	83.0000	81.8877
42.4051	201	82.0000	82.0000
42.6160	202	83.0000	81.9216
42.8270	203	82.0000	81.8431
43.0380	204	82.0000	81.7647
43.2489	205	83.0000	81.6863
43.4599	206	81.0000	81.6078
43.6709	207	82.0000	81.5294
43.8819	208	81.0000	81.4510
44.0928	209	81.0000	81.3726
44.3038	210	82.0000	81.2941
44.5148	211	81.0000	81.2157
44.7257	212	81.0000	81.1373
44.9367	213	81.0000	81.0588
45.1477	214	80.0000	80.9804
45.3586	215	82.0000	80.9020
45.5696	216	80.0000	80.8235
45.7806	217	80.0000	80.7451
45.9916	218	81.0000	80.6667
46.2025	219	80.0000	80.5882
46.4135	220	80.0000	80.5098
46.6245	221	80.0000	80.4314
46.8354	222	81.0000	80.3529
47.0464	223	81.0000	80.2745
47.2574	224	81.0000	80.1961
47.4684	225	81.0000	80.1176
47.6793	226	81.0000	80.0392
47.8903	227	80.0000	79.9608
48.1013	228	80.0000	79.8824
48.3122	229	81.0000	79.8039
48.5232	230	80.0000	79.7255
48.7342	231	80.0000	79.6471
48.9451	232	80.0000	79.5686
49.1561	233	79.0000	79.4902
49.3671	234	79.0000	79.4118
49.5781	235	81.0000	79.3333
49.7890	236	80.0000	79.2549
50.0000	237	80.0000	79.1765
50.2110	238	79.0000	79.0980
50.4219	239	80.0000	79.0196
50.6329	240	78.0000	78.9412
50.8439	241	79.0000	78.8627
51.0549	242	80.0000	78.7843
51.2658	243	79.0000	78.7059
51.4768	244	80.0000	78.6274
51.6878	245	78.0000	78.5490
51.8987	246	79.0000	78.4706
52.1097	247	77.0000	78.3922
52.3207	248	79.0000	78.3137
52.5316	249	77.0000	78.2353
52.7426	250	79.0000	78.1569
52.9536	251	79.0000	78.0784
53.1646	252	78.0000	78.0000
53.3755	253	79.0000	77.9551
53.5865	254	79.0000	77.9103
53.7975	255	79.0000	77.8654
54.0084	256	77.0000	77.8205
54.2194	257	77.0000	77.7756
54.4304	258	79.0000	77.7308
54.6414	259	79.0000	77.6859
54.8523	260	78.0000	77.6410
55.0633	261	79.0000	77.5962
55.2743	262	78.0000	77.5513
55.4852	263	79.0000	77.5064
55.6962	264	79.0000	77.4615
55.9072	265	78.0000	77.4167
56.1181	266	77.0000	77.3718
56.3291	267	79.0000	77.3269
56.5401	268	77.0000	77.2821
56.7511	269	77.0000	77.2372
56.9620	270	76.0000	77.1923
57.1730	271	77.0000	77.1474
57.3840	272	77.0000	77.1026
57.5949	273	79.0000	77.0577
57.8059	274	77.0000	77.0128
58.0169	275	78.0000	76.9679
58.2278	276	78.0000	76.9231
58.4388	277	79.0000	76.8782
58.6498	278	79.0000	76.8333
58.8608	279	78.0000	76.7885
59.0717	280	79.0000	76.7436
59.2827	281	79.0000	76.6987
59.4937	282	78.0000	76.6538
59.7046	283	78.0000	76.6090
59.9156	284	80.0000	76.5641
60.1266	285	80.0000	76.5192
60.3376	286	77.0000	76.4744
60.5485	287	81.0000	76.4295
60.7595	288	80.0000	76.3846
60.9705	289	80.0000	76.3397
61.1814	290	80.0000	76.2949
61.3924	291	80.0000	76.2500
61.6034	292	81.0000	76.2051
61.8143	293	82.0000	76.1603
62.0253	294	79.0000	76.1154
62.2363	295	81.0000	76.0705
62.4473	296	83.0000	76.0256
62.6582	297	80.0000	75.9808
62.8692	298	81.0000	75.9359
63.0802	299	82.0000	75.8910
63.2911	300	82.0000	75.8462
63.5021	301	81.0000	75.8013
63.7131	302	82.0000	75.7564
63.9241	303	81.0000	75.7115
64.1350	304	80.0000	75.6667
64.3460	305	81.0000	75.6218
64.5570	306	80.0000	75.5769
64.7679	307	80.0000	75.5321
64.9789	308	81.0000	75.4872
65.1899	309	80.0000	75.4423
65.4008	310	81.0000	75.3974
65.6118	311	80.0000	75.3526
65.8228	312	81.0000	75.3077
66.0338	313	80.0000	75.2628
66.2447	314	79.0000	75.2179
66.4557	315	80.0000	75.1731
66.6667	316	80.0000	75.1282
66.8776	317	80.0000	75.0833
67.0886	318	81.0000	75.0385
67.2996	319	80.0000	74.9936
67.5105	320	79.0000	74.9487
67.7215	321	79.0000	74.9038
67.9325	322	79.0000	74.8590
68.1435	323	79.0000	74.8141
68.3544	324	78.0000	74.7692
68.5654	325	79.0000	74.7244
68.7764	326	79.0000	74.6795
68.9873	327	81.0000	74.6346
69.1983	328	79.0000	74.5897
69.4093	329	79.0000	74.5449
69.6203	330	78.0000	74.5000
69.8312	331	80.0000	74.4551
70.0422	332	80.0000	74.4103
70.2532	333	79.0000	74.3654
70.4641	334	77.0000	74.3205
70.6751	335	79.0000	74.2756
70.8861	336	78.0000	74.2308
71.0970	337	77.0000	74.1859
71.3080	338	78.0000	74.1410
71.5190	339	78.0000	74.0962
71.7300	340	79.0000	74.0513
71.9409	341	77.0000	74.0064
72.1519	342	77.0000	73.9615
72.3629	343	78.0000	73.9167
72.5738	344	78.0000	73.8718
72.7848	345	77.0000	73.8269
72.9958	346	77.0000	73.7821
73.2068	347	77.0000	73.7372
73.4177	348	77.0000	73.6923
73.6287	349	76.0000	73.6474
73.8397	350	77.0000	73.6026
74.0506	351	77.0000	73.5577
74.2616	352	77.0000	73.5128
74.4726	353	76.0000	73.4679
74.6835	354	76.0000	73.4231
74.8945	355	76.0000	73.3782
75.1055	356	76.0000	73.3333
75.3165	357	76.0000	73.2885
75.5274	358	74.0000	73.2436
75.7384	359	75.0000	73.1987
75.9494	360	74.0000	73.1538
76.1603	361	75.0000	73.1090
76.3713	362	75.0000	73.0641
76.5823	363	74.0000	73.0192
76.7932	364	75.0000	72.9744
77.0042	365	75.0000	72.9295
77.2152	366	75.0000	72.8846
77.4262	367	75.0000	72.8397
77.6371	368	74.0000	72.7949
77.8481	369	74.0000	72.7500
78.0591	370	73.0000	72.7051
78.2700	371	74.0000	72.6603
78.4810	372	73.0000	72.6154
78.6920	373	73.0000	72.5705
78.9030	374	72.0000	72.5256
79.1139	375	73.0000	72.4808
79.3249	376	73.0000	72.4359
79.5359	377	72.0000	72.3910
79.7468	378	74.0000	72.3462
79.9578	379	73.0000	72.3013
80.1688	380	72.0000	72.2564
80.3797	381	72.0000	72.2115
80.5907	382	72.0000	72.1667
80.8017	383	72.0000	72.1218
81.0127	384	72.0000	72.0769
81.2236	385	72.0000	72.0321
81.4346	386	72.0000	71.9872
81.6456	387	72.0000	71.9423
81.8565	388	71.0000	71.8974
82.0675	389	71.0000	71.8526
82.2785	390	71.0000	71.8077
82.4895	391	71.0000	71.7628
82.7004	392	71.0000	71.7179
82.9114	393	70.0000	71.6731
83.1224	394	72.0000	71.6282
83.3333	395	71.0000	71.5833
83.5443	396	71.0000	71.5385
83.7553	397	71.0000	71.4936
83.9662	398	71.0000	71.4487
84.1772	399	71.0000	71.4038
84.3882	400	71.0000	71.3590
84.5992	401	71.0000	71.3141
84.8101	402	71.0000	71.2692
85.0211	403	70.0000	71.2244
85.2321	404	71.0000	71.1795
85.4430	405	71.0000	71.1346
85.6540	406	70.0000	71.0897
85.8650	407	70.0000	71.0449
86.0759	408	71.0000	71.0000
86.2869	409	71.0000	71.0000
86.4979	410	70.0000	71.0000
86.7089	411	70.0000	71.0000
86.9198	412	71.0000	71.0000
87.1308	413	70.0000	71.0000
87.3418	414	70.0000	71.0000
87.5527	415	70.0000	71.0000
87.7637	416	71.0000	71.0000
87.9747	417	69.0000	71.0000
88.1857	418	71.0000	71.0000
88.3966	419	70.0000	71.0000
88.6076	420	69.0000	71.0000
88.8186	421	70.0000	71.0000
89.0295	422	71.0000	71.0000
89.2405	423	70.0000	71.0000
89.4515	424	70.0000	71.0000
89.6624	425	71.0000	71.0000
89.8734	426	71.0000	71.0000
90.0844	427	71.0000	71.0000
90.2954	428	71.0000	71.0000
90.5063	429	71.0000	71.0000
90.7173	430	69.0000	70.9773
90.9283	431	70.0000	70.9545
91.1392	432	70.0000	70.9318
91.3502	433	70.0000	70.9091
91.5612	434	70.0000	70.8864
91.7722	435	70.0000	70.8636
91.9831	436	71.0000	70.8409
92.1941	437	70.0000	70.8182
92.4051	438	69.0000	70.7955
92.6160	439	70.0000	70.7727
92.8270	440	69.0000	70.7500
93.0380	441	70.0000	70.7273
93.2489	442	70.0000	70.7045
93.4599	443	71.0000	70.6818
93.6709	444	70.0000	70.6591
93.8819	445	70.0000	70.6364
94.0928	446	71.0000	70.6136
94.3038	447	71.0000	70.5909
94.5148	448	71.0000	70.5682
94.7257	449	71.0000	70.5455
94.9367	450	70.0000	70.5227
95.1477	451	72.0000	70.5000
95.3586	452	70.0000	70.4773
95.5696	453	71.0000	70.4545
95.7806	454	70.0000	70.4318
95.9916	455	70.0000	70.4091
96.2025	456	71.0000	70.3864
96.4135	457	71.0000	70.3636
96.6245	458	71.0000	70.3409
96.8354	459	71.0000	70.3182
97.0464	460	70.0000	70.2955
97.2574	461	70.0000	70.2727
97.4684	462	71.0000	70.2500
97.6793	463	71.0000	70.2273
97.8903	464	70.0000	70.2045
98.1013	465	70.0000	70.1818
98.3122	466	70.0000	70.1591
98.5232	467	72.0000	70.1364
98.7342	468	71.0000	70.1136
98.9451	469	71.0000	70.0909
99.1561	470	71.0000	70.0682
99.3671	471	73.0000	70.0455
99.5781	472	71.0000	70.0227
99.7890	473	70.0000	70.0000
100.0000	474	71.0000	71.0000
---------- 6: r2b_h6 ----------
Offset(%)	Offset(pix)	Profile	Background
0.0000	0	70.0000	70.0000
0.2110	1	69.0000	69.4615
0.4219	2	67.0000	68.9231
0.6329	3	63.0000	68.3846
0.8439	4	64.0000	67.8462
1.0549	5	68.0000	67.3077
1.2658	6	73.0000	66.7692
1.4768	7	74.0000	66.2308
1.6878	8	73.0000	65.6923
1.8987	9	71.0000	65.1538
2.1097	10	68.0000	64.6154
2.3207	11	65.0000	64.0769
2.5316	12	62.0000	63.5385
2.7426	13	63.0000	63.0000
2.9536	14	62.0000	63.1135
3.1646	15	65.0000	63.2270
3.3755	16	73.0000	63.3404
3.5865	17	84.0000	63.4539
3.7975	18	79.0000	63.5674
4.0084	19	75.0000	63.6809
4.2194	20	70.0000	63.7943
4.4304	21	68.0000	63.9078
4.6414	22	71.0000	64.0213
4.8523	23	77.0000	64.1348
5.0633	24	75.0000	64.2482
5.2743	25	78.0000	64.3617
5.4852	26	81.0000	64.4752
5.6962	27	79.0000	64.5887
5.9072	28	80.0000	64.7021
6.1181	29	78.0000	64.8156
6.3291	30	76.0000	64.9291
6.5401	31	75.0000	65.0426
6.7511	32	76.0000	65.1560
6.9620	33	75.0000	65.2695
7.1730	34	75.0000	65.3830
7.3840	35	75.0000	65.4965
7.5949	36	76.0000	65.6099
7.8059	37	76.0000	65.7234
8.0169	38	75.0000	65.8369
8.2278	39	76.0000	65.9504
8.4388	40	75.0000	66.0638
8.6498	41	77.0000	66.1773
8.8608	42	77.0000	66.2908
9.0717	43	78.0000	66.4043
9.2827	44	77.0000	66.5177
9.4937	45	78.0000	66.6312
9.7046	46	79.0000	66.7447
9.9156	47	80.0000	66.8582
10.1266	48	78.0000	66.9716
10.3376	49	79.0000	67.0851
10.5485	50	79.0000	67.1986
10.7595	51	79.0000	67.3121
10.9705	52	79.0000	67.4255
11.1814	53	80.0000	67.5390
11.3924	54	80.0000	67.6525
11.6034	55	81.0000	67.7660
11.8143	56	81.0000	67.8794
12.0253	57	81.0000	67.9929
12.2363	58	82.0000	68.1064
12.4473	59	83.0000	68.2199
12.6582	60	83.0000	68.3333
12.8692	61	84.0000	68.4468
13.0802	62	85.0000	68.5603
13.2911	63	86.0000	68.6738
13.5021	64	88.0000	68.7872
13.7131	65	89.0000	68.9007
13.9241	66	91.0000	69.0142
14.1350	67	92.0000	69.1277
14.3460	68	95.0000	69.2411
14.5570	69	99.0000	69.3546
14.7679	70	102.0000	69.4681
14.9789	71	107.0000	69.5816
15.1899	72	111.0000	69.6950
15.4008	73	116.0000	69.8085
15.6118	74	129.0000	69.9220
15.8228	75	140.0000	70.0355
16.0338	76	153.0000	70.1489
16.2447	77	160.0000	70.2624
16.4557	78	165.0000	70.3759
16.6667	79	174.0000	70.4894
16.8776	80	176.0000	70.6028
17.0886	81	178.0000	70.7163
17.2996	82	181.0000	70.8298
17.5105	83	180.0000	70.9433
17.7215	84	180.0000	71.0567
17.9325	85	176.0000	71.1702
18.1435	86	175.0000	71.2837
18.3544	87	169.0000	71.3972
18.5654	88	167.0000	71.5106
18.7764	89	164.0000	71.6241
18.9873	90	159.0000	71.7376
19.1983	91	154.0000	71.8511
19.4093	92	149.0000	71.9645
19.6203	93	148.0000	72.0780
19.8312	94	144.0000	72.1915
20.0422	95	140.0000	72.3050
20.2532	96	136.0000	72.4184
20.4641	97	134.0000	72.5319
20.6751	98	130.0000	72.6454
20.8861	99	126.0000	72.7589
21.0970	100	125.0000	72.8723
21.3080	101	122.0000	72.9858
21.5190	102	120.0000	73.0993
21.7300	103	118.0000	73.2128
21.9409	104	117.0000	73.3262
22.1519	105	115.0000	73.4397
22.3629	106	112.0000	73.5532
22.5738	107	111.0000	73.6667
22.7848	108	111.0000	73.7801
22.9958	109	108.0000	73.8936
23.2068	110	106.0000	74.0071
23.4177	111	105.0000	74.1206
23.6287	112	103.0000	74.2340
23.8397	113	103.0000	74.3475
24.0506	114	101.0000	74.4610
24.2616	115	100.0000	74.5745
24.4726	116	99.0000	74.6879
24.6835	117	99.0000	74.8014
24.8945	118	97.0000	74.9149
25.1055	119	96.0000	75.0284
25.3165	120	95.0000	75.1418
25.5274	121	95.0000	75.2553
25.7384	122	95.0000	75.3688
25.9494	123	92.0000	75.4823
26.1603	124	93.0000	75.5957
26.3713	125	93.0000	75.7092
26.5823	126	90.0000	75.8227
26.7932	127	91.0000	75.9362
27.0042	128	90.0000	76.0496
27.2152	129	89.0000	76.1631
27.4262	130	89.0000	76.2766
27.6371	131	89.0000	76.3901
27.8481	132	87.0000	76.5035
28.0591	133	86.0000	76.6170
28.2700	134	87.0000	76.7305
28.4810	135	86.0000	76.8440
28.6920	136	84.0000	76.9574
28.9030	137	86.0000	77.0709
29.1139	138	84.0000	77.1844
29.3249	139	82.0000	77.2979
29.5359	140	84.0000	77.4113
29.7468	141	83.0000	77.5248
29.9578	142	83.0000	77.6383
30.1688	143	83.0000	77.7518
30.3797	144	82.0000	77.8652
30.5907	145	82.0000	77.9787
30.8017	146	81.0000	78.0922
31.0127	147	81.0000	78.2057
31.2236	148	80.0000	78.3192
31.4346	149	80.0000	78.4326
31.6456	150	81.0000	78.5461
31.8565	151	81.0000	78.6596
32.0675	152	80.0000	78.7730
32.2785	153	81.0000	78.8865
32.4895	154	79.0000	79.0000
32.7004	155	81.0000	78.9535
32.9114	156	78.0000	78.9070
33.1224	157	79.0000	78.8605
33.3333	158	79.0000	78.8140
33.5443	159	79.0000	78.7674
33.7553	160	79.0000	78.7209
33.9662	161	79.0000	78.6744
34.1772	162	80.0000	78.6279
34.3882	163	78.0000	78.5814
34.5992	164	77.0000	78.5349
34.8101	165	79.0000	78.4884
35.0211	166	79.0000	78.4419
35.2321	167	78.0000	78.3953
35.4430	168	77.0000	78.3488
35.6540	169	79.0000	78.3023
35.8650	170	78.0000	78.2558
36.0759	171	78.0000	78.2093
36.2869	172	78.0000	78.1628
36.4979	173	77.0000	78.1163
36.7089	174	78.0000	78.0698
36.9198	175	78.0000	78.0233
37.1308	176	78.0000	77.9767
37.3418	177	78.0000	77.9302
37.5527	178	77.0000	77.8837
37.7637	179	78.0000	77.8372
37.9747	180	78.0000	77.7907
38.1857	181	79.0000	77.7442
38.3966	182	76.0000	77.6977
38.6076	183	78.0000	77.6512
38.8186	184	78.0000	77.6047
39.0295	185	79.0000	77.5581
39.2405	186	78.0000	77.5116
39.4515	187	78.0000	77.4651
39.6624	188	77.0000	77.4186
39.8734	189	78.0000	77.3721
40.0844	190	77.0000	77.3256
40.2954	191	77.0000	77.2791
40.5063	192	77.0000	77.2326
40.7173	193	77.0000	77.1860
40.9283	194	78.0000	77.1395
41.1392	195	77.0000	77.0930
41.3502	196	77.0000	77.0465
41.5612	197	77.0000	77.0000
41.7722	198	76.0000	76.9333
41.9831	199	77.0000	76.8667
42.1941	200	76.0000	76.8000
42.4051	201	77.0000	76.7333
42.6160	202	76.0000	76.6667
42.8270	203	78.0000	76.6000
43.0380	204	77.0000	76.5333
43.2489	205	76.0000	76.4667
43.4599	206	78.0000	76.4000
43.6709	207	77.0000	76.3333
43.8819	208	76.0000	76.2667
44.0928	209	76.0000	76.2000
44.3038	210	77.0000	76.1333
44.5148	211	75.0000	76.0667
44.7257	212	76.0000	76.0000
44.9367	213	75.0000	76.0161
45.1477	214	77.0000	76.0323
45.3586	215	76.0000	76.0484
45.5696	216	76.0000	76.0645
45.7806	217	76.0000	76.0806
45.9916	218	77.0000	76.0968
46.2025	219	76.0000	76.1129
46.4135	220	76.0000	76.1290
46.6245	221	77.0000	76.1452
46.8354	222	77.0000	76.1613
47.0464	223	76.0000	76.1774
47.2574	224	78.0000	76.1936
47.4684	225	76.0000	76.2097
47.6793	226	77.0000	76.2258
47.8903	227	76.0000	76.2419
48.1013	228	77.0000	76.2581
48.3122	229	76.0000	76.2742
48.5232	230	77.0000	76.2903
48.7342	231	78.0000	76.3064
48.9451	232	77.0000	76.3226
49.1561	233	77.0000	76.3387
49.3671	234	77.0000	76.3548
49.5781	235	78.0000	76.3710
49.7890	236	77.0000	76.3871
50.0000	237	77.0000	76.4032
50.2110	238	77.0000	76.4194
50.4219	239	77.0000	76.4355
50.6329	240	77.0000	76.4516
50.8439	241	77.0000	76.4677
51.0549	242	77.0000	76.4839
51.2658	243	77.0000	76.5000
51.4768	244	78.0000	76.5161
51.6878	245	77.0000	76.5323
51.8987	246	77.0000	76.5484
52.1097	247	78.0000	76.5645
52.3207	248	77.0000	76.5806
52.5316	249	78.0000	76.5968
52.7426	250	77.0000	76.6129
52.9536	251	77.0000	76.6290
53.1646	252	77.0000	76.6452
53.3755	253	78.0000	76.6613
53.5865	254	78.0000	76.6774
53.7975	255	76.0000	76.6936
54.0084	256	77.0000	76.7097
54.2194	257	76.0000	76.7258
54.4304	258	77.0000	76.7419
54.6414	259	77.0000	76.7581
54.8523	260	77.0000	76.7742
55.0633	261	77.0000	76.7903
55.2743	262	78.0000	76.8064
55.4852	263	78.0000	76.8226
55.6962	264	76.0000	76.8387
55.9072	265	76.0000	76.8548
56.1181	266	77.0000	76.8710
56.3291	267	77.0000	76.8871
56.5401	268	77.0000	76.9032
56.7511	269	77.0000	76.9194
56.9620	270	76.0000	76.9355
57.1730	271	77.0000	76.9516
57.3840	272	77.0000	76.9677
57.5949	273	76.0000	76.9839
57.8059	274	77.0000	77.0000
58.0169	275	76.0000	76.9770
58.2278	276	78.0000	76.9540
58.4388	277	78.0000	76.9310
58.6498	278	76.0000	76.9080
58.8608	279	77.0000	76.8851
59.0717	280	77.0000	76.8621
59.2827	281	78.0000	76.8391
59.4937	282	76.0000	76.8161
59.7046	283	76.0000	76.7931
59.9156	284	76.0000	76.7701
60.1266	285	78.0000	76.7471
60.3376	286	78.0000	76.7241
60.5485	287	79.0000	76.7011
60.7595	288	77.0000	76.6782
60.9705	289	78.0000	76.6552
61.1814	290	78.0000	76.6322
61.3924	291	78.0000	76.6092
61.6034	292	79.0000	76.5862
61.8143	293	77.0000	76.5632
62.0253	294	79.0000	76.5402
62.2363	295	80.0000	76.5172
62.4473	296	79.0000	76.4943
62.6582	297	80.0000	76.4713
62.8692	298	80.0000	76.4483
63.0802	299	79.0000	76.4253
63.2911	300	79.0000	76.4023
63.5021	301	80.0000	76.3793
63.7131	302	83.0000	76.3563
63.9241	303	78.0000	76.3333
64.1350	304	80.0000	76.3103
64.3460	305	81.0000	76.2874
64.5570	306	80.0000	76.2644
64.7679	307	80.0000	76.2414
64.9789	308	81.0000	76.2184
65.1899	309	80.0000	76.1954
65.4008	310	79.0000	76.1724
65.6118	311	79.0000	76.1494
65.8228	312	80.0000	76.1264
66.0338	313	80.0000	76.1034
66.2447	314	79.0000	76.0805
66.4557	315	80.0000	76.0575
66.6667	316	80.0000	76.0345
66.8776	317	80.0000	76.0115
67.0886	318	81.0000	75.9885
67.2996	319	81.0000	75.9655
67.5105	320	81.0000	75.9425
67.7215	321	80.0000	75.9195
67.9325	322	80.0000	75.8966
68.1435	323	80.0000	75.8736
68.3544	324	79.0000	75.8506
68.5654	325	81.0000	75.8276
68.7764	326	79.0000	75.8046
68.9873	327	80.0000	75.7816
69.1983	328	78.0000	75.7586
69.4093	329	78.0000	75.7356
69.6203	330	81.0000	75.7126
69.8312	331	80.0000	75.6897
70.0422	332	79.0000	75.6667
70.2532	333	78.0000	75.6437
70.4641	334	81.0000	75.6207
70.6751	335	80.0000	75.5977
70.8861	336	79.0000	75.5747
71.0970	337	77.0000	75.5517
71.3080	338	77.0000	75.5287
71.5190	339	79.0000	75.5057
71.7300	340	79.0000	75.4828
71.9409	341	79.0000	75.4598
72.1519	342	78.0000	75.4368
72.3629	343	78.0000	75.4138
72.5738	344	78.0000	75.3908
72.7848	345	79.0000	75.3678
72.9958	346	76.0000	75.3448
73.2068	347	78.0000	75.3218
73.4177	348	77.0000	75.2989
73.6287	349	77.0000	75.2759
73.8397	350	77.0000	75.2529
74.0506	351	76.0000	75.2299
74.2616	352	77.0000	75.2069
74.4726	353	77.0000	75.1839
74.6835	354	77.0000	75.1609
74.8945	355	76.0000	75.1379
75.1055	356	76.0000	75.1149
75.3165	357	76.0000	75.0920
75.5274	358	75.0000	75.0690
75.7384	359	76.0000	75.0460
75.9494	360	74.0000	75.0230
76.1603	361	75.0000	75.0000
76.3713	362	75.0000	74.9184
76.5823	363	74.0000	74.8367
76.7932	364	74.0000	74.7551
77.0042	365	74.0000	74.6735
77.2152	366	74.0000	74.5918
77.4262	367	74.0000	74.5102
77.6371	368	74.0000	74.4286
77.8481	369	74.0000	74.3469
78.0591	370	74.0000	74.2653
78.2700	371	74.0000	74.1837
78.4810	372	72.0000	74.1020
78.6920	373	73.0000	74.0204
78.9030	374	73.0000	73.9388
79.1139	375	72.0000	73.8571
79.3249	376	74.0000	73.7755
79.5359	377	73.0000	73.6939
79.7468	378	73.0000	73.6122
79.9578	379	72.0000	73.5306
80.1688	380	72.0000	73.4490
80.3797	381	73.0000	73.3673
80.5907	382	72.0000	73.2857
80.8017	383	72.0000	73.2041
81.0127	384	72.0000	73.1225
81.2236	385	72.0000	73.0408
81.4346	386	70.0000	72.9592
81.6456	387	72.0000	72.8775
81.8565	388	71.0000	72.7959
82.0675	389	71.0000	72.7143
82.2785	390	71.0000	72.6327
82.4895	391	70.0000	72.5510
82.7004	392	71.0000	72.4694
82.9114	393	72.0000	72.3878
83.1224	394	71.0000	72.3061
83.3333	395	71.0000	72.2245
83.5443	396	70.0000	72.1429
83.7553	397	70.0000	72.0612
83.9662	398	71.0000	71.9796
84.1772	399	70.0000	71.8980
84.3882	400	70.0000	71.8163
84.5992	401	70.0000	71.7347
84.8101	402	70.0000	71.6531
85.0211	403	72.0000	71.5714
85.2321	404	71.0000	71.4898
85.4430	405	71.0000	71.4082
85.6540	406	70.0000	71.3265
85.8650	407	70.0000	71.2449
86.0759	408	69.0000	71.1633
86.2869	409	69.0000	71.0816
86.4979	410	71.0000	71.0000
86.7089	411	70.0000	70.9355
86.9198	412	70.0000	70.8710
87.1308	413	70.0000	70.8064
87.3418	414	70.0000	70.7419
87.5527	415	69.0000	70.6774
87.7637	416	70.0000	70.6129
87.9747	417	70.0000	70.5484
88.1857	418	70.0000	70.4839
88.3966	419	70.0000	70.4194
88.6076	420	70.0000	70.3548
88.8186	421	70.0000	70.2903
89.0295	422	70.0000	70.2258
89.2405	423	70.0000	70.1613
89.4515	424	69.0000	70.0968
89.6624	425	70.0000	70.0323
89.8734	426	70.0000	69.9677
90.0844	427	70.0000	69.9032
90.2954	428	70.0000	69.8387
90.5063	429	71.0000	69.7742
90.7173	430	70.0000	69.7097
90.9283	431	71.0000	69.6452
91.1392	432	70.0000	69.5806
91.3502	433	70.0000	69.5161
91.5612	434	69.0000	69.4516
91.7722	435	70.0000	69.3871
91.9831	436	72.0000	69.3226
92.1941	437	70.0000	69.2581
92.4051	438	69.0000	69.1936
92.6160	439	70.0000	69.1290
92.8270	440	70.0000	69.0645
93.0380	441	69.0000	69.0000
93.2489	442	70.0000	69.0667
93.4599	443	70.0000	69.1333
93.6709	444	69.0000	69.2000
93.8819	445	70.0000	69.2667
94.0928	446	71.0000	69.3333
94.3038	447	70.0000	69.4000
94.5148	448	70.0000	69.4667
94.7257	449	71.0000	69.5333
94.9367	450	71.0000	69.6000
95.1477	451	71.0000	69.6667
95.3586	452	71.0000	69.7333
95.5696	453	69.0000	69.8000
95.7806	454	70.0000	69.8667
95.9916	455	69.0000	69.9333
96.2025	456	71.0000	70.0000
96.4135	457	71.0000	70.0667
96.6245	458	70.0000	70.1333
96.8354	459	71.0000	70.2000
97.0464	460	71.0000	70.2667
97.2574	461	70.0000	70.3333
97.4684	462	72.0000	70.4000
97.6793	463	70.0000	70.4667
97.8903	464	70.0000	70.5333
98.1013	465	71.0000	70.6000
98.3122	466	70.0000	70.6667
98.5232	467	70.0000	70.7333
98.7342	468	70.0000	70.8000
98.9451	469	71.0000	70.8667
99.1561	470	71.0000	70.9333
99.3671	471	71.0000	71.0000
99.5781	472	71.0000	70.6667
99.7890	473	70.0000	70.3333
100.0000	474	70.0000	70.0000
