---------- 1: r2b_g1 ----------
Offset(%)	Offset(pix)	Profile	Background
0.0000	0	70.0000	70.0000
0.2096	1	70.0000	69.6818
0.4193	2	70.0000	69.3636
0.6289	3	71.0000	69.0455
0.8386	4	70.0000	68.7273
1.0482	5	69.0000	68.4091
1.2579	6	69.0000	68.0909
1.4675	7	70.0000	67.7727
1.6771	8	71.0000	67.4545
1.8868	9	71.0000	67.1364
2.0964	10	70.0000	66.8182
2.3061	11	70.0000	66.5000
2.5157	12	69.0000	66.1818
2.7254	13	67.0000	65.8636
2.9350	14	65.0000	65.5455
3.1447	15	65.0000	65.2273
3.3543	16	71.0000	64.9091
3.5639	17	74.0000	64.5909
3.7736	18	70.0000	64.2727
3.9832	19	70.0000	63.9545
4.1929	20	68.0000	63.6364
4.4025	21	65.0000	63.3182
4.6122	22	63.0000	63.0000
4.8218	23	63.0000	63.3824
5.0314	24	64.0000	63.7647
5.2411	25	67.0000	64.1471
5.4507	26	78.0000	64.5294
5.6604	27	80.0000	64.9118
5.8700	28	87.0000	65.2941
6.0797	29	76.0000	65.6765
6.2893	30	68.0000	66.0588
6.4990	31	66.0000	66.4412
6.7086	32	68.0000	66.8235
6.9182	33	69.0000	67.2059
7.1279	34	71.0000	67.5882
7.3375	35	72.0000	67.9706
7.5472	36	77.0000	68.3529
7.7568	37	81.0000	68.7353
7.9665	38	85.0000	69.1176
8.1761	39	80.0000	69.5000
8.3857	40	78.0000	69.8824
8.5954	41	78.0000	70.2647
8.8050	42	78.0000	70.6471
9.0147	43	77.0000	71.0294
9.2243	44	75.0000	71.4118
9.4340	45	76.0000	71.7941
9.6436	46	75.0000	72.1765
9.8532	47	76.0000	72.5588
10.0629	48	75.0000	72.9412
10.2725	49	75.0000	73.3235
10.4822	50	74.0000	73.7059
10.6918	51	76.0000	74.0882
10.9015	52	75.0000	74.4706
11.1111	53	77.0000	74.8529
11.3208	54	75.0000	75.2353
11.5304	55	75.0000	75.6176
11.7400	56	76.0000	76.0000
11.9497	57	76.0000	75.9560
12.1593	58	75.0000	75.9121
12.3690	59	76.0000	75.8681
12.5786	60	75.0000	75.8242
12.7883	61	75.0000	75.7802
12.9979	62	77.0000	75.7363
13.2075	63	77.0000	75.6923
13.4172	64	76.0000	75.6484
13.6268	65	77.0000	75.6044
13.8365	66	77.0000	75.5604
14.0461	67	77.0000	75.5165
14.2558	68	77.0000	75.4725
14.4654	69	77.0000	75.4286
14.6751	70	80.0000	75.3846
14.8847	71	80.0000	75.3407
15.0943	72	81.0000	75.2967
15.3040	73	80.0000	75.2527
15.5136	74	82.0000	75.2088
15.7233	75	83.0000	75.1648
15.9329	76	86.0000	75.1209
16.1426	77	89.0000	75.0769
16.3522	78	91.0000	75.0330
16.5618	79	93.0000	74.9890
16.7715	80	96.0000	74.9451
16.9811	81	102.0000	74.9011
17.1908	82	108.0000	74.8571
17.4004	83	112.0000	74.8132
17.6101	84	119.0000	74.7692
17.8197	85	124.0000	74.7253
18.0294	86	120.0000	74.6813
18.2390	87	120.0000	74.6374
18.4486	88	118.0000	74.5934
18.6583	89	117.0000	74.5495
18.8679	90	113.0000	74.5055
19.0776	91	111.0000	74.4615
19.2872	92	109.0000	74.4176
19.4969	93	107.0000	74.3736
19.7065	94	103.0000	74.3297
19.9161	95	102.0000	74.2857
20.1258	96	100.0000	74.2418
20.3354	97	96.0000	74.1978
20.5451	98	95.0000	74.1538
20.7547	99	96.0000	74.1099
20.9644	100	94.0000	74.0659
21.1740	101	91.0000	74.0220
21.3836	102	91.0000	73.9780
21.5933	103	88.0000	73.9341
21.8029	104	87.0000	73.8901
22.0126	105	87.0000	73.8462
22.2222	106	87.0000	73.8022
22.4319	107	85.0000	73.7582
22.6415	108	84.0000	73.7143
22.8512	109	83.0000	73.6703
23.0608	110	83.0000	73.6264
23.2704	111	82.0000	73.5824
23.4801	112	82.0000	73.5385
23.6897	113	81.0000	73.4945
23.8994	114	80.0000	73.4505
24.1090	115	79.0000	73.4066
24.3187	116	80.0000	73.3626
24.5283	117	79.0000	73.3187
24.7379	118	78.0000	73.2747
24.9476	119	79.0000	73.2308
25.1572	120	79.0000	73.1868
25.3669	121	77.0000	73.1429
25.5765	122	76.0000	73.0989
25.7862	123	77.0000	73.0549
25.9958	124	78.0000	73.0110
26.2055	125	76.0000	72.9670
26.4151	126	75.0000	72.9231
26.6247	127	76.0000	72.8791
26.8344	128	76.0000	72.8352
27.0440	129	77.0000	72.7912
27.2537	130	74.0000	72.7473
27.4633	131	75.0000	72.7033
27.6730	132	74.0000	72.6593
27.8826	133	74.0000	72.6154
28.0922	134	75.0000	72.5714
28.3019	135	74.0000	72.5275
28.5115	136	74.0000	72.4835
28.7212	137	74.0000	72.4396
28.9308	138	75.0000	72.3956
29.1405	139	74.0000	72.3516
29.3501	140	73.0000	72.3077
29.5597	141	73.0000	72.2637
29.7694	142	73.0000	72.2198
29.9790	143	74.0000	72.1758
30.1887	144	72.0000	72.1319
30.3983	145	72.0000	72.0879
30.6080	146	72.0000	72.0440
30.8176	147	72.0000	72.0000
31.0273	148	73.0000	71.9836
31.2369	149	73.0000	71.9672
31.4465	150	72.0000	71.9508
31.6562	151	72.0000	71.9344
31.8658	152	72.0000	71.9180
32.0755	153	72.0000	71.9016
32.2851	154	72.0000	71.8852
32.4948	155	73.0000	71.8689
32.7044	156	72.0000	71.8525
32.9140	157	72.0000	71.8361
33.1237	158	74.0000	71.8197
33.3333	159	72.0000	71.8033
33.5430	160	72.0000	71.7869
33.7526	161	71.0000	71.7705
33.9623	162	72.0000	71.7541
34.1719	163	72.0000	71.7377
34.3816	164	72.0000	71.7213
34.5912	165	72.0000	71.7049
34.8008	166	71.0000	71.6885
35.0105	167	72.0000	71.6721
35.2201	168	72.0000	71.6557
35.4298	169	70.0000	71.6393
35.6394	170	71.0000	71.6229
35.8491	171	72.0000	71.6066
36.0587	172	73.0000	71.5902
36.2683	173	73.0000	71.5738
36.4780	174	71.0000	71.5574
36.6876	175	71.0000	71.5410
36.8973	176	73.0000	71.5246
37.1069	177	72.0000	71.5082
37.3166	178	73.0000	71.4918
37.5262	179	73.0000	71.4754
37.7358	180	72.0000	71.4590
37.9455	181	73.0000	71.4426
38.1551	182	72.0000	71.4262
38.3648	183	72.0000	71.4098
38.5744	184	72.0000	71.3934
38.7841	185	72.0000	71.3771
38.9937	186	72.0000	71.3607
39.2034	187	73.0000	71.3443
39.4130	188	72.0000	71.3279
39.6226	189	72.0000	71.3115
39.8323	190	73.0000	71.2951
40.0419	191	72.0000	71.2787
40.2516	192	73.0000	71.2623
40.4612	193	72.0000	71.2459
40.6709	194	73.0000	71.2295
40.8805	195	71.0000	71.2131
41.0901	196	72.0000	71.1967
41.2998	197	73.0000	71.1803
41.5094	198	72.0000	71.1639
41.7191	199	72.0000	71.1475
41.9287	200	73.0000	71.1311
42.1384	201	72.0000	71.1148
42.3480	202	72.0000	71.0984
42.5577	203	74.0000	71.0820
42.7673	204	73.0000	71.0656
42.9769	205	74.0000	71.0492
43.1866	206	74.0000	71.0328
43.3962	207	74.0000	71.0164
43.6059	208	71.0000	71.0000
43.8155	209	72.0000	71.1034
44.0252	210	74.0000	71.2069
44.2348	211	73.0000	71.3103
44.4444	212	73.0000	71.4138
44.6541	213	73.0000	71.5172
44.8637	214	73.0000	71.6207
45.0734	215	73.0000	71.7241
45.2830	216	73.0000	71.8276
45.4927	217	73.0000	71.9310
45.7023	218	74.0000	72.0345
45.9119	219	73.0000	72.1379
46.1216	220	75.0000	72.2414
46.3312	221	74.0000	72.3448
46.5409	222	73.0000	72.4483
46.7505	223	73.0000	72.5517
46.9602	224	74.0000	72.6552
47.1698	225	75.0000	72.7586
47.3795	226	73.0000	72.8621
47.5891	227	74.0000	72.9655
47.7987	228	73.0000	73.0690
48.0084	229	73.0000	73.1724
48.2180	230	75.0000	73.2759
48.4277	231	75.0000	73.3793
48.6373	232	75.0000	73.4828
48.8470	233	74.0000	73.5862
49.0566	234	75.0000	73.6897
49.2662	235	75.0000	73.7931
49.4759	236	75.0000	73.8966
49.6855	237	75.0000	74.0000
49.8952	238	73.0000	74.1034
50.1048	239	75.0000	74.2069
50.3145	240	75.0000	74.3103
50.5241	241	75.0000	74.4138
50.7338	242	74.0000	74.5172
50.9434	243	74.0000	74.6207
51.1530	244	75.0000	74.7241
51.3627	245	74.0000	74.8276
51.5723	246	74.0000	74.9310
51.7820	247	74.0000	75.0345
51.9916	248	76.0000	75.1379
52.2013	249	75.0000	75.2414
52.4109	250	74.0000	75.3448
52.6205	251	75.0000	75.4483
52.8302	252	76.0000	75.5517
53.0398	253	74.0000	75.6552
53.2495	254	74.0000	75.7586
53.4591	255	74.0000	75.8621
53.6688	256	76.0000	75.9655
53.8784	257	74.0000	76.0690
54.0881	258	75.0000	76.1724
54.2977	259	75.0000	76.2759
54.5073	260	75.0000	76.3793
54.7170	261	77.0000	76.4828
54.9266	262	76.0000	76.5862
55.1363	263	76.0000	76.6897
55.3459	264	76.0000	76.7931
55.5556	265	76.0000	76.8966
55.7652	266	77.0000	77.0000
55.9748	267	76.0000	76.9734
56.1845	268	75.0000	76.9468
56.3941	269	78.0000	76.9202
56.6038	270	75.0000	76.8936
56.8134	271	77.0000	76.8670
57.0231	272	76.0000	76.8404
57.2327	273	77.0000	76.8138
57.4423	274	77.0000	76.7872
57.6520	275	77.0000	76.7606
57.8616	276	77.0000	76.7340
58.0713	277	76.0000	76.7074
58.2809	278	76.0000	76.6809
58.4906	279	78.0000	76.6543
58.7002	280	76.0000	76.6277
58.9099	281	77.0000	76.6011
59.1195	282	77.0000	76.5745
59.3291	283	77.0000	76.5479
59.5388	284	77.0000	76.5213
59.7484	285	77.0000	76.4947
59.9581	286	76.0000	76.4681
60.1677	287	78.0000	76.4415
60.3774	288	79.0000	76.4149
60.5870	289	76.0000	76.3883
60.7966	290	77.0000	76.3617
61.0063	291	78.0000	76.3351
61.2159	292	79.0000	76.3085
61.4256	293	79.0000	76.2819
61.6352	294	79.0000	76.2553
61.8449	295	77.0000	76.2287
62.0545	296	78.0000	76.2021
62.2642	297	78.0000	76.1755
62.4738	298	80.0000	76.1489
62.6834	299	81.0000	76.1223
62.8931	300	81.0000	76.0957
63.1027	301	80.0000	76.0691
63.3124	302	81.0000	76.0426
63.5220	303	81.0000	76.0160
63.7317	304	80.0000	75.9894
63.9413	305	80.0000	75.9628
64.1509	306	80.0000	75.9362
64.3606	307	81.0000	75.9096
64.5702	308	81.0000	75.8830
64.7799	309	84.0000	75.8564
64.9895	310	81.0000	75.8298
65.1992	311	82.0000	75.8032
65.4088	312	81.0000	75.7766
65.6184	313	82.0000	75.7500
65.8281	314	82.0000	75.7234
66.0377	315	85.0000	75.6968
66.2474	316	84.0000	75.6702
66.4570	317	85.0000	75.6436
66.6667	318	85.0000	75.6170
66.8763	319	84.0000	75.5904
67.0860	320	85.0000	75.5638
67.2956	321	85.0000	75.5372
67.5052	322	86.0000	75.5106
67.7149	323	83.0000	75.4840
67.9245	324	85.0000	75.4574
68.1342	325	85.0000	75.4309
68.3438	326	87.0000	75.4043
68.5535	327	84.0000	75.3777
68.7631	328	87.0000	75.3511
68.9727	329	85.0000	75.3245
69.1824	330	86.0000	75.2979
69.3920	331	86.0000	75.2713
69.6017	332	86.0000	75.2447
69.8113	333	86.0000	75.2181
70.0210	334	86.0000	75.1915
70.2306	335	87.0000	75.1649
70.4403	336	87.0000	75.1383
70.6499	337	87.0000	75.1117
70.8595	338	89.0000	75.0851
71.0692	339	88.0000	75.0585
71.2788	340	86.0000	75.0319
71.4885	341	87.0000	75.0053
71.6981	342	86.0000	74.9787
71.9078	343	84.0000	74.9521
72.1174	344	84.0000	74.9255
72.3270	345	88.0000	74.8989
72.5367	346	88.0000	74.8723
72.7463	347	85.0000	74.8457
72.9560	348	89.0000	74.8192
73.1656	349	87.0000	74.7926
73.3753	350	93.0000	74.7660
73.5849	351	90.0000	74.7394
73.7945	352	89.0000	74.7128
74.0042	353	91.0000	74.6862
74.2138	354	89.0000	74.6596
74.4235	355	88.0000	74.6330
74.6331	356	89.0000	74.6064
74.8428	357	92.0000	74.5798
75.0524	358	90.0000	74.5532
75.2621	359	90.0000	74.5266
75.4717	360	92.0000	74.5000
75.6813	361	90.0000	74.4734
75.8910	362	92.0000	74.4468
76.1006	363	93.0000	74.4202
76.3103	364	90.0000	74.3936
76.5199	365	88.0000	74.3670
76.7296	366	90.0000	74.3404
76.9392	367	90.0000	74.3138
77.1488	368	90.0000	74.2872
77.3585	369	89.0000	74.2606
77.5681	370	89.0000	74.2340
77.7778	371	88.0000	74.2074
77.9874	372	89.0000	74.1808
78.1971	373	86.0000	74.1543
78.4067	374	88.0000	74.1277
78.6164	375	89.0000	74.1011
78.8260	376	89.0000	74.0745
79.0356	377	86.0000	74.0479
79.2453	378	87.0000	74.0213
79.4549	379	87.0000	73.9947
79.6646	380	86.0000	73.9681
79.8742	381	87.0000	73.9415
80.0839	382	85.0000	73.9149
80.2935	383	85.0000	73.8883
80.5031	384	85.0000	73.8617
80.7128	385	85.0000	73.8351
80.9224	386	86.0000	73.8085
81.1321	387	84.0000	73.7819
81.3417	388	83.0000	73.7553
81.5514	389	83.0000	73.7287
81.7610	390	83.0000	73.7021
81.9706	391	82.0000	73.6755
82.1803	392	81.0000	73.6489
82.3899	393	82.0000	73.6223
82.5996	394	82.0000	73.5957
82.8092	395	79.0000	73.5692
83.0189	396	80.0000	73.5426
83.2285	397	80.0000	73.5160
83.4382	398	78.0000	73.4894
83.6478	399	78.0000	73.4628
83.8574	400	78.0000	73.4362
84.0671	401	78.0000	73.4096
84.2767	402	78.0000	73.3830
84.4864	403	78.0000	73.3564
84.6960	404	78.0000	73.3298
84.9057	405	77.0000	73.3032
85.1153	406	76.0000	73.2766
85.3249	407	77.0000	73.2500
85.5346	408	75.0000	73.2234
85.7442	409	77.0000	73.1968
85.9539	410	76.0000	73.1702
86.1635	411	76.0000	73.1436
86.3732	412	75.0000	73.1170
86.5828	413	74.0000	73.0904
86.7925	414	73.0000	73.0638
87.0021	415	74.0000	73.0372
87.2117	416	73.0000	73.0106
87.4214	417	74.0000	72.9840
87.6310	418	72.0000	72.9574
87.8407	419	72.0000	72.9308
88.0503	420	73.0000	72.9043
88.2600	421	73.0000	72.8777
88.4696	422	72.0000	72.8511
88.6792	423	73.0000	72.8245
88.8889	424	72.0000	72.7979
89.0985	425	72.0000	72.7713
89.3082	426	73.0000	72.7447
89.5178	427	73.0000	72.7181
89.7275	428	71.0000	72.6915
89.9371	429	72.0000	72.6649
90.1468	430	72.0000	72.6383
90.3564	431	72.0000	72.6117
90.5660	432	73.0000	72.5851
90.7757	433	72.0000	72.5585
90.9853	434	73.0000	72.5319
91.1950	435	72.0000	72.5053
91.4046	436	73.0000	72.4787
91.6143	437	73.0000	72.4521
91.8239	438	71.0000	72.4255
92.0335	439	72.0000	72.3989
92.2432	440	72.0000	72.3723
92.4528	441	72.0000	72.3457
92.6625	442	72.0000	72.3192
92.8721	443	72.0000	72.2926
93.0818	444	71.0000	72.2660
93.2914	445	72.0000	72.2394
93.5010	446	72.0000	72.2128
93.7107	447	73.0000	72.1862
93.9203	448	74.0000	72.1596
94.1300	449	73.0000	72.1330
94.3396	450	72.0000	72.1064
94.5493	451	71.0000	72.0798
94.7589	452	73.0000	72.0532
94.9686	453	72.0000	72.0266
95.1782	454	72.0000	72.0000
95.3878	455	71.0000	71.9333
95.5975	456	71.0000	71.8667
95.8071	457	72.0000	71.8000
96.0168	458	72.0000	71.7333
96.2264	459	71.0000	71.6667
96.4361	460	73.0000	71.6000
96.6457	461	71.0000	71.5333
96.8553	462	71.0000	71.4667
97.0650	463	72.0000	71.4000
97.2746	464	73.0000	71.3333
97.4843	465	71.0000	71.2667
97.6939	466	72.0000	71.2000
97.9036	467	74.0000	71.1333
98.1132	468	72.0000	71.0667
98.3229	469	71.0000	71.0000
98.5325	470	71.0000	71.1250
98.7421	471	72.0000	71.2500
98.9518	472	74.0000	71.3750
99.1614	473	72.0000	71.5000
99.3711	474	75.0000	71.6250
99.5807	475	72.0000	71.7500
99.7904	476	73.0000	71.8750
100.0000	477	72.0000	72.0000
---------- 2: r2b_g2 ----------
Offset(%)	Offset(pix)	Profile	Background
0.0000	0	71.0000	71.0000
0.2096	1	70.0000	70.6818
0.4193	2	69.0000	70.3636
0.6289	3	70.0000	70.0455
0.8386	4	70.0000	69.7273
1.0482	5	69.0000	69.4091
1.2579	6	71.0000	69.0909
1.4675	7	69.0000	68.7727
1.6771	8	70.0000	68.4545
1.8868	9	70.0000	68.1364
2.0964	10	70.0000	67.8182
2.3061	11	71.0000	67.5000
2.5157	12	67.0000	67.1818
2.7254	13	65.0000	66.8636
2.9350	14	65.0000	66.5455
3.1447	15	67.0000	66.2273
3.3543	16	74.0000	65.9091
3.5639	17	73.0000	65.5909
3.7736	18	70.0000	65.2727
3.9832	19	69.0000	64.9545
4.1929	20	69.0000	64.6364
4.4025	21	65.0000	64.3182
4.6122	22	64.0000	64.0000
4.8218	23	66.0000	64.1126
5.0314	24	66.0000	64.2252
5.2411	25	72.0000	64.3377
5.4507	26	73.0000	64.4503
5.6604	27	74.0000	64.5629
5.8700	28	73.0000	64.6755
6.0797	29	71.0000	64.7881
6.2893	30	69.0000	64.9007
6.4990	31	68.0000	65.0132
6.7086	32	68.0000	65.1258
6.9182	33	70.0000	65.2384
7.1279	34	70.0000	65.3510
7.3375	35	73.0000	65.4636
7.5472	36	71.0000	65.5762
7.7568	37	72.0000	65.6887
7.9665	38	73.0000	65.8013
8.1761	39	71.0000	65.9139
8.3857	40	71.0000	66.0265
8.5954	41	70.0000	66.1391
8.8050	42	70.0000	66.2517
9.0147	43	70.0000	66.3642
9.2243	44	70.0000	66.4768
9.4340	45	70.0000	66.5894
9.6436	46	70.0000	66.7020
9.8532	47	71.0000	66.8146
10.0629	48	70.0000	66.9272
10.2725	49	70.0000	67.0397
10.4822	50	70.0000	67.1523
10.6918	51	71.0000	67.2649
10.9015	52	70.0000	67.3775
11.1111	53	71.0000	67.4901
11.3208	54	70.0000	67.6026
11.5304	55	70.0000	67.7152
11.7400	56	72.0000	67.8278
11.9497	57	69.0000	67.9404
12.1593	58	71.0000	68.0530
12.3690	59	69.0000	68.1656
12.5786	60	71.0000	68.2781
12.7883	61	72.0000	68.3907
12.9979	62	71.0000	68.5033
13.2075	63	70.0000	68.6159
13.4172	64	70.0000	68.7285
13.6268	65	72.0000	68.8411
13.8365	66	72.0000	68.9536
14.0461	67	73.0000	69.0662
14.2558	68	70.0000	69.1788
14.4654	69	71.0000	69.2914
14.6751	70	72.0000	69.4040
14.8847	71	72.0000	69.5166
15.0943	72	71.0000	69.6291
15.3040	73	71.0000	69.7417
15.5136	74	73.0000	69.8543
15.7233	75	73.0000	69.9669
15.9329	76	72.0000	70.0795
16.1426	77	72.0000	70.1921
16.3522	78	72.0000	70.3046
16.5618	79	74.0000	70.4172
16.7715	80	75.0000	70.5298
16.9811	81	74.0000	70.6424
17.1908	82	75.0000	70.7550
17.4004	83	76.0000	70.8676
17.6101	84	77.0000	70.9801
17.8197	85	77.0000	71.0927
18.0294	86	78.0000	71.2053
18.2390	87	78.0000	71.3179
18.4486	88	79.0000	71.4305
18.6583	89	80.0000	71.5430
18.8679	90	81.0000	71.6556
19.0776	91	82.0000	71.7682
19.2872	92	82.0000	71.8808
19.4969	93	84.0000	71.9934
19.7065	94	85.0000	72.1060
19.9161	95	83.0000	72.2185
20.1258	96	86.0000	72.3311
20.3354	97	86.0000	72.4437
20.5451	98	86.0000	72.5563
20.7547	99	87.0000	72.6689
20.9644	100	88.0000	72.7815
21.1740	101	89.0000	72.8940
21.3836	102	87.0000	73.0066
21.5933	103	90.0000	73.1192
21.8029	104	92.0000	73.2318
22.0126	105	92.0000	73.3444
22.2222	106	89.0000	73.4570
22.4319	107	91.0000	73.5695
22.6415	108	89.0000	73.6821
22.8512	109	88.0000	73.7947
23.0608	110	89.0000	73.9073
23.2704	111	88.0000	74.0199
23.4801	112	87.0000	74.1324
23.6897	113	88.0000	74.2450
23.8994	114	87.0000	74.3576
24.1090	115	87.0000	74.4702
24.3187	116	86.0000	74.5828
24.5283	117	85.0000	74.6954
24.7379	118	85.0000	74.8079
24.9476	119	83.0000	74.9205
25.1572	120	84.0000	75.0331
25.3669	121	83.0000	75.1457
25.5765	122	83.0000	75.2583
25.7862	123	84.0000	75.3709
25.9958	124	84.0000	75.4834
26.2055	125	84.0000	75.5960
26.4151	126	83.0000	75.7086
26.6247	127	85.0000	75.8212
26.8344	128	84.0000	75.9338
27.0440	129	81.0000	76.0464
27.2537	130	82.0000	76.1589
27.4633	131	84.0000	76.2715
27.6730	132	83.0000	76.3841
27.8826	133	82.0000	76.4967
28.0922	134	82.0000	76.6093
28.3019	135	82.0000	76.7219
28.5115	136	83.0000	76.8344
28.7212	137	84.0000	76.9470
28.9308	138	82.0000	77.0596
29.1405	139	80.0000	77.1722
29.3501	140	81.0000	77.2848
29.5597	141	80.0000	77.3974
29.7694	142	82.0000	77.5099
29.9790	143	82.0000	77.6225
30.1887	144	81.0000	77.7351
30.3983	145	81.0000	77.8477
30.6080	146	81.0000	77.9603
30.8176	147	81.0000	78.0728
31.0273	148	80.0000	78.1854
31.2369	149	81.0000	78.2980
31.4465	150	80.0000	78.4106
31.6562	151	80.0000	78.5232
31.8658	152	81.0000	78.6358
32.0755	153	80.0000	78.7483
32.2851	154	79.0000	78.8609
32.4948	155	79.0000	78.9735
32.7044	156	78.0000	79.0861
32.9140	157	80.0000	79.1987
33.1237	158	79.0000	79.3113
33.3333	159	79.0000	79.4238
33.5430	160	80.0000	79.5364
33.7526	161	79.0000	79.6490
33.9623	162	80.0000	79.7616
34.1719	163	80.0000	79.8742
34.3816	164	79.0000	79.9868
34.5912	165	79.0000	80.0993
34.8008	166	80.0000	80.2119
35.0105	167	80.0000	80.3245
35.2201	168	81.0000	80.4371
35.4298	169	78.0000	80.5497
35.6394	170	79.0000	80.6623
35.8491	171	80.0000	80.7748
36.0587	172	79.0000	80.8874
36.2683	173	81.0000	81.0000
36.4780	174	78.0000	81.0000
36.6876	175	79.0000	81.0000
36.8973	176	80.0000	81.0000
37.1069	177	79.0000	81.0000
37.3166	178	80.0000	81.0000
37.5262	179	79.0000	81.0000
37.7358	180	79.0000	81.0000
37.9455	181	80.0000	81.0000
38.1551	182	79.0000	81.0000
38.3648	183	79.0000	81.0000
38.5744	184	80.0000	81.0000
38.7841	185	82.0000	81.0000
38.9937	186	81.0000	81.0000
39.2034	187	79.0000	81.0000
39.4130	188	79.0000	81.0000
39.6226	189	79.0000	81.0000
39.8323	190	79.0000	81.0000
40.0419	191	80.0000	81.0000
40.2516	192	81.0000	81.0000
40.4612	193	80.0000	81.0000
40.6709	194	80.0000	81.0000
40.8805	195	80.0000	81.0000
41.0901	196	78.0000	81.0000
41.2998	197	80.0000	81.0000
41.5094	198	79.0000	81.0000
41.7191	199	81.0000	81.0000
41.9287	200	80.0000	81.0000
42.1384	201	80.0000	81.0000
42.3480	202	81.0000	81.0000
42.5577	203	79.0000	81.0000
42.7673	204	80.0000	81.0000
42.9769	205	79.0000	81.0000
43.1866	206	81.0000	81.0000
43.3962	207	80.0000	81.0000
43.6059	208	80.0000	81.0000
43.8155	209	80.0000	81.0000
44.0252	210	81.0000	81.0000
44.2348	211	80.0000	81.0000
44.4444	212	80.0000	81.0000
44.6541	213	80.0000	81.0000
44.8637	214	81.0000	81.0000
45.0734	215	80.0000	81.0000
45.2830	216	81.0000	81.0000
45.4927	217	80.0000	81.0000
45.7023	218	81.0000	81.0000
45.9119	219	81.0000	81.0000
46.1216	220	81.0000	81.0000
46.3312	221	81.0000	81.0000
46.5409	222	80.0000	81.0000
46.7505	223	82.0000	81.0000
46.9602	224	82.0000	81.0000
47.1698	225	83.0000	81.0000
47.3795	226	81.0000	81.0000
47.5891	227	81.0000	81.0000
47.7987	228	82.0000	81.0000
48.0084	229	82.0000	81.0000
48.2180	230	81.0000	81.0000
48.4277	231	81.0000	81.0000
48.6373	232	80.0000	81.0000
48.8470	233	80.0000	81.0000
49.0566	234	80.0000	81.0000
49.2662	235	81.0000	81.0000
49.4759	236	80.0000	81.0000
49.6855	237	81.0000	81.0000
49.8952	238	81.0000	81.0000
50.1048	239	82.0000	81.0000
50.3145	240	81.0000	81.0000
50.5241	241	80.0000	81.0000
50.7338	242	80.0000	81.0000
50.9434	243	81.0000	81.0000
51.1530	244	81.0000	81.0000
51.3627	245	82.0000	81.0000
51.5723	246	81.0000	81.0000
51.7820	247	80.0000	81.0000
51.9916	248	81.0000	81.0000
52.2013	249	81.0000	81.0000
52.4109	250	80.0000	81.0000
52.6205	251	81.0000	81.0000
52.8302	252	80.0000	81.0000
53.0398	253	80.0000	81.0000
53.2495	254	81.0000	81.0000
53.4591	255	81.0000	81.0000
53.6688	256	81.0000	81.0000
53.8784	257	80.0000	81.0000
54.0881	258	82.0000	81.0000
54.2977	259	81.0000	81.0000
54.5073	260	81.0000	81.0000
54.7170	261	82.0000	81.0000
54.9266	262	80.0000	81.0000
55.1363	263	81.0000	81.0000
55.3459	264	82.0000	81.0000
55.5556	265	82.0000	81.0000
55.7652	266	81.0000	81.0000
55.9748	267	80.0000	80.9245
56.1845	268	83.0000	80.8491
56.3941	269	81.0000	80.7736
56.6038	270	80.0000	80.6981
56.8134	271	81.0000	80.6226
57.0231	272	81.0000	80.5472
57.2327	273	81.0000	80.4717
57.4423	274	81.0000	80.3962
57.6520	275	82.0000	80.3208
57.8616	276	81.0000	80.2453
58.0713	277	83.0000	80.1698
58.2809	278	82.0000	80.0943
58.4906	279	81.0000	80.0189
58.7002	280	82.0000	79.9434
58.9099	281	82.0000	79.8679
59.1195	282	83.0000	79.7924
59.3291	283	82.0000	79.7170
59.5388	284	82.0000	79.6415
59.7484	285	82.0000	79.5660
59.9581	286	82.0000	79.4906
60.1677	287	82.0000	79.4151
60.3774	288	85.0000	79.3396
60.5870	289	83.0000	79.2642
60.7966	290	85.0000	79.1887
61.0063	291	82.0000	79.1132
61.2159	292	85.0000	79.0377
61.4256	293	85.0000	78.9623
61.6352	294	86.0000	78.8868
61.8449	295	85.0000	78.8113
62.0545	296	84.0000	78.7358
62.2642	297	86.0000	78.6604
62.4738	298	86.0000	78.5849
62.6834	299	86.0000	78.5094
62.8931	300	87.0000	78.4340
63.1027	301	86.0000	78.3585
63.3124	302	87.0000	78.2830
63.5220	303	86.0000	78.2076
63.7317	304	85.0000	78.1321
63.9413	305	85.0000	78.0566
64.1509	306	86.0000	77.9811
64.3606	307	85.0000	77.9057
64.5702	308	86.0000	77.8302
64.7799	309	84.0000	77.7547
64.9895	310	84.0000	77.6792
65.1992	311	85.0000	77.6038
65.4088	312	84.0000	77.5283
65.6184	313	84.0000	77.4528
65.8281	314	84.0000	77.3774
66.0377	315	83.0000	77.3019
66.2474	316	84.0000	77.2264
66.4570	317	84.0000	77.1509
66.6667	318	85.0000	77.0755
66.8763	319	84.0000	77.0000
67.0860	320	82.0000	76.9245
67.2956	321	83.0000	76.8491
67.5052	322	85.0000	76.7736
67.7149	323	83.0000	76.6981
67.9245	324	83.0000	76.6226
68.1342	325	81.0000	76.5472
68.3438	326	82.0000	76.4717
68.5535	327	84.0000	76.3962
68.7631	328	82.0000	76.3208
68.9727	329	83.0000	76.2453
69.1824	330	82.0000	76.1698
69.3920	331	83.0000	76.0943
69.6017	332	83.0000	76.0189
69.8113	333	82.0000	75.9434
70.0210	334	83.0000	75.8679
70.2306	335	83.0000	75.7924
70.4403	336	82.0000	75.7170
70.6499	337	82.0000	75.6415
70.8595	338	82.0000	75.5660
71.0692	339	80.0000	75.4906
71.2788	340	81.0000	75.4151
71.4885	341	83.0000	75.3396
71.6981	342	81.0000	75.2642
71.9078	343	81.0000	75.1887
72.1174	344	81.0000	75.1132
72.3270	345	80.0000	75.0377
72.5367	346	80.0000	74.9623
72.7463	347	80.0000	74.8868
72.9560	348	79.0000	74.8113
73.1656	349	78.0000	74.7358
73.3753	350	80.0000	74.6604
73.5849	351	79.0000	74.5849
73.7945	352	78.0000	74.5094
74.0042	353	77.0000	74.4340
74.2138	354	79.0000	74.3585
74.4235	355	78.0000	74.2830
74.6331	356	77.0000	74.2076
74.8428	357	78.0000	74.1321
75.0524	358	77.0000	74.0566
75.2621	359	76.0000	73.9811
75.4717	360	76.0000	73.9057
75.6813	361	76.0000	73.8302
75.8910	362	75.0000	73.7547
76.1006	363	75.0000	73.6792
76.3103	364	77.0000	73.6038
76.5199	365	75.0000	73.5283
76.7296	366	75.0000	73.4528
76.9392	367	73.0000	73.3774
77.1488	368	74.0000	73.3019
77.3585	369	75.0000	73.2264
77.5681	370	73.0000	73.1509
77.7778	371	75.0000	73.0755
77.9874	372	74.0000	73.0000
78.1971	373	73.0000	72.9245
78.4067	374	74.0000	72.8491
78.6164	375	74.0000	72.7736
78.8260	376	72.0000	72.6981
79.0356	377	72.0000	72.6226
79.2453	378	72.0000	72.5472
79.4549	379	72.0000	72.4717
79.6646	380	73.0000	72.3962
79.8742	381	74.0000	72.3208
80.0839	382	72.0000	72.2453
80.2935	383	72.0000	72.1698
80.5031	384	72.0000	72.0943
80.7128	385	72.0000	72.0189
80.9224	386	71.0000	71.9434
81.1321	387	71.0000	71.8679
81.3417	388	73.0000	71.7924
81.5514	389	72.0000	71.7170
81.7610	390	72.0000	71.6415
81.9706	391	72.0000	71.5660
82.1803	392	72.0000	71.4906
82.3899	393	72.0000	71.4151
82.5996	394	71.0000	71.3396
82.8092	395	70.0000	71.2642
83.0189	396	70.0000	71.1887
83.2285	397	70.0000	71.1132
83.4382	398	72.0000	71.0377
83.6478	399	70.0000	70.9623
83.8574	400	71.0000	70.8868
84.0671	401	70.0000	70.8113
84.2767	402	70.0000	70.7358
84.4864	403	71.0000	70.6604
84.6960	404	71.0000	70.5849
84.9057	405	71.0000	70.5094
85.1153	406	71.0000	70.4340
85.3249	407	70.0000	70.3585
85.5346	408	71.0000	70.2830
85.7442	409	70.0000	70.2076
85.9539	410	70.0000	70.1321
86.1635	411	72.0000	70.0566
86.3732	412	70.0000	69.9811
86.5828	413	71.0000	69.9057
86.7925	414	71.0000	69.8302
87.0021	415	71.0000	69.7547
87.2117	416	71.0000	69.6792
87.4214	417	70.0000	69.6038
87.6310	418	70.0000	69.5283
87.8407	419	70.0000	69.4528
88.0503	420	70.0000	69.3774
88.2600	421	71.0000	69.3019
88.4696	422	70.0000	69.2264
88.6792	423	71.0000	69.1509
88.8889	424	70.0000	69.0755
89.0985	425	69.0000	69.0000
89.3082	426	70.0000	69.0638
89.5178	427	71.0000	69.1277
89.7275	428	71.0000	69.1915
89.9371	429	71.0000	69.2553
90.1468	430	71.0000	69.3191
90.3564	431	70.0000	69.3830
90.5660	432	71.0000	69.4468
90.7757	433	71.0000	69.5106
90.9853	434	71.0000	69.5745
91.1950	435	71.0000	69.6383
91.4046	436	71.0000	69.7021
91.6143	437	71.0000	69.7660
91.8239	438	70.0000	69.8298
92.0335	439	72.0000	69.8936
92.2432	440	70.0000	69.9574
92.4528	441	70.0000	70.0213
92.6625	442	70.0000	70.0851
92.8721	443	70.0000	70.1489
93.0818	444	71.0000	70.2128
93.2914	445	71.0000	70.2766
93.5010	446	70.0000	70.3404
93.7107	447	71.0000	70.4043
93.9203	448	72.0000	70.4681
94.1300	449	70.0000	70.5319
94.3396	450	72.0000	70.5957
94.5493	451	71.0000	70.6596
94.7589	452	71.0000	70.7234
94.9686	453	71.0000	70.7872
95.1782	454	71.0000	70.8511
95.3878	455	71.0000	70.9149
95.5975	456	72.0000	70.9787
95.8071	457	71.0000	71.0426
96.0168	458	72.0000	71.1064
96.2264	459	71.0000	71.1702
96.4361	460	71.0000	71.2340
96.6457	461	72.0000	71.2979
96.8553	462	73.0000	71.3617
97.0650	463	71.0000	71.4255
97.2746	464	72.0000	71.4894
97.4843	465	72.0000	71.5532
97.6939	466	71.0000	71.6170
97.9036	467	73.0000	71.6808
98.1132	468	72.0000	71.7447
98.3229	469	71.0000	71.8085
98.5325	470	71.0000	71.8723
98.7421	471	73.0000	71.9362
98.9518	472	72.0000	72.0000
99.1614	473	71.0000	71.8000
99.3711	474	72.0000	71.6000
99.5807	475	71.0000	71.4000
99.7904	476	72.0000	71.2000
100.0000	477	71.0000	71.0000
---------- 3: r2b_g3 ----------
Offset(%)	Offset(pix)	Profile	Background
0.0000	0	71.0000	71.0000
0.2096	1	69.0000	70.6190
0.4193	2	70.0000	70.2381
0.6289	3	71.0000	69.8571
0.8386	4	71.0000	69.4762
1.0482	5	70.0000	69.0952
1.2579	6	70.0000	68.7143
1.4675	7	70.0000	68.3333
1.6771	8	71.0000	67.9524
1.8868	9	71.0000	67.5714
2.0964	10	68.0000	67.1905
2.3061	11	67.0000	66.8095
2.5157	12	65.0000	66.4286
2.7254	13	64.0000	66.0476
2.9350	14	66.0000	65.6667
3.1447	15	74.0000	65.2857
3.3543	16	73.0000	64.9048
3.5639	17	71.0000	64.5238
3.7736	18	68.0000	64.1429
3.9832	19	66.0000	63.7619
4.1929	20	64.0000	63.3810
4.4025	21	63.0000	63.0000
4.6122	22	63.0000	63.0808
4.8218	23	64.0000	63.1616
5.0314	24	68.0000	63.2424
5.2411	25	73.0000	63.3232
5.4507	26	76.0000	63.4040
5.6604	27	76.0000	63.4848
5.8700	28	72.0000	63.5657
6.0797	29	70.0000	63.6465
6.2893	30	68.0000	63.7273
6.4990	31	68.0000	63.8081
6.7086	32	69.0000	63.8889
6.9182	33	72.0000	63.9697
7.1279	34	73.0000	64.0505
7.3375	35	73.0000	64.1313
7.5472	36	72.0000	64.2121
7.7568	37	72.0000	64.2929
7.9665	38	70.0000	64.3737
8.1761	39	70.0000	64.4545
8.3857	40	71.0000	64.5354
8.5954	41	70.0000	64.6162
8.8050	42	71.0000	64.6970
9.0147	43	70.0000	64.7778
9.2243	44	69.0000	64.8586
9.4340	45	71.0000	64.9394
9.6436	46	70.0000	65.0202
9.8532	47	71.0000	65.1010
10.0629	48	69.0000	65.1818
10.2725	49	68.0000	65.2626
10.4822	50	69.0000	65.3434
10.6918	51	70.0000	65.4242
10.9015	52	70.0000	65.5051
11.1111	53	69.0000	65.5859
11.3208	54	70.0000	65.6667
11.5304	55	70.0000	65.7475
11.7400	56	70.0000	65.8283
11.9497	57	70.0000	65.9091
12.1593	58	70.0000	65.9899
12.3690	59	70.0000	66.0707
12.5786	60	71.0000	66.1515
12.7883	61	71.0000	66.2323
12.9979	62	70.0000	66.3131
13.2075	63	70.0000	66.3939
13.4172	64	70.0000	66.4747
13.6268	65	71.0000	66.5556
13.8365	66	71.0000	66.6364
14.0461	67	71.0000	66.7172
14.2558	68	70.0000	66.7980
14.4654	69	71.0000	66.8788
14.6751	70	72.0000	66.9596
14.8847	71	71.0000	67.0404
15.0943	72	72.0000	67.1212
15.3040	73	72.0000	67.2020
15.5136	74	72.0000	67.2828
15.7233	75	71.0000	67.3636
15.9329	76	73.0000	67.4444
16.1426	77	71.0000	67.5253
16.3522	78	71.0000	67.6061
16.5618	79	73.0000	67.6869
16.7715	80	74.0000	67.7677
16.9811	81	74.0000	67.8485
17.1908	82	75.0000	67.9293
17.4004	83	74.0000	68.0101
17.6101	84	76.0000	68.0909
17.8197	85	76.0000	68.1717
18.0294	86	76.0000	68.2525
18.2390	87	78.0000	68.3333
18.4486	88	78.0000	68.4141
18.6583	89	80.0000	68.4949
18.8679	90	80.0000	68.5758
19.0776	91	82.0000	68.6566
19.2872	92	82.0000	68.7374
19.4969	93	83.0000	68.8182
19.7065	94	82.0000	68.8990
19.9161	95	84.0000	68.9798
20.1258	96	84.0000	69.0606
20.3354	97	84.0000	69.1414
20.5451	98	84.0000	69.2222
20.7547	99	84.0000	69.3030
20.9644	100	83.0000	69.3838
21.1740	101	82.0000	69.4646
21.3836	102	84.0000	69.5455
21.5933	103	84.0000	69.6263
21.8029	104	84.0000	69.7071
22.0126	105	83.0000	69.7879
22.2222	106	84.0000	69.8687
22.4319	107	84.0000	69.9495
22.6415	108	83.0000	70.0303
22.8512	109	83.0000	70.1111
23.0608	110	83.0000	70.1919
23.2704	111	85.0000	70.2727
23.4801	112	81.0000	70.3535
23.6897	113	84.0000	70.4343
23.8994	114	83.0000	70.5152
24.1090	115	84.0000	70.5960
24.3187	116	83.0000	70.6768
24.5283	117	83.0000	70.7576
24.7379	118	81.0000	70.8384
24.9476	119	83.0000	70.9192
25.1572	120	83.0000	71.0000
25.3669	121	84.0000	71.0808
25.5765	122	81.0000	71.1616
25.7862	123	81.0000	71.2424
25.9958	124	80.0000	71.3232
26.2055	125	83.0000	71.4040
26.4151	126	80.0000	71.4848
26.6247	127	82.0000	71.5657
26.8344	128	82.0000	71.6465
27.0440	129	79.0000	71.7273
27.2537	130	82.0000	71.8081
27.4633	131	81.0000	71.8889
27.6730	132	81.0000	71.9697
27.8826	133	81.0000	72.0505
28.0922	134	80.0000	72.1313
28.3019	135	82.0000	72.2121
28.5115	136	79.0000	72.2929
28.7212	137	79.0000	72.3737
28.9308	138	79.0000	72.4545
29.1405	139	80.0000	72.5354
29.3501	140	80.0000	72.6162
29.5597	141	80.0000	72.6970
29.7694	142	80.0000	72.7778
29.9790	143	78.0000	72.8586
30.1887	144	81.0000	72.9394
30.3983	145	79.0000	73.0202
30.6080	146	80.0000	73.1010
30.8176	147	79.0000	73.1818
31.0273	148	78.0000	73.2626
31.2369	149	80.0000	73.3434
31.4465	150	78.0000	73.4242
31.6562	151	78.0000	73.5051
31.8658	152	79.0000	73.5859
32.0755	153	78.0000	73.6667
32.2851	154	78.0000	73.7475
32.4948	155	79.0000	73.8283
32.7044	156	79.0000	73.9091
32.9140	157	78.0000	73.9899
33.1237	158	78.0000	74.0707
33.3333	159	77.0000	74.1515
33.5430	160	79.0000	74.2323
33.7526	161	79.0000	74.3131
33.9623	162	79.0000	74.3939
34.1719	163	79.0000	74.4747
34.3816	164	79.0000	74.5556
34.5912	165	79.0000	74.6364
34.8008	166	80.0000	74.7172
35.0105	167	78.0000	74.7980
35.2201	168	79.0000	74.8788
35.4298	169	79.0000	74.9596
35.6394	170	78.0000	75.0404
35.8491	171	79.0000	75.1212
36.0587	172	79.0000	75.2020
36.2683	173	78.0000	75.2828
36.4780	174	77.0000	75.3636
36.6876	175	77.0000	75.4444
36.8973	176	81.0000	75.5253
37.1069	177	78.0000	75.6061
37.3166	178	78.0000	75.6869
37.5262	179	78.0000	75.7677
37.7358	180	77.0000	75.8485
37.9455	181	78.0000	75.9293
38.1551	182	79.0000	76.0101
38.3648	183	77.0000	76.0909
38.5744	184	79.0000	76.1717
38.7841	185	80.0000	76.2525
38.9937	186	79.0000	76.3333
39.2034	187	79.0000	76.4141
39.4130	188	80.0000	76.4949
39.6226	189	77.0000	76.5758
39.8323	190	79.0000	76.6566
40.0419	191	80.0000	76.7374
40.2516	192	79.0000	76.8182
40.4612	193	79.0000	76.8990
40.6709	194	78.0000	76.9798
40.8805	195	79.0000	77.0606
41.0901	196	79.0000	77.1414
41.2998	197	79.0000	77.2222
41.5094	198	80.0000	77.3030
41.7191	199	79.0000	77.3838
41.9287	200	79.0000	77.4646
42.1384	201	79.0000	77.5455
42.3480	202	77.0000	77.6263
42.5577	203	79.0000	77.7071
42.7673	204	79.0000	77.7879
42.9769	205	79.0000	77.8687
43.1866	206	79.0000	77.9495
43.3962	207	79.0000	78.0303
43.6059	208	80.0000	78.1111
43.8155	209	79.0000	78.1919
44.0252	210	78.0000	78.2727
44.2348	211	79.0000	78.3535
44.4444	212	80.0000	78.4343
44.6541	213	78.0000	78.5152
44.8637	214	78.0000	78.5960
45.0734	215	78.0000	78.6768
45.2830	216	79.0000	78.7576
45.4927	217	80.0000	78.8384
45.7023	218	78.0000	78.9192
45.9119	219	79.0000	79.0000
46.1216	220	80.0000	78.9454
46.3312	221	78.0000	78.8907
46.5409	222	79.0000	78.8361
46.7505	223	79.0000	78.7814
46.9602	224	79.0000	78.7268
47.1698	225	80.0000	78.6721
47.3795	226	80.0000	78.6175
47.5891	227	78.0000	78.5628
47.7987	228	79.0000	78.5082
48.0084	229	80.0000	78.4536
48.2180	230	81.0000	78.3989
48.4277	231	79.0000	78.3443
48.6373	232	80.0000	78.2896
48.8470	233	79.0000	78.2350
49.0566	234	80.0000	78.1803
49.2662	235	79.0000	78.1257
49.4759	236	78.0000	78.0710
49.6855	237	79.0000	78.0164
49.8952	238	79.0000	77.9617
50.1048	239	80.0000	77.9071
50.3145	240	83.0000	77.8525
50.5241	241	82.0000	77.7978
50.7338	242	81.0000	77.7432
50.9434	243	81.0000	77.6885
51.1530	244	80.0000	77.6339
51.3627	245	79.0000	77.5792
51.5723	246	80.0000	77.5246
51.7820	247	80.0000	77.4699
51.9916	248	81.0000	77.4153
52.2013	249	81.0000	77.3607
52.4109	250	80.0000	77.3060
52.6205	251	79.0000	77.2514
52.8302	252	79.0000	77.1967
53.0398	253	80.0000	77.1421
53.2495	254	80.0000	77.0874
53.4591	255	79.0000	77.0328
53.6688	256	79.0000	76.9781
53.8784	257	80.0000	76.9235
54.0881	258	80.0000	76.8689
54.2977	259	81.0000	76.8142
54.5073	260	79.0000	76.7596
54.7170	261	79.0000	76.7049
54.9266	262	78.0000	76.6503
55.1363	263	79.0000	76.5956
55.3459	264	81.0000	76.5410
55.5556	265	80.0000	76.4863
55.7652	266	80.0000	76.4317
55.9748	267	79.0000	76.3771
56.1845	268	81.0000	76.3224
56.3941	269	80.0000	76.2678
56.6038	270	81.0000	76.2131
56.8134	271	81.0000	76.1585
57.0231	272	80.0000	76.1038
57.2327	273	81.0000	76.0492
57.4423	274	80.0000	75.9945
57.6520	275	80.0000	75.9399
57.8616	276	80.0000	75.8852
58.0713	277	80.0000	75.8306
58.2809	278	81.0000	75.7760
58.4906	279	80.0000	75.7213
58.7002	280	82.0000	75.6667
58.9099	281	81.0000	75.6120
59.1195	282	82.0000	75.5574
59.3291	283	81.0000	75.5027
59.5388	284	81.0000	75.4481
59.7484	285	79.0000	75.3934
59.9581	286	83.0000	75.3388
60.1677	287	82.0000	75.2841
60.3774	288	82.0000	75.2295
60.5870	289	82.0000	75.1749
60.7966	290	82.0000	75.1202
61.0063	291	82.0000	75.0656
61.2159	292	83.0000	75.0109
61.4256	293	84.0000	74.9563
61.6352	294	84.0000	74.9016
61.8449	295	83.0000	74.8470
62.0545	296	85.0000	74.7924
62.2642	297	84.0000	74.7377
62.4738	298	86.0000	74.6831
62.6834	299	84.0000	74.6284
62.8931	300	84.0000	74.5738
63.1027	301	85.0000	74.5191
63.3124	302	85.0000	74.4645
63.5220	303	86.0000	74.4098
63.7317	304	84.0000	74.3552
63.9413	305	84.0000	74.3005
64.1509	306	83.0000	74.2459
64.3606	307	85.0000	74.1913
64.5702	308	83.0000	74.1366
64.7799	309	83.0000	74.0820
64.9895	310	79.0000	74.0273
65.1992	311	82.0000	73.9727
65.4088	312	83.0000	73.9180
65.6184	313	81.0000	73.8634
65.8281	314	81.0000	73.8087
66.0377	315	81.0000	73.7541
66.2474	316	82.0000	73.6995
66.4570	317	82.0000	73.6448
66.6667	318	81.0000	73.5902
66.8763	319	81.0000	73.5355
67.0860	320	78.0000	73.4809
67.2956	321	81.0000	73.4262
67.5052	322	80.0000	73.3716
67.7149	323	79.0000	73.3169
67.9245	324	78.0000	73.2623
68.1342	325	79.0000	73.2076
68.3438	326	77.0000	73.1530
68.5535	327	79.0000	73.0984
68.7631	328	78.0000	73.0437
68.9727	329	76.0000	72.9891
69.1824	330	78.0000	72.9344
69.3920	331	77.0000	72.8798
69.6017	332	77.0000	72.8251
69.8113	333	78.0000	72.7705
70.0210	334	76.0000	72.7159
70.2306	335	76.0000	72.6612
70.4403	336	76.0000	72.6066
70.6499	337	77.0000	72.5519
70.8595	338	77.0000	72.4973
71.0692	339	76.0000	72.4426
71.2788	340	76.0000	72.3880
71.4885	341	76.0000	72.3333
71.6981	342	75.0000	72.2787
71.9078	343	75.0000	72.2240
72.1174	344	74.0000	72.1694
72.3270	345	74.0000	72.1148
72.5367	346	74.0000	72.0601
72.7463	347	75.0000	72.0055
72.9560	348	74.0000	71.9508
73.1656	349	74.0000	71.8962
73.3753	350	74.0000	71.8415
73.5849	351	74.0000	71.7869
73.7945	352	74.0000	71.7322
74.0042	353	73.0000	71.6776
74.2138	354	73.0000	71.6229
74.4235	355	73.0000	71.5683
74.6331	356	73.0000	71.5137
74.8428	357	72.0000	71.4590
75.0524	358	73.0000	71.4044
75.2621	359	73.0000	71.3497
75.4717	360	75.0000	71.2951
75.6813	361	73.0000	71.2404
75.8910	362	73.0000	71.1858
76.1006	363	72.0000	71.1311
76.3103	364	73.0000	71.0765
76.5199	365	72.0000	71.0219
76.7296	366	72.0000	70.9672
76.9392	367	72.0000	70.9126
77.1488	368	72.0000	70.8579
77.3585	369	71.0000	70.8033
77.5681	370	72.0000	70.7486
77.7778	371	71.0000	70.6940
77.9874	372	72.0000	70.6393
78.1971	373	72.0000	70.5847
78.4067	374	72.0000	70.5301
78.6164	375	72.0000	70.4754
78.8260	376	72.0000	70.4208
79.0356	377	72.0000	70.3661
79.2453	378	71.0000	70.3115
79.4549	379	71.0000	70.2568
79.6646	380	71.0000	70.2022
79.8742	381	72.0000	70.1475
80.0839	382	70.0000	70.0929
80.2935	383	70.0000	70.0383
80.5031	384	71.0000	69.9836
80.7128	385	70.0000	69.9290
80.9224	386	71.0000	69.8743
81.1321	387	70.0000	69.8197
81.3417	388	71.0000	69.7650
81.5514	389	72.0000	69.7104
81.7610	390	71.0000	69.6557
81.9706	391	70.0000	69.6011
82.1803	392	69.0000	69.5464
82.3899	393	72.0000	69.4918
82.5996	394	72.0000	69.4372
82.8092	395	71.0000	69.3825
83.0189	396	70.0000	69.3279
83.2285	397	70.0000	69.2732
83.4382	398	71.0000	69.2186
83.6478	399	70.0000	69.1639
83.8574	400	70.0000	69.1093
84.0671	401	70.0000	69.0546
84.2767	402	69.0000	69.0000
84.4864	403	69.0000	69.0435
84.6960	404	71.0000	69.0870
84.9057	405	70.0000	69.1304
85.1153	406	70.0000	69.1739
85.3249	407	71.0000	69.2174
85.5346	408	71.0000	69.2609
85.7442	409	70.0000	69.3043
85.9539	410	70.0000	69.3478
86.1635	411	69.0000	69.3913
86.3732	412	72.0000	69.4348
86.5828	413	71.0000	69.4783
86.7925	414	70.0000	69.5217
87.0021	415	71.0000	69.5652
87.2117	416	69.0000	69.6087
87.4214	417	71.0000	69.6522
87.6310	418	69.0000	69.6957
87.8407	419	71.0000	69.7391
88.0503	420	69.0000	69.7826
88.2600	421	71.0000	69.8261
88.4696	422	70.0000	69.8696
88.6792	423	70.0000	69.9130
88.8889	424	71.0000	69.9565
89.0985	425	70.0000	70.0000
89.3082	426	71.0000	70.0000
89.5178	427	70.0000	70.0000
89.7275	428	71.0000	70.0000
89.9371	429	70.0000	70.0000
90.1468	430	71.0000	70.0000
90.3564	431	71.0000	70.0000
90.5660	432	69.0000	70.0000
90.7757	433	71.0000	70.0000
90.9853	434	72.0000	70.0000
91.1950	435	70.0000	70.0000
91.4046	436	71.0000	70.0000
91.6143	437	72.0000	70.0000
91.8239	438	71.0000	70.0000
92.0335	439	69.0000	70.0000
92.2432	440	73.0000	70.0000
92.4528	441	71.0000	70.0000
92.6625	442	71.0000	70.0000
92.8721	443	70.0000	70.0000
93.0818	444	71.0000	70.0000
93.2914	445	71.0000	70.0000
93.5010	446	70.0000	70.0000
93.7107	447	71.0000	70.0000
93.9203	448	71.0000	70.0000
94.1300	449	72.0000	70.0000
94.3396	450	70.0000	70.0000
94.5493	451	70.0000	70.0000
94.7589	452	71.0000	70.0000
94.9686	453	72.0000	70.0000
95.1782	454	70.0000	70.0000
95.3878	455	70.0000	70.0000
95.5975	456	71.0000	70.0000
95.8071	457	71.0000	70.0000
96.0168	458	72.0000	70.0000
96.2264	459	70.0000	70.0000
96.4361	460	71.0000	70.0000
96.6457	461	72.0000	70.0000
96.8553	462	71.0000	70.0000
97.0650	463	72.0000	70.0000
97.2746	464	72.0000	70.0000
97.4843	465	71.0000	70.0000
97.6939	466	72.0000	70.0000
97.9036	467	71.0000	70.0000
98.1132	468	73.0000	70.0000
98.3229	469	70.0000	70.0000
98.5325	470	71.0000	70.1250
98.7421	471	72.0000	70.2500
98.9518	472	72.0000	70.3750
99.1614	473	71.0000	70.5000
99.3711	474	73.0000	70.6250
99.5807	475	72.0000	70.7500
99.7904	476	71.0000	70.8750
100.0000	477	71.0000	71.0000
---------- 4: r2b_g4 ----------
Offset(%)	Offset(pix)	Profile	Background
0.0000	0	70.0000	70.0000
0.2096	1	70.0000	69.6500
0.4193	2	70.0000	69.3000
0.6289	3	72.0000	68.9500
0.8386	4	70.0000	68.6000
1.0482	5	71.0000	68.2500
1.2579	6	71.0000	67.9000
1.4675	7	71.0000	67.5500
1.6771	8	71.0000	67.2000
1.8868	9	69.0000	66.8500
2.0964	10	68.0000	66.5000
2.3061	11	66.0000	66.1500
2.5157	12	65.0000	65.8000
2.7254	13	64.0000	65.4500
2.9350	14	66.0000	65.1000
3.1447	15	73.0000	64.7500
3.3543	16	72.0000	64.4000
3.5639	17	70.0000	64.0500
3.7736	18	67.0000	63.7000
3.9832	19	63.0000	63.3500
4.1929	20	63.0000	63.0000
4.4025	21	63.0000	63.2286
4.6122	22	65.0000	63.4571
4.8218	23	71.0000	63.6857
5.0314	24	74.0000	63.9143
5.2411	25	78.0000	64.1429
5.4507	26	85.0000	64.3714
5.6604	27	79.0000	64.6000
5.8700	28	71.0000	64.8286
6.0797	29	69.0000	65.0571
6.2893	30	67.0000	65.2857
6.4990	31	69.0000	65.5143
6.7086	32	70.0000	65.7429
6.9182	33	70.0000	65.9714
7.1279	34	73.0000	66.2000
7.3375	35	74.0000	66.4286
7.5472	36	74.0000	66.6571
7.7568	37	74.0000	66.8857
7.9665	38	71.0000	67.1143
8.1761	39	71.0000	67.3429
8.3857	40	71.0000	67.5714
8.5954	41	72.0000	67.8000
8.8050	42	72.0000	68.0286
9.0147	43	71.0000	68.2571
9.2243	44	70.0000	68.4857
9.4340	45	71.0000	68.7143
9.6436	46	71.0000	68.9429
9.8532	47	71.0000	69.1714
10.0629	48	70.0000	69.4000
10.2725	49	71.0000	69.6286
10.4822	50	72.0000	69.8571
10.6918	51	72.0000	70.0857
10.9015	52	71.0000	70.3143
11.1111	53	71.0000	70.5429
11.3208	54	70.0000	70.7714
11.5304	55	71.0000	71.0000
11.7400	56	70.0000	70.9835
11.9497	57	72.0000	70.9669
12.1593	58	71.0000	70.9504
12.3690	59	71.0000	70.9339
12.5786	60	73.0000	70.9174
12.7883	61	73.0000	70.9008
12.9979	62	71.0000	70.8843
13.2075	63	72.0000	70.8678
13.4172	64	72.0000	70.8512
13.6268	65	73.0000	70.8347
13.8365	66	72.0000	70.8182
14.0461	67	73.0000	70.8017
14.2558	68	72.0000	70.7851
14.4654	69	73.0000	70.7686
14.6751	70	73.0000	70.7521
14.8847	71	74.0000	70.7355
15.0943	72	74.0000	70.7190
15.3040	73	75.0000	70.7025
15.5136	74	75.0000	70.6860
15.7233	75	76.0000	70.6694
15.9329	76	78.0000	70.6529
16.1426	77	80.0000	70.6364
16.3522	78	81.0000	70.6198
16.5618	79	81.0000	70.6033
16.7715	80	86.0000	70.5868
16.9811	81	87.0000	70.5703
17.1908	82	89.0000	70.5537
17.4004	83	90.0000	70.5372
17.6101	84	90.0000	70.5207
17.8197	85	92.0000	70.5041
18.0294	86	89.0000	70.4876
18.2390	87	87.0000	70.4711
18.4486	88	87.0000	70.4545
18.6583	89	87.0000	70.4380
18.8679	90	84.0000	70.4215
19.0776	91	84.0000	70.4050
19.2872	92	82.0000	70.3884
19.4969	93	83.0000	70.3719
19.7065	94	82.0000	70.3554
19.9161	95	81.0000	70.3388
20.1258	96	79.0000	70.3223
20.3354	97	77.0000	70.3058
20.5451	98	77.0000	70.2893
20.7547	99	77.0000	70.2727
20.9644	100	78.0000	70.2562
21.1740	101	76.0000	70.2397
21.3836	102	74.0000	70.2231
21.5933	103	75.0000	70.2066
21.8029	104	75.0000	70.1901
22.0126	105	74.0000	70.1736
22.2222	106	74.0000	70.1570
22.4319	107	73.0000	70.1405
22.6415	108	75.0000	70.1240
22.8512	109	74.0000	70.1074
23.0608	110	73.0000	70.0909
23.2704	111	73.0000	70.0744
23.4801	112	73.0000	70.0579
23.6897	113	72.0000	70.0413
23.8994	114	74.0000	70.0248
24.1090	115	71.0000	70.0083
24.3187	116	71.0000	69.9917
24.5283	117	71.0000	69.9752
24.7379	118	72.0000	69.9587
24.9476	119	70.0000	69.9421
25.1572	120	71.0000	69.9256
25.3669	121	72.0000	69.9091
25.5765	122	71.0000	69.8926
25.7862	123	70.0000	69.8760
25.9958	124	72.0000	69.8595
26.2055	125	71.0000	69.8430
26.4151	126	71.0000	69.8264
26.6247	127	70.0000	69.8099
26.8344	128	70.0000	69.7934
27.0440	129	70.0000	69.7769
27.2537	130	70.0000	69.7603
27.4633	131	70.0000	69.7438
27.6730	132	70.0000	69.7273
27.8826	133	69.0000	69.7107
28.0922	134	70.0000	69.6942
28.3019	135	69.0000	69.6777
28.5115	136	69.0000	69.6612
28.7212	137	67.0000	69.6446
28.9308	138	69.0000	69.6281
29.1405	139	68.0000	69.6116
29.3501	140	67.0000	69.5950
29.5597	141	67.0000	69.5785
29.7694	142	67.0000	69.5620
29.9790	143	68.0000	69.5455
30.1887	144	67.0000	69.5289
30.3983	145	68.0000	69.5124
30.6080	146	68.0000	69.4959
30.8176	147	68.0000	69.4793
31.0273	148	68.0000	69.4628
31.2369	149	68.0000	69.4463
31.4465	150	67.0000	69.4297
31.6562	151	67.0000	69.4132
31.8658	152	68.0000	69.3967
32.0755	153	68.0000	69.3802
32.2851	154	69.0000	69.3636
32.4948	155	68.0000	69.3471
32.7044	156	69.0000	69.3306
32.9140	157	69.0000	69.3140
33.1237	158	69.0000	69.2975
33.3333	159	68.0000	69.2810
33.5430	160	68.0000	69.2645
33.7526	161	68.0000	69.2479
33.9623	162	69.0000	69.2314
34.1719	163	68.0000	69.2149
34.3816	164	68.0000	69.1983
34.5912	165	68.0000	69.1818
34.8008	166	68.0000	69.1653
35.0105	167	67.0000	69.1488
35.2201	168	68.0000	69.1322
35.4298	169	68.0000	69.1157
35.6394	170	70.0000	69.0992
35.8491	171	68.0000	69.0826
36.0587	172	69.0000	69.0661
36.2683	173	68.0000	69.0496
36.4780	174	68.0000	69.0331
36.6876	175	69.0000	69.0165
36.8973	176	69.0000	69.0000
37.1069	177	68.0000	69.0230
37.3166	178	68.0000	69.0460
37.5262	179	67.0000	69.0690
37.7358	180	69.0000	69.0920
37.9455	181	68.0000	69.1149
38.1551	182	67.0000	69.1379
38.3648	183	68.0000	69.1609
38.5744	184	68.0000	69.1839
38.7841	185	70.0000	69.2069
38.9937	186	68.0000	69.2299
39.2034	187	68.0000	69.2529
39.4130	188	68.0000	69.2759
39.6226	189	68.0000	69.2989
39.8323	190	70.0000	69.3218
40.0419	191	70.0000	69.3448
40.2516	192	69.0000	69.3678
40.4612	193	69.0000	69.3908
40.6709	194	69.0000	69.4138
40.8805	195	69.0000	69.4368
41.0901	196	70.0000	69.4598
41.2998	197	69.0000	69.4828
41.5094	198	69.0000	69.5057
41.7191	199	70.0000	69.5287
41.9287	200	69.0000	69.5517
42.1384	201	70.0000	69.5747
42.3480	202	69.0000	69.5977
42.5577	203	70.0000	69.6207
42.7673	204	70.0000	69.6437
42.9769	205	71.0000	69.6667
43.1866	206	70.0000	69.6897
43.3962	207	68.0000	69.7126
43.6059	208	69.0000	69.7356
43.8155	209	70.0000	69.7586
44.0252	210	70.0000	69.7816
44.2348	211	70.0000	69.8046
44.4444	212	69.0000	69.8276
44.6541	213	69.0000	69.8506
44.8637	214	69.0000	69.8736
45.0734	215	70.0000	69.8966
45.2830	216	70.0000	69.9195
45.4927	217	69.0000	69.9425
45.7023	218	70.0000	69.9655
45.9119	219	71.0000	69.9885
46.1216	220	70.0000	70.0115
46.3312	221	70.0000	70.0345
46.5409	222	70.0000	70.0575
46.7505	223	70.0000	70.0805
46.9602	224	70.0000	70.1034
47.1698	225	71.0000	70.1264
47.3795	226	71.0000	70.1494
47.5891	227	70.0000	70.1724
47.7987	228	71.0000	70.1954
48.0084	229	70.0000	70.2184
48.2180	230	71.0000	70.2414
48.4277	231	70.0000	70.2644
48.6373	232	70.0000	70.2874
48.8470	233	71.0000	70.3103
49.0566	234	71.0000	70.3333
49.2662	235	68.0000	70.3563
49.4759	236	69.0000	70.3793
49.6855	237	70.0000	70.4023
49.8952	238	70.0000	70.4253
50.1048	239	71.0000	70.4483
50.3145	240	71.0000	70.4713
50.5241	241	70.0000	70.4943
50.7338	242	70.0000	70.5172
50.9434	243	72.0000	70.5402
51.1530	244	71.0000	70.5632
51.3627	245	70.0000	70.5862
51.5723	246	71.0000	70.6092
51.7820	247	70.0000	70.6322
51.9916	248	70.0000	70.6552
52.2013	249	71.0000	70.6782
52.4109	250	70.0000	70.7011
52.6205	251	69.0000	70.7241
52.8302	252	72.0000	70.7471
53.0398	253	72.0000	70.7701
53.2495	254	71.0000	70.7931
53.4591	255	70.0000	70.8161
53.6688	256	72.0000	70.8391
53.8784	257	71.0000	70.8621
54.0881	258	71.0000	70.8851
54.2977	259	72.0000	70.9080
54.5073	260	70.0000	70.9310
54.7170	261	73.0000	70.9540
54.9266	262	70.0000	70.9770
55.1363	263	71.0000	71.0000
55.3459	264	71.0000	71.0746
55.5556	265	71.0000	71.1493
55.7652	266	71.0000	71.2239
55.9748	267	71.0000	71.2985
56.1845	268	72.0000	71.3731
56.3941	269	70.0000	71.4478
56.6038	270	71.0000	71.5224
56.8134	271	72.0000	71.5970
57.0231	272	72.0000	71.6716
57.2327	273	71.0000	71.7463
57.4423	274	71.0000	71.8209
57.6520	275	71.0000	71.8955
57.8616	276	72.0000	71.9701
58.0713	277	73.0000	72.0448
58.2809	278	72.0000	72.1194
58.4906	279	71.0000	72.1940
58.7002	280	71.0000	72.2687
58.9099	281	72.0000	72.3433
59.1195	282	74.0000	72.4179
59.3291	283	72.0000	72.4925
59.5388	284	71.0000	72.5672
59.7484	285	73.0000	72.6418
59.9581	286	71.0000	72.7164
60.1677	287	72.0000	72.7910
60.3774	288	72.0000	72.8657
60.5870	289	72.0000	72.9403
60.7966	290	73.0000	73.0149
61.0063	291	73.0000	73.0896
61.2159	292	73.0000	73.1642
61.4256	293	73.0000	73.2388
61.6352	294	72.0000	73.3134
61.8449	295	72.0000	73.3881
62.0545	296	73.0000	73.4627
62.2642	297	73.0000	73.5373
62.4738	298	73.0000	73.6119
62.6834	299	73.0000	73.6866
62.8931	300	73.0000	73.7612
63.1027	301	75.0000	73.8358
63.3124	302	75.0000	73.9104
63.5220	303	72.0000	73.9851
63.7317	304	74.0000	74.0597
63.9413	305	74.0000	74.1343
64.1509	306	75.0000	74.2090
64.3606	307	76.0000	74.2836
64.5702	308	74.0000	74.3582
64.7799	309	75.0000	74.4328
64.9895	310	74.0000	74.5075
65.1992	311	75.0000	74.5821
65.4088	312	75.0000	74.6567
65.6184	313	76.0000	74.7313
65.8281	314	74.0000	74.8060
66.0377	315	77.0000	74.8806
66.2474	316	75.0000	74.9552
66.4570	317	77.0000	75.0299
66.6667	318	75.0000	75.1045
66.8763	319	75.0000	75.1791
67.0860	320	74.0000	75.2537
67.2956	321	75.0000	75.3284
67.5052	322	74.0000	75.4030
67.7149	323	76.0000	75.4776
67.9245	324	76.0000	75.5522
68.1342	325	76.0000	75.6269
68.3438	326	76.0000	75.7015
68.5535	327	74.0000	75.7761
68.7631	328	75.0000	75.8507
68.9727	329	76.0000	75.9254
69.1824	330	76.0000	76.0000
69.3920	331	75.0000	75.9505
69.6017	332	77.0000	75.9010
69.8113	333	75.0000	75.8515
70.0210	334	75.0000	75.8020
70.2306	335	74.0000	75.7525
70.4403	336	76.0000	75.7030
70.6499	337	74.0000	75.6535
70.8595	338	76.0000	75.6040
71.0692	339	74.0000	75.5545
71.2788	340	76.0000	75.5050
71.4885	341	75.0000	75.4554
71.6981	342	76.0000	75.4059
71.9078	343	76.0000	75.3564
72.1174	344	75.0000	75.3069
72.3270	345	77.0000	75.2574
72.5367	346	77.0000	75.2079
72.7463	347	74.0000	75.1584
72.9560	348	77.0000	75.1089
73.1656	349	76.0000	75.0594
73.3753	350	76.0000	75.0099
73.5849	351	77.0000	74.9604
73.7945	352	75.0000	74.9109
74.0042	353	76.0000	74.8614
74.2138	354	76.0000	74.8119
74.4235	355	76.0000	74.7624
74.6331	356	77.0000	74.7129
74.8428	357	76.0000	74.6634
75.0524	358	76.0000	74.6139
75.2621	359	77.0000	74.5644
75.4717	360	76.0000	74.5149
75.6813	361	76.0000	74.4653
75.8910	362	76.0000	74.4158
76.1006	363	77.0000	74.3663
76.3103	364	75.0000	74.3168
76.5199	365	76.0000	74.2673
76.7296	366	76.0000	74.2178
76.9392	367	74.0000	74.1683
77.1488	368	75.0000	74.1188
77.3585	369	74.0000	74.0693
77.5681	370	77.0000	74.0198
77.7778	371	75.0000	73.9703
77.9874	372	76.0000	73.9208
78.1971	373	75.0000	73.8713
78.4067	374	76.0000	73.8218
78.6164	375	75.0000	73.7723
78.8260	376	75.0000	73.7228
79.0356	377	73.0000	73.6733
79.2453	378	75.0000	73.6238
79.4549	379	75.0000	73.5743
79.6646	380	75.0000	73.5247
79.8742	381	74.0000	73.4753
80.0839	382	74.0000	73.4257
80.2935	383	73.0000	73.3762
80.5031	384	74.0000	73.3267
80.7128	385	74.0000	73.2772
80.9224	386	73.0000	73.2277
81.1321	387	73.0000	73.1782
81.3417	388	74.0000	73.1287
81.5514	389	74.0000	73.0792
81.7610	390	73.0000	73.0297
81.9706	391	73.0000	72.9802
82.1803	392	74.0000	72.9307
82.3899	393	74.0000	72.8812
82.5996	394	75.0000	72.8317
82.8092	395	73.0000	72.7822
83.0189	396	72.0000	72.7327
83.2285	397	73.0000	72.6832
83.4382	398	73.0000	72.6337
83.6478	399	73.0000	72.5842
83.8574	400	72.0000	72.5347
84.0671	401	72.0000	72.4851
84.2767	402	72.0000	72.4356
84.4864	403	72.0000	72.3861
84.6960	404	73.0000	72.3366
84.9057	405	71.0000	72.2871
85.1153	406	71.0000	72.2376
85.3249	407	71.0000	72.1881
85.5346	408	71.0000	72.1386
85.7442	409	70.0000	72.0891
85.9539	410	71.0000	72.0396
86.1635	411	71.0000	71.9901
86.3732	412	72.0000	71.9406
86.5828	413	71.0000	71.8911
86.7925	414	71.0000	71.8416
87.0021	415	71.0000	71.7921
87.2117	416	71.0000	71.7426
87.4214	417	72.0000	71.6931
87.6310	418	72.0000	71.6436
87.8407	419	72.0000	71.5941
88.0503	420	70.0000	71.5446
88.2600	421	71.0000	71.4950
88.4696	422	73.0000	71.4455
88.6792	423	70.0000	71.3960
88.8889	424	71.0000	71.3465
89.0985	425	72.0000	71.2970
89.3082	426	72.0000	71.2475
89.5178	427	72.0000	71.1980
89.7275	428	72.0000	71.1485
89.9371	429	71.0000	71.0990
90.1468	430	71.0000	71.0495
90.3564	431	71.0000	71.0000
90.5660	432	70.0000	71.0000
90.7757	433	71.0000	71.0000
90.9853	434	70.0000	71.0000
91.1950	435	70.0000	71.0000
91.4046	436	71.0000	71.0000
91.6143	437	71.0000	71.0000
91.8239	438	70.0000	71.0000
92.0335	439	71.0000	71.0000
92.2432	440	70.0000	71.0000
92.4528	441	72.0000	71.0000
92.6625	442	72.0000	71.0000
92.8721	443	71.0000	71.0000
93.0818	444	71.0000	71.0000
93.2914	445	71.0000	71.0000
93.5010	446	72.0000	71.0000
93.7107	447	72.0000	71.0000
93.9203	448	71.0000	71.0000
94.1300	449	72.0000	71.0000
94.3396	450	71.0000	71.0000
94.5493	451	72.0000	71.0000
94.7589	452	71.0000	71.0000
94.9686	453	71.0000	71.0000
95.1782	454	71.0000	71.0000
95.3878	455	72.0000	71.0000
95.5975	456	72.0000	71.0000
95.8071	457	72.0000	71.0000
96.0168	458	72.0000	71.0000
96.2264	459	73.0000	71.0000
96.4361	460	72.0000	71.0000
96.6457	461	71.0000	71.0000
96.8553	462	73.0000	71.0000
97.0650	463	72.0000	71.0000
97.2746	464	71.0000	71.0000
97.4843	465	71.0000	71.0000
97.6939	466	73.0000	71.0000
97.9036	467	71.0000	71.0000
98.1132	468	71.0000	71.0000
98.3229	469	72.0000	71.0000
98.5325	470	72.0000	71.0000
98.7421	471	71.0000	71.0000
98.9518	472	72.0000	71.3333
99.1614	473	71.0000	71.6667
99.3711	474	71.0000	72.0000
99.5807	475	72.0000	72.3333
99.7904	476	72.0000	72.6667
100.0000	477	73.0000	73.0000
---------- 5: r2b_g5 ----------
Offset(%)	Offset(pix)	Profile	Background
0.0000	0	71.0000	71.0000
0.2096	1	70.0000	70.5500
0.4193	2	71.0000	70.1000
0.6289	3	71.0000	69.6500
0.8386	4	70.0000	69.2000
1.0482	5	71.0000	68.7500
1.2579	6	70.0000	68.3000
1.4675	7	71.0000	67.8500
1.6771	8	70.0000	67.4000
1.8868	9	69.0000	66.9500
2.0964	10	66.0000	66.5000
2.3061	11	64.0000	66.0500
2.5157	12	63.0000	65.6000
2.7254	13	67.0000	65.1500
2.9350	14	73.0000	64.7000
3.1447	15	73.0000	64.2500
3.3543	16	71.0000	63.8000
3.5639	17	68.0000	63.3500
3.7736	18	65.0000	62.9000
3.9832	19	64.0000	62.4500
4.1929	20	62.0000	62.0000
4.4025	21	64.0000	62.2353
4.6122	22	70.0000	62.4706
4.8218	23	72.0000	62.7059
5.0314	24	76.0000	62.9412
5.2411	25	86.0000	63.1765
5.4507	26	91.0000	63.4118
5.6604	27	81.0000	63.6471
5.8700	28	70.0000	63.8824
6.0797	29	69.0000	64.1176
6.2893	30	71.0000	64.3529
6.4990	31	71.0000	64.5882
6.7086	32	73.0000	64.8235
6.9182	33	74.0000	65.0588
7.1279	34	73.0000	65.2941
7.3375	35	72.0000	65.5294
7.5472	36	71.0000	65.7647
7.7568	37	71.0000	66.0000
7.9665	38	70.0000	66.2353
8.1761	39	69.0000	66.4706
8.3857	40	70.0000	66.7059
8.5954	41	70.0000	66.9412
8.8050	42	70.0000	67.1765
9.0147	43	69.0000	67.4118
9.2243	44	70.0000	67.6471
9.4340	45	70.0000	67.8824
9.6436	46	71.0000	68.1176
9.8532	47	68.0000	68.3529
10.0629	48	70.0000	68.5882
10.2725	49	70.0000	68.8235
10.4822	50	70.0000	69.0588
10.6918	51	70.0000	69.2941
10.9015	52	69.0000	69.5294
11.1111	53	69.0000	69.7647
11.3208	54	70.0000	70.0000
11.5304	55	71.0000	70.0421
11.7400	56	70.0000	70.0842
11.9497	57	69.0000	70.1263
12.1593	58	70.0000	70.1684
12.3690	59	71.0000	70.2105
12.5786	60	70.0000	70.2526
12.7883	61	71.0000	70.2947
12.9979	62	71.0000	70.3368
13.2075	63	71.0000	70.3789
13.4172	64	70.0000	70.4211
13.6268	65	71.0000	70.4632
13.8365	66	71.0000	70.5053
14.0461	67	72.0000	70.5474
14.2558	68	74.0000	70.5895
14.4654	69	71.0000	70.6316
14.6751	70	72.0000	70.6737
14.8847	71	72.0000	70.7158
15.0943	72	72.0000	70.7579
15.3040	73	72.0000	70.8000
15.5136	74	73.0000	70.8421
15.7233	75	72.0000	70.8842
15.9329	76	75.0000	70.9263
16.1426	77	73.0000	70.9684
16.3522	78	74.0000	71.0105
16.5618	79	75.0000	71.0526
16.7715	80	75.0000	71.0947
16.9811	81	75.0000	71.1368
17.1908	82	75.0000	71.1789
17.4004	83	78.0000	71.2211
17.6101	84	77.0000	71.2632
17.8197	85	78.0000	71.3053
18.0294	86	80.0000	71.3474
18.2390	87	78.0000	71.3895
18.4486	88	80.0000	71.4316
18.6583	89	83.0000	71.4737
18.8679	90	81.0000	71.5158
19.0776	91	83.0000	71.5579
19.2872	92	83.0000	71.6000
19.4969	93	82.0000	71.6421
19.7065	94	83.0000	71.6842
19.9161	95	82.0000	71.7263
20.1258	96	84.0000	71.7684
20.3354	97	82.0000	71.8105
20.5451	98	84.0000	71.8526
20.7547	99	82.0000	71.8947
20.9644	100	82.0000	71.9368
21.1740	101	80.0000	71.9790
21.3836	102	84.0000	72.0210
21.5933	103	81.0000	72.0632
21.8029	104	82.0000	72.1053
22.0126	105	82.0000	72.1474
22.2222	106	82.0000	72.1895
22.4319	107	81.0000	72.2316
22.6415	108	82.0000	72.2737
22.8512	109	81.0000	72.3158
23.0608	110	82.0000	72.3579
23.2704	111	80.0000	72.4000
23.4801	112	81.0000	72.4421
23.6897	113	82.0000	72.4842
23.8994	114	79.0000	72.5263
24.1090	115	81.0000	72.5684
24.3187	116	80.0000	72.6105
24.5283	117	80.0000	72.6526
24.7379	118	81.0000	72.6947
24.9476	119	80.0000	72.7368
25.1572	120	79.0000	72.7789
25.3669	121	80.0000	72.8211
25.5765	122	79.0000	72.8632
25.7862	123	80.0000	72.9053
25.9958	124	78.0000	72.9474
26.2055	125	78.0000	72.9895
26.4151	126	79.0000	73.0316
26.6247	127	79.0000	73.0737
26.8344	128	81.0000	73.1158
27.0440	129	78.0000	73.1579
27.2537	130	77.0000	73.2000
27.4633	131	77.0000	73.2421
27.6730	132	77.0000	73.2842
27.8826	133	76.0000	73.3263
28.0922	134	78.0000	73.3684
28.3019	135	77.0000	73.4105
28.5115	136	78.0000	73.4526
28.7212	137	76.0000	73.4947
28.9308	138	77.0000	73.5368
29.1405	139	76.0000	73.5789
29.3501	140	75.0000	73.6211
29.5597	141	76.0000	73.6632
29.7694	142	75.0000	73.7053
29.9790	143	76.0000	73.7474
30.1887	144	74.0000	73.7895
30.3983	145	75.0000	73.8316
30.6080	146	75.0000	73.8737
30.8176	147	76.0000	73.9158
31.0273	148	75.0000	73.9579
31.2369	149	74.0000	74.0000
31.4465	150	76.0000	74.0370
31.6562	151	74.0000	74.0741
31.8658	152	75.0000	74.1111
32.0755	153	75.0000	74.1481
32.2851	154	74.0000	74.1852
32.4948	155	76.0000	74.2222
32.7044	156	75.0000	74.2593
32.9140	157	76.0000	74.2963
33.1237	158	74.0000	74.3333
33.3333	159	74.0000	74.3704
33.5430	160	75.0000	74.4074
33.7526	161	75.0000	74.4444
33.9623	162	76.0000	74.4815
34.1719	163	75.0000	74.5185
34.3816	164	77.0000	74.5556
34.5912	165	78.0000	74.5926
34.8008	166	77.0000	74.6296
35.0105	167	76.0000	74.6667
35.2201	168	75.0000	74.7037
35.4298	169	74.0000	74.7407
35.6394	170	75.0000	74.7778
35.8491	171	75.0000	74.8148
36.0587	172	75.0000	74.8519
36.2683	173	74.0000	74.8889
36.4780	174	73.0000	74.9259
36.6876	175	74.0000	74.9630
36.8973	176	75.0000	75.0000
37.1069	177	73.0000	75.0185
37.3166	178	73.0000	75.0370
37.5262	179	74.0000	75.0556
37.7358	180	75.0000	75.0741
37.9455	181	75.0000	75.0926
38.1551	182	75.0000	75.1111
38.3648	183	76.0000	75.1296
38.5744	184	75.0000	75.1481
38.7841	185	75.0000	75.1667
38.9937	186	75.0000	75.1852
39.2034	187	75.0000	75.2037
39.4130	188	76.0000	75.2222
39.6226	189	75.0000	75.2407
39.8323	190	75.0000	75.2593
40.0419	191	75.0000	75.2778
40.2516	192	75.0000	75.2963
40.4612	193	76.0000	75.3148
40.6709	194	75.0000	75.3333
40.8805	195	76.0000	75.3519
41.0901	196	75.0000	75.3704
41.2998	197	75.0000	75.3889
41.5094	198	75.0000	75.4074
41.7191	199	76.0000	75.4259
41.9287	200	77.0000	75.4444
42.1384	201	74.0000	75.4630
42.3480	202	75.0000	75.4815
42.5577	203	75.0000	75.5000
42.7673	204	76.0000	75.5185
42.9769	205	75.0000	75.5370
43.1866	206	75.0000	75.5556
43.3962	207	75.0000	75.5741
43.6059	208	75.0000	75.5926
43.8155	209	75.0000	75.6111
44.0252	210	75.0000	75.6296
44.2348	211	75.0000	75.6481
44.4444	212	74.0000	75.6667
44.6541	213	77.0000	75.6852
44.8637	214	77.0000	75.7037
45.0734	215	75.0000	75.7222
45.2830	216	76.0000	75.7407
45.4927	217	75.0000	75.7593
45.7023	218	77.0000	75.7778
45.9119	219	76.0000	75.7963
46.1216	220	77.0000	75.8148
46.3312	221	74.0000	75.8333
46.5409	222	75.0000	75.8519
46.7505	223	76.0000	75.8704
46.9602	224	75.0000	75.8889
47.1698	225	75.0000	75.9074
47.3795	226	75.0000	75.9259
47.5891	227	75.0000	75.9444
47.7987	228	76.0000	75.9630
48.0084	229	76.0000	75.9815
48.2180	230	76.0000	76.0000
48.4277	231	75.0000	75.9375
48.6373	232	74.0000	75.8750
48.8470	233	76.0000	75.8125
49.0566	234	76.0000	75.7500
49.2662	235	76.0000	75.6875
49.4759	236	75.0000	75.6250
49.6855	237	76.0000	75.5625
49.8952	238	75.0000	75.5000
50.1048	239	77.0000	75.4375
50.3145	240	74.0000	75.3750
50.5241	241	76.0000	75.3125
50.7338	242	76.0000	75.2500
50.9434	243	77.0000	75.1875
51.1530	244	76.0000	75.1250
51.3627	245	77.0000	75.0625
51.5723	246	74.0000	75.0000
51.7820	247	75.0000	74.9375
51.9916	248	75.0000	74.8750
52.2013	249	76.0000	74.8125
52.4109	250	75.0000	74.7500
52.6205	251	75.0000	74.6875
52.8302	252	75.0000	74.6250
53.0398	253	77.0000	74.5625
53.2495	254	76.0000	74.5000
53.4591	255	75.0000	74.4375
53.6688	256	75.0000	74.3750
53.8784	257	76.0000	74.3125
54.0881	258	76.0000	74.2500
54.2977	259	75.0000	74.1875
54.5073	260	75.0000	74.1250
54.7170	261	75.0000	74.0625
54.9266	262	74.0000	74.0000
55.1363	263	77.0000	73.9596
55.3459	264	75.0000	73.9192
55.5556	265	77.0000	73.8788
55.7652	266	76.0000	73.8384
55.9748	267	76.0000	73.7980
56.1845	268	75.0000	73.7576
56.3941	269	77.0000	73.7172
56.6038	270	75.0000	73.6768
56.8134	271	76.0000	73.6364
57.0231	272	77.0000	73.5960
57.2327	273	76.0000	73.5556
57.4423	274	76.0000	73.5152
57.6520	275	76.0000	73.4747
57.8616	276	78.0000	73.4343
58.0713	277	76.0000	73.3939
58.2809	278	76.0000	73.3535
58.4906	279	77.0000	73.3131
58.7002	280	77.0000	73.2727
58.9099	281	76.0000	73.2323
59.1195	282	78.0000	73.1919
59.3291	283	78.0000	73.1515
59.5388	284	75.0000	73.1111
59.7484	285	78.0000	73.0707
59.9581	286	78.0000	73.0303
60.1677	287	78.0000	72.9899
60.3774	288	78.0000	72.9495
60.5870	289	77.0000	72.9091
60.7966	290	78.0000	72.8687
61.0063	291	80.0000	72.8283
61.2159	292	79.0000	72.7879
61.4256	293	80.0000	72.7475
61.6352	294	78.0000	72.7071
61.8449	295	78.0000	72.6667
62.0545	296	80.0000	72.6263
62.2642	297	79.0000	72.5859
62.4738	298	80.0000	72.5455
62.6834	299	79.0000	72.5051
62.8931	300	80.0000	72.4646
63.1027	301	81.0000	72.4242
63.3124	302	81.0000	72.3838
63.5220	303	80.0000	72.3434
63.7317	304	80.0000	72.3030
63.9413	305	79.0000	72.2626
64.1509	306	80.0000	72.2222
64.3606	307	80.0000	72.1818
64.5702	308	80.0000	72.1414
64.7799	309	80.0000	72.1010
64.9895	310	80.0000	72.0606
65.1992	311	80.0000	72.0202
65.4088	312	79.0000	71.9798
65.6184	313	79.0000	71.9394
65.8281	314	78.0000	71.8990
66.0377	315	79.0000	71.8586
66.2474	316	78.0000	71.8182
66.4570	317	78.0000	71.7778
66.6667	318	77.0000	71.7374
66.8763	319	79.0000	71.6970
67.0860	320	78.0000	71.6566
67.2956	321	77.0000	71.6162
67.5052	322	76.0000	71.5758
67.7149	323	78.0000	71.5354
67.9245	324	76.0000	71.4949
68.1342	325	77.0000	71.4545
68.3438	326	77.0000	71.4141
68.5535	327	76.0000	71.3737
68.7631	328	75.0000	71.3333
68.9727	329	76.0000	71.2929
69.1824	330	75.0000	71.2525
69.3920	331	76.0000	71.2121
69.6017	332	76.0000	71.1717
69.8113	333	76.0000	71.1313
70.0210	334	75.0000	71.0909
70.2306	335	76.0000	71.0505
70.4403	336	75.0000	71.0101
70.6499	337	75.0000	70.9697
70.8595	338	75.0000	70.9293
71.0692	339	74.0000	70.8889
71.2788	340	74.0000	70.8485
71.4885	341	75.0000	70.8081
71.6981	342	75.0000	70.7677
71.9078	343	75.0000	70.7273
72.1174	344	75.0000	70.6869
72.3270	345	75.0000	70.6465
72.5367	346	73.0000	70.6061
72.7463	347	75.0000	70.5657
72.9560	348	75.0000	70.5253
73.1656	349	74.0000	70.4848
73.3753	350	73.0000	70.4444
73.5849	351	73.0000	70.4040
73.7945	352	73.0000	70.3636
74.0042	353	74.0000	70.3232
74.2138	354	72.0000	70.2828
74.4235	355	72.0000	70.2424
74.6331	356	71.0000	70.2020
74.8428	357	72.0000	70.1616
75.0524	358	74.0000	70.1212
75.2621	359	72.0000	70.0808
75.4717	360	73.0000	70.0404
75.6813	361	70.0000	70.0000
75.8910	362	71.0000	69.9574
76.1006	363	71.0000	69.9149
76.3103	364	71.0000	69.8723
76.5199	365	72.0000	69.8298
76.7296	366	71.0000	69.7872
76.9392	367	70.0000	69.7447
77.1488	368	71.0000	69.7021
77.3585	369	71.0000	69.6596
77.5681	370	71.0000	69.6170
77.7778	371	73.0000	69.5745
77.9874	372	72.0000	69.5319
78.1971	373	71.0000	69.4894
78.4067	374	73.0000	69.4468
78.6164	375	72.0000	69.4043
78.8260	376	71.0000	69.3617
79.0356	377	72.0000	69.3191
79.2453	378	71.0000	69.2766
79.4549	379	71.0000	69.2340
79.6646	380	69.0000	69.1915
79.8742	381	72.0000	69.1489
80.0839	382	70.0000	69.1064
80.2935	383	73.0000	69.0638
80.5031	384	69.0000	69.0213
80.7128	385	71.0000	68.9787
80.9224	386	70.0000	68.9362
81.1321	387	71.0000	68.8936
81.3417	388	71.0000	68.8511
81.5514	389	71.0000	68.8085
81.7610	390	71.0000	68.7660
81.9706	391	71.0000	68.7234
82.1803	392	70.0000	68.6809
82.3899	393	70.0000	68.6383
82.5996	394	70.0000	68.5957
82.8092	395	71.0000	68.5532
83.0189	396	71.0000	68.5106
83.2285	397	71.0000	68.4681
83.4382	398	69.0000	68.4255
83.6478	399	70.0000	68.3830
83.8574	400	70.0000	68.3404
84.0671	401	70.0000	68.2979
84.2767	402	72.0000	68.2553
84.4864	403	70.0000	68.2128
84.6960	404	71.0000	68.1702
84.9057	405	70.0000	68.1277
85.1153	406	70.0000	68.0851
85.3249	407	71.0000	68.0426
85.5346	408	68.0000	68.0000
85.7442	409	70.0000	68.1000
85.9539	410	69.0000	68.2000
86.1635	411	71.0000	68.3000
86.3732	412	71.0000	68.4000
86.5828	413	70.0000	68.5000
86.7925	414	70.0000	68.6000
87.0021	415	71.0000	68.7000
87.2117	416	70.0000	68.8000
87.4214	417	71.0000	68.9000
87.6310	418	69.0000	69.0000
87.8407	419	71.0000	69.0556
88.0503	420	70.0000	69.1111
88.2600	421	71.0000	69.1667
88.4696	422	70.0000	69.2222
88.6792	423	70.0000	69.2778
88.8889	424	71.0000	69.3333
89.0985	425	71.0000	69.3889
89.3082	426	70.0000	69.4444
89.5178	427	72.0000	69.5000
89.7275	428	70.0000	69.5556
89.9371	429	71.0000	69.6111
90.1468	430	72.0000	69.6667
90.3564	431	71.0000	69.7222
90.5660	432	71.0000	69.7778
90.7757	433	70.0000	69.8333
90.9853	434	72.0000	69.8889
91.1950	435	71.0000	69.9444
91.4046	436	72.0000	70.0000
91.6143	437	72.0000	70.0556
91.8239	438	71.0000	70.1111
92.0335	439	70.0000	70.1667
92.2432	440	71.0000	70.2222
92.4528	441	71.0000	70.2778
92.6625	442	71.0000	70.3333
92.8721	443	71.0000	70.3889
93.0818	444	72.0000	70.4444
93.2914	445	71.0000	70.5000
93.5010	446	71.0000	70.5556
93.7107	447	72.0000	70.6111
93.9203	448	72.0000	70.6667
94.1300	449	71.0000	70.7222
94.3396	450	72.0000	70.7778
94.5493	451	70.0000	70.8333
94.7589	452	72.0000	70.8889
94.9686	453	71.0000	70.9444
95.1782	454	72.0000	71.0000
95.3878	455	71.0000	71.0556
95.5975	456	72.0000	71.1111
95.8071	457	72.0000	71.1667
96.0168	458	71.0000	71.2222
96.2264	459	72.0000	71.2778
96.4361	460	72.0000	71.3333
96.6457	461	73.0000	71.3889
96.8553	462	71.0000	71.4444
97.0650	463	72.0000	71.5000
97.2746	464	72.0000	71.5556
97.4843	465	72.0000	71.6111
97.6939	466	71.0000	71.6667
97.9036	467	73.0000	71.7222
98.1132	468	72.0000	71.7778
98.3229	469	72.0000	71.8333
98.5325	470	72.0000	71.8889
98.7421	471	71.0000	71.9444
98.9518	472	72.0000	72.0000
99.1614	473	71.0000	72.0000
99.3711	474	71.0000	72.0000
99.5807	475	73.0000	72.0000
99.7904	476	73.0000	72.0000
100.0000	477	72.0000	72.0000
---------- 6: r2b_g6 ----------
Offset(%)	Offset(pix)	Profile	Background
0.0000	0	71.0000	71.0000
0.2096	1	71.0000	71.1538
0.4193	2	71.0000	71.3077
0.6289	3	70.0000	71.4615
0.8386	4	69.0000	71.6154
1.0482	5	72.0000	71.7692
1.2579	6	70.0000	71.9231
1.4675	7	71.0000	72.0769
1.6771	8	70.0000	72.2308
1.8868	9	66.0000	72.3846
2.0964	10	64.0000	72.5385
2.3061	11	64.0000	72.6923
2.5157	12	67.0000	72.8462
2.7254	13	73.0000	73.0000
2.9350	14	73.0000	73.0292
3.1447	15	72.0000	73.0584
3.3543	16	68.0000	73.0876
3.5639	17	67.0000	73.1168
3.7736	18	65.0000	73.1460
3.9832	19	65.0000	73.1752
4.1929	20	64.0000	73.2044
4.4025	21	70.0000	73.2336
4.6122	22	78.0000	73.2628
4.8218	23	78.0000	73.2920
5.0314	24	84.0000	73.3212
5.2411	25	89.0000	73.3504
5.4507	26	80.0000	73.3796
5.6604	27	74.0000	73.4088
5.8700	28	71.0000	73.4380
6.0797	29	71.0000	73.4672
6.2893	30	73.0000	73.4964
6.4990	31	72.0000	73.5256
6.7086	32	75.0000	73.5547
6.9182	33	75.0000	73.5839
7.1279	34	76.0000	73.6131
7.3375	35	76.0000	73.6423
7.5472	36	74.0000	73.6715
7.7568	37	74.0000	73.7007
7.9665	38	74.0000	73.7299
8.1761	39	76.0000	73.7591
8.3857	40	75.0000	73.7883
8.5954	41	74.0000	73.8175
8.8050	42	74.0000	73.8467
9.0147	43	74.0000	73.8759
9.2243	44	75.0000	73.9051
9.4340	45	75.0000	73.9343
9.6436	46	74.0000	73.9635
9.8532	47	75.0000	73.9927
10.0629	48	74.0000	74.0219
10.2725	49	75.0000	74.0511
10.4822	50	74.0000	74.0803
10.6918	51	75.0000	74.1095
10.9015	52	75.0000	74.1387
11.1111	53	74.0000	74.1679
11.3208	54	75.0000	74.1971
11.5304	55	76.0000	74.2263
11.7400	56	75.0000	74.2555
11.9497	57	75.0000	74.2847
12.1593	58	76.0000	74.3139
12.3690	59	76.0000	74.3431
12.5786	60	75.0000	74.3723
12.7883	61	76.0000	74.4015
12.9979	62	78.0000	74.4307
13.2075	63	77.0000	74.4599
13.4172	64	78.0000	74.4891
13.6268	65	78.0000	74.5182
13.8365	66	79.0000	74.5474
14.0461	67	80.0000	74.5766
14.2558	68	78.0000	74.6058
14.4654	69	80.0000	74.6350
14.6751	70	80.0000	74.6642
14.8847	71	81.0000	74.6934
15.0943	72	81.0000	74.7226
15.3040	73	82.0000	74.7518
15.5136	74	82.0000	74.7810
15.7233	75	82.0000	74.8102
15.9329	76	84.0000	74.8394
16.1426	77	85.0000	74.8686
16.3522	78	85.0000	74.8978
16.5618	79	88.0000	74.9270
16.7715	80	88.0000	74.9562
16.9811	81	90.0000	74.9854
17.1908	82	93.0000	75.0146
17.4004	83	93.0000	75.0438
17.6101	84	95.0000	75.0730
17.8197	85	97.0000	75.1022
18.0294	86	99.0000	75.1314
18.2390	87	99.0000	75.1606
18.4486	88	102.0000	75.1898
18.6583	89	98.0000	75.2190
18.8679	90	98.0000	75.2482
19.0776	91	100.0000	75.2774
19.2872	92	99.0000	75.3066
19.4969	93	99.0000	75.3358
19.7065	94	96.0000	75.3650
19.9161	95	96.0000	75.3942
20.1258	96	96.0000	75.4234
20.3354	97	97.0000	75.4526
20.5451	98	95.0000	75.4818
20.7547	99	95.0000	75.5109
20.9644	100	92.0000	75.5401
21.1740	101	93.0000	75.5693
21.3836	102	93.0000	75.5985
21.5933	103	89.0000	75.6277
21.8029	104	90.0000	75.6569
22.0126	105	89.0000	75.6861
22.2222	106	87.0000	75.7153
22.4319	107	89.0000	75.7445
22.6415	108	89.0000	75.7737
22.8512	109	87.0000	75.8029
23.0608	110	86.0000	75.8321
23.2704	111	86.0000	75.8613
23.4801	112	84.0000	75.8905
23.6897	113	85.0000	75.9197
23.8994	114	83.0000	75.9489
24.1090	115	84.0000	75.9781
24.3187	116	83.0000	76.0073
24.5283	117	85.0000	76.0365
24.7379	118	82.0000	76.0657
24.9476	119	82.0000	76.0949
25.1572	120	81.0000	76.1241
25.3669	121	82.0000	76.1533
25.5765	122	81.0000	76.1825
25.7862	123	82.0000	76.2117
25.9958	124	80.0000	76.2409
26.2055	125	80.0000	76.2701
26.4151	126	81.0000	76.2993
26.6247	127	79.0000	76.3285
26.8344	128	79.0000	76.3577
27.0440	129	77.0000	76.3869
27.2537	130	78.0000	76.4161
27.4633	131	78.0000	76.4453
27.6730	132	77.0000	76.4744
27.8826	133	77.0000	76.5036
28.0922	134	77.0000	76.5328
28.3019	135	77.0000	76.5620
28.5115	136	77.0000	76.5912
28.7212	137	77.0000	76.6204
28.9308	138	76.0000	76.6496
29.1405	139	76.0000	76.6788
29.3501	140	77.0000	76.7080
29.5597	141	77.0000	76.7372
29.7694	142	79.0000	76.7664
29.9790	143	76.0000	76.7956
30.1887	144	75.0000	76.8248
30.3983	145	75.0000	76.8540
30.6080	146	75.0000	76.8832
30.8176	147	74.0000	76.9124
31.0273	148	75.0000	76.9416
31.2369	149	74.0000	76.9708
31.4465	150	77.0000	77.0000
31.6562	151	74.0000	76.8333
31.8658	152	76.0000	76.6667
32.0755	153	75.0000	76.5000
32.2851	154	76.0000	76.3333
32.4948	155	74.0000	76.1667
32.7044	156	75.0000	76.0000
32.9140	157	75.0000	75.8333
33.1237	158	74.0000	75.6667
33.3333	159	73.0000	75.5000
33.5430	160	74.0000	75.3333
33.7526	161	76.0000	75.1667
33.9623	162	75.0000	75.0000
34.1719	163	73.0000	75.0161
34.3816	164	74.0000	75.0323
34.5912	165	73.0000	75.0484
34.8008	166	75.0000	75.0645
35.0105	167	75.0000	75.0806
35.2201	168	74.0000	75.0968
35.4298	169	74.0000	75.1129
35.6394	170	75.0000	75.1290
35.8491	171	75.0000	75.1452
36.0587	172	74.0000	75.1613
36.2683	173	74.0000	75.1774
36.4780	174	74.0000	75.1936
36.6876	175	74.0000	75.2097
36.8973	176	75.0000	75.2258
37.1069	177	74.0000	75.2419
37.3166	178	74.0000	75.2581
37.5262	179	74.0000	75.2742
37.7358	180	74.0000	75.2903
37.9455	181	75.0000	75.3064
38.1551	182	75.0000	75.3226
38.3648	183	74.0000	75.3387
38.5744	184	74.0000	75.3548
38.7841	185	75.0000	75.3710
38.9937	186	74.0000	75.3871
39.2034	187	76.0000	75.4032
39.4130	188	75.0000	75.4194
39.6226	189	75.0000	75.4355
39.8323	190	75.0000	75.4516
40.0419	191	75.0000	75.4677
40.2516	192	75.0000	75.4839
40.4612	193	74.0000	75.5000
40.6709	194	75.0000	75.5161
40.8805	195	74.0000	75.5323
41.0901	196	76.0000	75.5484
41.2998	197	75.0000	75.5645
41.5094	198	75.0000	75.5806
41.7191	199	76.0000	75.5968
41.9287	200	75.0000	75.6129
42.1384	201	75.0000	75.6290
42.3480	202	76.0000	75.6452
42.5577	203	76.0000	75.6613
42.7673	204	75.0000	75.6774
42.9769	205	75.0000	75.6936
43.1866	206	75.0000	75.7097
43.3962	207	76.0000	75.7258
43.6059	208	74.0000	75.7419
43.8155	209	76.0000	75.7581
44.0252	210	75.0000	75.7742
44.2348	211	76.0000	75.7903
44.4444	212	74.0000	75.8064
44.6541	213	76.0000	75.8226
44.8637	214	75.0000	75.8387
45.0734	215	75.0000	75.8548
45.2830	216	75.0000	75.8710
45.4927	217	75.0000	75.8871
45.7023	218	77.0000	75.9032
45.9119	219	75.0000	75.9194
46.1216	220	76.0000	75.9355
46.3312	221	74.0000	75.9516
46.5409	222	75.0000	75.9677
46.7505	223	77.0000	75.9839
46.9602	224	76.0000	76.0000
47.1698	225	75.0000	75.9926
47.3795	226	74.0000	75.9853
47.5891	227	75.0000	75.9779
47.7987	228	76.0000	75.9706
48.0084	229	76.0000	75.9632
48.2180	230	76.0000	75.9559
48.4277	231	74.0000	75.9485
48.6373	232	76.0000	75.9412
48.8470	233	76.0000	75.9338
49.0566	234	77.0000	75.9265
49.2662	235	75.0000	75.9191
49.4759	236	76.0000	75.9118
49.6855	237	76.0000	75.9044
49.8952	238	76.0000	75.8971
50.1048	239	75.0000	75.8897
50.3145	240	76.0000	75.8824
50.5241	241	75.0000	75.8750
50.7338	242	75.0000	75.8676
50.9434	243	76.0000	75.8603
51.1530	244	75.0000	75.8529
51.3627	245	75.0000	75.8456
51.5723	246	74.0000	75.8382
51.7820	247	77.0000	75.8309
51.9916	248	76.0000	75.8235
52.2013	249	77.0000	75.8162
52.4109	250	76.0000	75.8088
52.6205	251	76.0000	75.8015
52.8302	252	76.0000	75.7941
53.0398	253	75.0000	75.7868
53.2495	254	76.0000	75.7794
53.4591	255	76.0000	75.7721
53.6688	256	76.0000	75.7647
53.8784	257	75.0000	75.7574
54.0881	258	76.0000	75.7500
54.2977	259	75.0000	75.7426
54.5073	260	76.0000	75.7353
54.7170	261	77.0000	75.7279
54.9266	262	77.0000	75.7206
55.1363	263	76.0000	75.7132
55.3459	264	77.0000	75.7059
55.5556	265	77.0000	75.6985
55.7652	266	77.0000	75.6912
55.9748	267	77.0000	75.6838
56.1845	268	79.0000	75.6765
56.3941	269	77.0000	75.6691
56.6038	270	77.0000	75.6618
56.8134	271	78.0000	75.6544
57.0231	272	79.0000	75.6471
57.2327	273	78.0000	75.6397
57.4423	274	79.0000	75.6324
57.6520	275	78.0000	75.6250
57.8616	276	78.0000	75.6176
58.0713	277	78.0000	75.6103
58.2809	278	77.0000	75.6029
58.4906	279	79.0000	75.5956
58.7002	280	78.0000	75.5882
58.9099	281	78.0000	75.5809
59.1195	282	79.0000	75.5735
59.3291	283	78.0000	75.5662
59.5388	284	78.0000	75.5588
59.7484	285	78.0000	75.5515
59.9581	286	80.0000	75.5441
60.1677	287	80.0000	75.5368
60.3774	288	79.0000	75.5294
60.5870	289	80.0000	75.5221
60.7966	290	79.0000	75.5147
61.0063	291	82.0000	75.5074
61.2159	292	81.0000	75.5000
61.4256	293	81.0000	75.4926
61.6352	294	83.0000	75.4853
61.8449	295	81.0000	75.4779
62.0545	296	84.0000	75.4706
62.2642	297	83.0000	75.4632
62.4738	298	85.0000	75.4559
62.6834	299	84.0000	75.4485
62.8931	300	84.0000	75.4412
63.1027	301	84.0000	75.4338
63.3124	302	86.0000	75.4265
63.5220	303	84.0000	75.4191
63.7317	304	85.0000	75.4118
63.9413	305	86.0000	75.4044
64.1509	306	84.0000	75.3971
64.3606	307	84.0000	75.3897
64.5702	308	84.0000	75.3824
64.7799	309	83.0000	75.3750
64.9895	310	86.0000	75.3676
65.1992	311	85.0000	75.3603
65.4088	312	83.0000	75.3529
65.6184	313	84.0000	75.3456
65.8281	314	83.0000	75.3382
66.0377	315	83.0000	75.3309
66.2474	316	84.0000	75.3235
66.4570	317	83.0000	75.3162
66.6667	318	83.0000	75.3088
66.8763	319	84.0000	75.3015
67.0860	320	82.0000	75.2941
67.2956	321	83.0000	75.2868
67.5052	322	82.0000	75.2794
67.7149	323	82.0000	75.2721
67.9245	324	84.0000	75.2647
68.1342	325	82.0000	75.2574
68.3438	326	83.0000	75.2500
68.5535	327	81.0000	75.2426
68.7631	328	80.0000	75.2353
68.9727	329	79.0000	75.2279
69.1824	330	82.0000	75.2206
69.3920	331	81.0000	75.2132
69.6017	332	80.0000	75.2059
69.8113	333	81.0000	75.1985
70.0210	334	80.0000	75.1912
70.2306	335	81.0000	75.1838
70.4403	336	80.0000	75.1765
70.6499	337	78.0000	75.1691
70.8595	338	79.0000	75.1618
71.0692	339	79.0000	75.1544
71.2788	340	78.0000	75.1471
71.4885	341	78.0000	75.1397
71.6981	342	77.0000	75.1324
71.9078	343	79.0000	75.1250
72.1174	344	80.0000	75.1176
72.3270	345	77.0000	75.1103
72.5367	346	78.0000	75.1029
72.7463	347	77.0000	75.0956
72.9560	348	78.0000	75.0882
73.1656	349	76.0000	75.0809
73.3753	350	77.0000	75.0735
73.5849	351	77.0000	75.0662
73.7945	352	76.0000	75.0588
74.0042	353	77.0000	75.0515
74.2138	354	76.0000	75.0441
74.4235	355	76.0000	75.0368
74.6331	356	75.0000	75.0294
74.8428	357	74.0000	75.0221
75.0524	358	75.0000	75.0147
75.2621	359	75.0000	75.0074
75.4717	360	75.0000	75.0000
75.6813	361	74.0000	74.8500
75.8910	362	74.0000	74.7000
76.1006	363	74.0000	74.5500
76.3103	364	75.0000	74.4000
76.5199	365	74.0000	74.2500
76.7296	366	73.0000	74.1000
76.9392	367	73.0000	73.9500
77.1488	368	73.0000	73.8000
77.3585	369	72.0000	73.6500
77.5681	370	72.0000	73.5000
77.7778	371	72.0000	73.3500
77.9874	372	72.0000	73.2000
78.1971	373	72.0000	73.0500
78.4067	374	73.0000	72.9000
78.6164	375	72.0000	72.7500
78.8260	376	74.0000	72.6000
79.0356	377	72.0000	72.4500
79.2453	378	72.0000	72.3000
79.4549	379	73.0000	72.1500
79.6646	380	72.0000	72.0000
79.8742	381	71.0000	71.8500
80.0839	382	72.0000	71.7000
80.2935	383	71.0000	71.5500
80.5031	384	72.0000	71.4000
80.7128	385	72.0000	71.2500
80.9224	386	71.0000	71.1000
81.1321	387	71.0000	70.9500
81.3417	388	72.0000	70.8000
81.5514	389	70.0000	70.6500
81.7610	390	71.0000	70.5000
81.9706	391	71.0000	70.3500
82.1803	392	71.0000	70.2000
82.3899	393	71.0000	70.0500
82.5996	394	72.0000	69.9000
82.8092	395	71.0000	69.7500
83.0189	396	70.0000	69.6000
83.2285	397	70.0000	69.4500
83.4382	398	71.0000	69.3000
83.6478	399	70.0000	69.1500
83.8574	400	69.0000	69.0000
84.0671	401	70.0000	69.0000
84.2767	402	71.0000	69.0000
84.4864	403	72.0000	69.0000
84.6960	404	70.0000	69.0000
84.9057	405	70.0000	69.0000
85.1153	406	70.0000	69.0000
85.3249	407	71.0000	69.0000
85.5346	408	71.0000	69.0000
85.7442	409	70.0000	69.0000
85.9539	410	70.0000	69.0000
86.1635	411	71.0000	69.0000
86.3732	412	70.0000	69.0000
86.5828	413	70.0000	69.0000
86.7925	414	72.0000	69.0000
87.0021	415	71.0000	69.0000
87.2117	416	71.0000	69.0000
87.4214	417	70.0000	69.0000
87.6310	418	70.0000	69.0000
87.8407	419	70.0000	69.0000
88.0503	420	70.0000	69.0000
88.2600	421	71.0000	69.0000
88.4696	422	69.0000	69.0000
88.6792	423	72.0000	69.0417
88.8889	424	71.0000	69.0833
89.0985	425	71.0000	69.1250
89.3082	426	70.0000	69.1667
89.5178	427	71.0000	69.2083
89.7275	428	71.0000	69.2500
89.9371	429	71.0000	69.2917
90.1468	430	71.0000	69.3333
90.3564	431	70.0000	69.3750
90.5660	432	71.0000	69.4167
90.7757	433	70.0000	69.4583
90.9853	434	72.0000	69.5000
91.1950	435	71.0000	69.5417
91.4046	436	70.0000	69.5833
91.6143	437	71.0000	69.6250
91.8239	438	72.0000	69.6667
92.0335	439	70.0000	69.7083
92.2432	440	71.0000	69.7500
92.4528	441	71.0000	69.7917
92.6625	442	71.0000	69.8333
92.8721	443	71.0000	69.8750
93.0818	444	71.0000	69.9167
93.2914	445	71.0000	69.9583
93.5010	446	72.0000	70.0000
93.7107	447	72.0000	70.0417
93.9203	448	71.0000	70.0833
94.1300	449	71.0000	70.1250
94.3396	450	71.0000	70.1667
94.5493	451	72.0000	70.2083
94.7589	452	71.0000	70.2500
94.9686	453	71.0000	70.2917
95.1782	454	72.0000	70.3333
95.3878	455	71.0000	70.3750
95.5975	456	72.0000	70.4167
95.8071	457	70.0000	70.4583
96.0168	458	72.0000	70.5000
96.2264	459	72.0000	70.5417
96.4361	460	72.0000	70.5833
96.6457	461	71.0000	70.6250
96.8553	462	72.0000	70.6667
97.0650	463	71.0000	70.7083
97.2746	464	72.0000	70.7500
97.4843	465	72.0000	70.7917
97.6939	466	72.0000	70.8333
97.9036	467	72.0000	70.8750
98.1132	468	72.0000	70.9167
98.3229	469	72.0000	70.9583
98.5325	470	71.0000	71.0000
98.7421	471	72.0000	71.1429
98.9518	472	72.0000	71.2857
99.1614	473	72.0000	71.4286
99.3711	474	72.0000	71.5714
99.5807	475	72.0000	71.7143
99.7904	476	72.0000	71.8571
100.0000	477	72.0000	72.0000
