---------- 1: r2_g1 ----------
Offset(%)	Offset(pix)	Profile	Background
0.0000	0	65.0000	65.0000
0.3759	1	66.0000	64.5000
0.7519	2	65.0000	64.0000
1.1278	3	63.0000	63.5000
1.5038	4	66.0000	63.0000
1.8797	5	66.0000	62.5000
2.2556	6	63.0000	62.0000
2.6316	7	63.0000	61.5000
3.0075	8	61.0000	61.0000
3.3835	9	64.0000	61.1149
3.7594	10	70.0000	61.2299
4.1353	11	77.0000	61.3448
4.5113	12	69.0000	61.4598
4.8872	13	65.0000	61.5747
5.2632	14	64.0000	61.6897
5.6391	15	68.0000	61.8046
6.0150	16	73.0000	61.9195
6.3910	17	76.0000	62.0345
6.7669	18	73.0000	62.1494
7.1429	19	70.0000	62.2644
7.5188	20	70.0000	62.3793
7.8947	21	70.0000	62.4943
8.2707	22	70.0000	62.6092
8.6466	23	71.0000	62.7241
9.0226	24	70.0000	62.8391
9.3985	25	68.0000	62.9540
9.7744	26	69.0000	63.0690
10.1504	27	69.0000	63.1839
10.5263	28	70.0000	63.2989
10.9023	29	70.0000	63.4138
11.2782	30	72.0000	63.5287
11.6541	31	71.0000	63.6437
12.0301	32	71.0000	63.7586
12.4060	33	73.0000	63.8736
12.7820	34	71.0000	63.9885
13.1579	35	72.0000	64.1034
13.5338	36	73.0000	64.2184
13.9098	37	75.0000	64.3333
14.2857	38	76.0000	64.4483
14.6617	39	78.0000	64.5632
15.0376	40	78.0000	64.6782
15.4135	41	81.0000	64.7931
15.7895	42	86.0000	64.9080
16.1654	43	91.0000	65.0230
16.5414	44	94.0000	65.1379
16.9173	45	104.0000	65.2529
17.2932	46	112.0000	65.3678
17.6692	47	111.0000	65.4828
18.0451	48	108.0000	65.5977
18.4211	49	105.0000	65.7126
18.7970	50	104.0000	65.8276
19.1729	51	100.0000	65.9425
19.5489	52	95.0000	66.0575
19.9248	53	94.0000	66.1724
20.3008	54	88.0000	66.2874
20.6767	55	91.0000	66.4023
21.0526	56	86.0000	66.5172
21.4286	57	84.0000	66.6322
21.8045	58	81.0000	66.7471
22.1805	59	79.0000	66.8621
22.5564	60	80.0000	66.9770
22.9323	61	80.0000	67.0920
23.3083	62	78.0000	67.2069
23.6842	63	78.0000	67.3218
24.0602	64	75.0000	67.4368
24.4361	65	77.0000	67.5517
24.8120	66	78.0000	67.6667
25.1880	67	76.0000	67.7816
25.5639	68	74.0000	67.8966
25.9398	69	76.0000	68.0115
26.3158	70	74.0000	68.1264
26.6917	71	74.0000	68.2414
27.0677	72	73.0000	68.3563
27.4436	73	72.0000	68.4713
27.8195	74	73.0000	68.5862
28.1955	75	73.0000	68.7011
28.5714	76	72.0000	68.8161
28.9474	77	73.0000	68.9310
29.3233	78	71.0000	69.0460
29.6992	79	71.0000	69.1609
30.0752	80	70.0000	69.2759
30.4511	81	71.0000	69.3908
30.8271	82	69.0000	69.5057
31.2030	83	70.0000	69.6207
31.5789	84	69.0000	69.7356
31.9549	85	70.0000	69.8506
32.3308	86	70.0000	69.9655
32.7068	87	69.0000	70.0805
33.0827	88	71.0000	70.1954
33.4586	89	70.0000	70.3103
33.8346	90	70.0000	70.4253
34.2105	91	70.0000	70.5402
34.5865	92	70.0000	70.6552
34.9624	93	69.0000	70.7701
35.3383	94	69.0000	70.8851
35.7143	95	71.0000	71.0000
36.0902	96	69.0000	71.0400
36.4662	97	71.0000	71.0800
36.8421	98	69.0000	71.1200
37.2180	99	70.0000	71.1600
37.5940	100	72.0000	71.2000
37.9699	101	71.0000	71.2400
38.3459	102	69.0000	71.2800
38.7218	103	70.0000	71.3200
39.0977	104	73.0000	71.3600
39.4737	105	72.0000	71.4000
39.8496	106	71.0000	71.4400
40.2256	107	72.0000	71.4800
40.6015	108	71.0000	71.5200
40.9774	109	71.0000	71.5600
41.3534	110	72.0000	71.6000
41.7293	111	72.0000	71.6400
42.1053	112	71.0000	71.6800
42.4812	113	72.0000	71.7200
42.8571	114	73.0000	71.7600
43.2331	115	74.0000	71.8000
43.6090	116	73.0000	71.8400
43.9850	117	72.0000	71.8800
44.3609	118	71.0000	71.9200
44.7368	119	72.0000	71.9600
45.1128	120	72.0000	72.0000
45.4887	121	74.0000	72.0769
45.8647	122	72.0000	72.1538
46.2406	123	71.0000	72.2308
46.6165	124	73.0000	72.3077
46.9925	125	73.0000	72.3846
47.3684	126	72.0000	72.4615
47.7444	127	73.0000	72.5385
48.1203	128	74.0000	72.6154
48.4962	129	75.0000	72.6923
48.8722	130	74.0000	72.7692
49.2481	131	73.0000	72.8462
49.6241	132	74.0000	72.9231
50.0000	133	74.0000	73.0000
50.3759	134	75.0000	73.0769
50.7519	135	75.0000	73.1538
51.1278	136	75.0000	73.2308
51.5038	137	74.0000	73.3077
51.8797	138	75.0000	73.3846
52.2556	139	75.0000	73.4615
52.6316	140	77.0000	73.5385
53.0075	141	75.0000	73.6154
53.3835	142	74.0000	73.6923
53.7594	143	75.0000	73.7692
54.1353	144	75.0000	73.8462
54.5113	145	75.0000	73.9231
54.8872	146	74.0000	74.0000
55.2632	147	75.0000	74.0088
55.6391	148	76.0000	74.0175
56.0150	149	78.0000	74.0263
56.3910	150	75.0000	74.0351
56.7669	151	76.0000	74.0439
57.1429	152	77.0000	74.0526
57.5188	153	77.0000	74.0614
57.8947	154	77.0000	74.0702
58.2707	155	76.0000	74.0789
58.6466	156	76.0000	74.0877
59.0226	157	78.0000	74.0965
59.3985	158	76.0000	74.1053
59.7744	159	77.0000	74.1140
60.1504	160	76.0000	74.1228
60.5263	161	77.0000	74.1316
60.9023	162	77.0000	74.1404
61.2782	163	78.0000	74.1491
61.6541	164	78.0000	74.1579
62.0301	165	79.0000	74.1667
62.4060	166	79.0000	74.1754
62.7820	167	78.0000	74.1842
63.1579	168	78.0000	74.1930
63.5338	169	81.0000	74.2018
63.9098	170	78.0000	74.2105
64.2857	171	79.0000	74.2193
64.6617	172	81.0000	74.2281
65.0376	173	80.0000	74.2368
65.4135	174	80.0000	74.2456
65.7895	175	79.0000	74.2544
66.1654	176	79.0000	74.2632
66.5414	177	80.0000	74.2719
66.9173	178	82.0000	74.2807
67.2932	179	79.0000	74.2895
67.6692	180	81.0000	74.2982
68.0451	181	80.0000	74.3070
68.4211	182	84.0000	74.3158
68.7970	183	83.0000	74.3246
69.1729	184	83.0000	74.3333
69.5489	185	82.0000	74.3421
69.9248	186	81.0000	74.3509
70.3008	187	82.0000	74.3596
70.6767	188	84.0000	74.3684
71.0526	189	82.0000	74.3772
71.4286	190	82.0000	74.3860
71.8045	191	83.0000	74.3947
72.1805	192	84.0000	74.4035
72.5564	193	82.0000	74.4123
72.9323	194	85.0000	74.4211
73.3083	195	86.0000	74.4298
73.6842	196	85.0000	74.4386
74.0602	197	85.0000	74.4474
74.4361	198	84.0000	74.4561
74.8120	199	86.0000	74.4649
75.1880	200	87.0000	74.4737
75.5639	201	90.0000	74.4825
75.9398	202	87.0000	74.4912
76.3158	203	90.0000	74.5000
76.6917	204	87.0000	74.5088
77.0677	205	89.0000	74.5175
77.4436	206	90.0000	74.5263
77.8195	207	86.0000	74.5351
78.1955	208	90.0000	74.5439
78.5714	209	88.0000	74.5526
78.9474	210	91.0000	74.5614
79.3233	211	90.0000	74.5702
79.6992	212	91.0000	74.5789
80.0752	213	92.0000	74.5877
80.4511	214	88.0000	74.5965
80.8271	215	92.0000	74.6053
81.2030	216	87.0000	74.6140
81.5789	217	88.0000	74.6228
81.9549	218	90.0000	74.6316
82.3308	219	88.0000	74.6404
82.7068	220	95.0000	74.6491
83.0827	221	91.0000	74.6579
83.4586	222	91.0000	74.6667
83.8346	223	91.0000	74.6754
84.2105	224	89.0000	74.6842
84.5865	225	90.0000	74.6930
84.9624	226	89.0000	74.7018
85.3383	227	91.0000	74.7105
85.7143	228	88.0000	74.7193
86.0902	229	89.0000	74.7281
86.4662	230	88.0000	74.7368
86.8421	231	86.0000	74.7456
87.2180	232	86.0000	74.7544
87.5940	233	89.0000	74.7632
87.9699	234	88.0000	74.7719
88.3459	235	87.0000	74.7807
88.7218	236	86.0000	74.7895
89.0977	237	83.0000	74.7982
89.4737	238	87.0000	74.8070
89.8496	239	83.0000	74.8158
90.2256	240	82.0000	74.8246
90.6015	241	82.0000	74.8333
90.9774	242	82.0000	74.8421
91.3534	243	83.0000	74.8509
91.7293	244	79.0000	74.8596
92.1053	245	81.0000	74.8684
92.4812	246	80.0000	74.8772
92.8571	247	78.0000	74.8860
93.2331	248	78.0000	74.8947
93.6090	249	76.0000	74.9035
93.9850	250	79.0000	74.9123
94.3609	251	77.0000	74.9211
94.7368	252	75.0000	74.9298
95.1128	253	77.0000	74.9386
95.4887	254	76.0000	74.9474
95.8647	255	76.0000	74.9561
96.2406	256	74.0000	74.9649
96.6165	257	74.0000	74.9737
96.9925	258	76.0000	74.9825
97.3684	259	73.0000	74.9912
97.7444	260	75.0000	75.0000
98.1203	261	73.0000	73.0000
98.4962	262	73.0000	73.2000
98.8722	263	75.0000	73.4000
99.2481	264	74.0000	73.6000
99.6241	265	75.0000	73.8000
100.0000	266	74.0000	74.0000
---------- 2: r2_g2 ----------
Offset(%)	Offset(pix)	Profile	Background
0.0000	0	65.0000	65.0000
0.3759	1	64.0000	64.8000
0.7519	2	61.0000	64.6000
1.1278	3	62.0000	64.4000
1.5038	4	65.0000	64.2000
1.8797	5	64.0000	64.0000
2.2556	6	63.0000	64.0800
2.6316	7	61.0000	64.1600
3.0075	8	61.0000	64.2400
3.3835	9	62.0000	64.3200
3.7594	10	66.0000	64.4000
4.1353	11	67.0000	64.4800
4.5113	12	66.0000	64.5600
4.8872	13	64.0000	64.6400
5.2632	14	64.0000	64.7200
5.6391	15	66.0000	64.8000
6.0150	16	67.0000	64.8800
6.3910	17	66.0000	64.9600
6.7669	18	67.0000	65.0400
7.1429	19	66.0000	65.1200
7.5188	20	66.0000	65.2000
7.8947	21	65.0000	65.2800
8.2707	22	65.0000	65.3600
8.6466	23	65.0000	65.4400
9.0226	24	66.0000	65.5200
9.3985	25	66.0000	65.6000
9.7744	26	64.0000	65.6800
10.1504	27	64.0000	65.7600
10.5263	28	65.0000	65.8400
10.9023	29	68.0000	65.9200
11.2782	30	66.0000	66.0000
11.6541	31	67.0000	66.1250
12.0301	32	67.0000	66.2500
12.4060	33	68.0000	66.3750
12.7820	34	67.0000	66.5000
13.1579	35	67.0000	66.6250
13.5338	36	67.0000	66.7500
13.9098	37	67.0000	66.8750
14.2857	38	68.0000	67.0000
14.6617	39	69.0000	67.1250
15.0376	40	68.0000	67.2500
15.4135	41	68.0000	67.3750
15.7895	42	70.0000	67.5000
16.1654	43	70.0000	67.6250
16.5414	44	70.0000	67.7500
16.9173	45	72.0000	67.8750
17.2932	46	72.0000	68.0000
17.6692	47	71.0000	68.1250
18.0451	48	75.0000	68.2500
18.4211	49	74.0000	68.3750
18.7970	50	77.0000	68.5000
19.1729	51	77.0000	68.6250
19.5489	52	79.0000	68.7500
19.9248	53	80.0000	68.8750
20.3008	54	82.0000	69.0000
20.6767	55	78.0000	69.1250
21.0526	56	81.0000	69.2500
21.4286	57	81.0000	69.3750
21.8045	58	81.0000	69.5000
22.1805	59	82.0000	69.6250
22.5564	60	83.0000	69.7500
22.9323	61	79.0000	69.8750
23.3083	62	83.0000	70.0000
23.6842	63	79.0000	70.1250
24.0602	64	81.0000	70.2500
24.4361	65	81.0000	70.3750
24.8120	66	80.0000	70.5000
25.1880	67	80.0000	70.6250
25.5639	68	79.0000	70.7500
25.9398	69	79.0000	70.8750
26.3158	70	79.0000	71.0000
26.6917	71	80.0000	71.1250
27.0677	72	81.0000	71.2500
27.4436	73	78.0000	71.3750
27.8195	74	79.0000	71.5000
28.1955	75	79.0000	71.6250
28.5714	76	79.0000	71.7500
28.9474	77	79.0000	71.8750
29.3233	78	79.0000	72.0000
29.6992	79	77.0000	72.1250
30.0752	80	79.0000	72.2500
30.4511	81	77.0000	72.3750
30.8271	82	77.0000	72.5000
31.2030	83	78.0000	72.6250
31.5789	84	78.0000	72.7500
31.9549	85	79.0000	72.8750
32.3308	86	76.0000	73.0000
32.7068	87	78.0000	73.1250
33.0827	88	76.0000	73.2500
33.4586	89	77.0000	73.3750
33.8346	90	78.0000	73.5000
34.2105	91	78.0000	73.6250
34.5865	92	77.0000	73.7500
34.9624	93	79.0000	73.8750
35.3383	94	77.0000	74.0000
35.7143	95	79.0000	74.1250
36.0902	96	78.0000	74.2500
36.4662	97	80.0000	74.3750
36.8421	98	76.0000	74.5000
37.2180	99	78.0000	74.6250
37.5940	100	75.0000	74.7500
37.9699	101	77.0000	74.8750
38.3459	102	78.0000	75.0000
38.7218	103	79.0000	75.1250
39.0977	104	77.0000	75.2500
39.4737	105	77.0000	75.3750
39.8496	106	81.0000	75.5000
40.2256	107	77.0000	75.6250
40.6015	108	81.0000	75.7500
40.9774	109	78.0000	75.8750
41.3534	110	79.0000	76.0000
41.7293	111	80.0000	76.1250
42.1053	112	79.0000	76.2500
42.4812	113	79.0000	76.3750
42.8571	114	79.0000	76.5000
43.2331	115	80.0000	76.6250
43.6090	116	80.0000	76.7500
43.9850	117	80.0000	76.8750
44.3609	118	78.0000	77.0000
44.7368	119	78.0000	77.1250
45.1128	120	79.0000	77.2500
45.4887	121	80.0000	77.3750
45.8647	122	80.0000	77.5000
46.2406	123	77.0000	77.6250
46.6165	124	80.0000	77.7500
46.9925	125	80.0000	77.8750
47.3684	126	80.0000	78.0000
47.7444	127	80.0000	78.1250
48.1203	128	79.0000	78.2500
48.4962	129	81.0000	78.3750
48.8722	130	80.0000	78.5000
49.2481	131	82.0000	78.6250
49.6241	132	79.0000	78.7500
50.0000	133	80.0000	78.8750
50.3759	134	81.0000	79.0000
50.7519	135	83.0000	79.1250
51.1278	136	81.0000	79.2500
51.5038	137	80.0000	79.3750
51.8797	138	83.0000	79.5000
52.2556	139	83.0000	79.6250
52.6316	140	83.0000	79.7500
53.0075	141	81.0000	79.8750
53.3835	142	80.0000	80.0000
53.7594	143	82.0000	80.1250
54.1353	144	83.0000	80.2500
54.5113	145	84.0000	80.3750
54.8872	146	83.0000	80.5000
55.2632	147	82.0000	80.6250
55.6391	148	83.0000	80.7500
56.0150	149	85.0000	80.8750
56.3910	150	81.0000	81.0000
56.7669	151	81.0000	81.0851
57.1429	152	82.0000	81.1702
57.5188	153	82.0000	81.2553
57.8947	154	84.0000	81.3404
58.2707	155	84.0000	81.4255
58.6466	156	83.0000	81.5106
59.0226	157	85.0000	81.5957
59.3985	158	82.0000	81.6809
59.7744	159	84.0000	81.7660
60.1504	160	85.0000	81.8511
60.5263	161	82.0000	81.9362
60.9023	162	83.0000	82.0213
61.2782	163	85.0000	82.1064
61.6541	164	85.0000	82.1915
62.0301	165	84.0000	82.2766
62.4060	166	85.0000	82.3617
62.7820	167	82.0000	82.4468
63.1579	168	85.0000	82.5319
63.5338	169	87.0000	82.6170
63.9098	170	86.0000	82.7021
64.2857	171	85.0000	82.7872
64.6617	172	86.0000	82.8723
65.0376	173	86.0000	82.9574
65.4135	174	88.0000	83.0426
65.7895	175	86.0000	83.1277
66.1654	176	88.0000	83.2128
66.5414	177	89.0000	83.2979
66.9173	178	88.0000	83.3830
67.2932	179	89.0000	83.4681
67.6692	180	86.0000	83.5532
68.0451	181	88.0000	83.6383
68.4211	182	88.0000	83.7234
68.7970	183	88.0000	83.8085
69.1729	184	87.0000	83.8936
69.5489	185	88.0000	83.9787
69.9248	186	87.0000	84.0638
70.3008	187	87.0000	84.1489
70.6767	188	87.0000	84.2340
71.0526	189	86.0000	84.3192
71.4286	190	86.0000	84.4043
71.8045	191	86.0000	84.4894
72.1805	192	87.0000	84.5745
72.5564	193	85.0000	84.6596
72.9323	194	87.0000	84.7447
73.3083	195	85.0000	84.8298
73.6842	196	85.0000	84.9149
74.0602	197	85.0000	85.0000
74.4361	198	86.0000	84.7736
74.8120	199	85.0000	84.5472
75.1880	200	85.0000	84.3208
75.5639	201	86.0000	84.0943
75.9398	202	85.0000	83.8679
76.3158	203	86.0000	83.6415
76.6917	204	85.0000	83.4151
77.0677	205	85.0000	83.1887
77.4436	206	82.0000	82.9623
77.8195	207	83.0000	82.7358
78.1955	208	83.0000	82.5094
78.5714	209	81.0000	82.2830
78.9474	210	81.0000	82.0566
79.3233	211	81.0000	81.8302
79.6992	212	81.0000	81.6038
80.0752	213	81.0000	81.3774
80.4511	214	79.0000	81.1509
80.8271	215	78.0000	80.9245
81.2030	216	79.0000	80.6981
81.5789	217	80.0000	80.4717
81.9549	218	80.0000	80.2453
82.3308	219	78.0000	80.0189
82.7068	220	77.0000	79.7924
83.0827	221	77.0000	79.5660
83.4586	222	77.0000	79.3396
83.8346	223	76.0000	79.1132
84.2105	224	76.0000	78.8868
84.5865	225	75.0000	78.6604
84.9624	226	77.0000	78.4340
85.3383	227	77.0000	78.2076
85.7143	228	75.0000	77.9811
86.0902	229	73.0000	77.7547
86.4662	230	74.0000	77.5283
86.8421	231	74.0000	77.3019
87.2180	232	74.0000	77.0755
87.5940	233	74.0000	76.8491
87.9699	234	73.0000	76.6226
88.3459	235	74.0000	76.3962
88.7218	236	73.0000	76.1698
89.0977	237	74.0000	75.9434
89.4737	238	74.0000	75.7170
89.8496	239	73.0000	75.4906
90.2256	240	71.0000	75.2642
90.6015	241	74.0000	75.0377
90.9774	242	72.0000	74.8113
91.3534	243	71.0000	74.5849
91.7293	244	73.0000	74.3585
92.1053	245	73.0000	74.1321
92.4812	246	72.0000	73.9057
92.8571	247	73.0000	73.6792
93.2331	248	72.0000	73.4528
93.6090	249	72.0000	73.2264
93.9850	250	73.0000	73.0000
94.3609	251	74.0000	72.9091
94.7368	252	71.0000	72.8182
95.1128	253	73.0000	72.7273
95.4887	254	72.0000	72.6364
95.8647	255	72.0000	72.5455
96.2406	256	72.0000	72.4545
96.6165	257	75.0000	72.3636
96.9925	258	71.0000	72.2727
97.3684	259	72.0000	72.1818
97.7444	260	71.0000	72.0909
98.1203	261	72.0000	72.0000
98.4962	262	72.0000	72.4000
98.8722	263	73.0000	72.8000
99.2481	264	73.0000	73.2000
99.6241	265	73.0000	73.6000
100.0000	266	74.0000	74.0000
---------- 3: r2_g3 ----------
Offset(%)	Offset(pix)	Profile	Background
0.0000	0	64.0000	64.0000
0.3759	1	65.0000	63.5000
0.7519	2	61.0000	63.0000
1.1278	3	61.0000	62.5000
1.5038	4	65.0000	62.0000
1.8797	5	64.0000	61.5000
2.2556	6	65.0000	61.0000
2.6316	7	62.0000	60.5000
3.0075	8	60.0000	60.0000
3.3835	9	62.0000	60.2000
3.7594	10	65.0000	60.4000
4.1353	11	72.0000	60.6000
4.5113	12	66.0000	60.8000
4.8872	13	65.0000	61.0000
5.2632	14	64.0000	61.2000
5.6391	15	66.0000	61.4000
6.0150	16	67.0000	61.6000
6.3910	17	67.0000	61.8000
6.7669	18	66.0000	62.0000
7.1429	19	66.0000	62.2000
7.5188	20	66.0000	62.4000
7.8947	21	66.0000	62.6000
8.2707	22	65.0000	62.8000
8.6466	23	65.0000	63.0000
9.0226	24	64.0000	63.2000
9.3985	25	66.0000	63.4000
9.7744	26	67.0000	63.6000
10.1504	27	64.0000	63.8000
10.5263	28	65.0000	64.0000
10.9023	29	65.0000	64.2000
11.2782	30	65.0000	64.4000
11.6541	31	65.0000	64.6000
12.0301	32	67.0000	64.8000
12.4060	33	65.0000	65.0000
12.7820	34	66.0000	65.2000
13.1579	35	66.0000	65.4000
13.5338	36	66.0000	65.6000
13.9098	37	66.0000	65.8000
14.2857	38	66.0000	66.0000
14.6617	39	67.0000	66.2000
15.0376	40	68.0000	66.4000
15.4135	41	68.0000	66.6000
15.7895	42	69.0000	66.8000
16.1654	43	69.0000	67.0000
16.5414	44	68.0000	67.2000
16.9173	45	71.0000	67.4000
17.2932	46	71.0000	67.6000
17.6692	47	71.0000	67.8000
18.0451	48	74.0000	68.0000
18.4211	49	75.0000	68.2000
18.7970	50	76.0000	68.4000
19.1729	51	76.0000	68.6000
19.5489	52	75.0000	68.8000
19.9248	53	77.0000	69.0000
20.3008	54	78.0000	69.2000
20.6767	55	80.0000	69.4000
21.0526	56	79.0000	69.6000
21.4286	57	79.0000	69.8000
21.8045	58	77.0000	70.0000
22.1805	59	78.0000	70.2000
22.5564	60	78.0000	70.4000
22.9323	61	80.0000	70.6000
23.3083	62	78.0000	70.8000
23.6842	63	79.0000	71.0000
24.0602	64	82.0000	71.2000
24.4361	65	80.0000	71.4000
24.8120	66	77.0000	71.6000
25.1880	67	80.0000	71.8000
25.5639	68	80.0000	72.0000
25.9398	69	80.0000	72.2000
26.3158	70	79.0000	72.4000
26.6917	71	79.0000	72.6000
27.0677	72	78.0000	72.8000
27.4436	73	77.0000	73.0000
27.8195	74	78.0000	73.2000
28.1955	75	77.0000	73.4000
28.5714	76	76.0000	73.6000
28.9474	77	77.0000	73.8000
29.3233	78	76.0000	74.0000
29.6992	79	77.0000	74.2000
30.0752	80	78.0000	74.4000
30.4511	81	75.0000	74.6000
30.8271	82	77.0000	74.8000
31.2030	83	75.0000	75.0000
31.5789	84	76.0000	75.2000
31.9549	85	76.0000	75.4000
32.3308	86	74.0000	75.6000
32.7068	87	76.0000	75.8000
33.0827	88	76.0000	76.0000
33.4586	89	75.0000	76.2000
33.8346	90	75.0000	76.4000
34.2105	91	74.0000	76.6000
34.5865	92	76.0000	76.8000
34.9624	93	77.0000	77.0000
35.3383	94	76.0000	76.9630
35.7143	95	76.0000	76.9259
36.0902	96	74.0000	76.8889
36.4662	97	77.0000	76.8519
36.8421	98	77.0000	76.8148
37.2180	99	78.0000	76.7778
37.5940	100	76.0000	76.7407
37.9699	101	76.0000	76.7037
38.3459	102	76.0000	76.6667
38.7218	103	77.0000	76.6296
39.0977	104	75.0000	76.5926
39.4737	105	79.0000	76.5556
39.8496	106	75.0000	76.5185
40.2256	107	77.0000	76.4815
40.6015	108	78.0000	76.4444
40.9774	109	77.0000	76.4074
41.3534	110	77.0000	76.3704
41.7293	111	78.0000	76.3333
42.1053	112	77.0000	76.2963
42.4812	113	78.0000	76.2593
42.8571	114	79.0000	76.2222
43.2331	115	77.0000	76.1852
43.6090	116	77.0000	76.1481
43.9850	117	79.0000	76.1111
44.3609	118	80.0000	76.0741
44.7368	119	79.0000	76.0370
45.1128	120	76.0000	76.0000
45.4887	121	79.0000	76.1622
45.8647	122	80.0000	76.3243
46.2406	123	77.0000	76.4865
46.6165	124	77.0000	76.6487
46.9925	125	81.0000	76.8108
47.3684	126	79.0000	76.9730
47.7444	127	79.0000	77.1351
48.1203	128	78.0000	77.2973
48.4962	129	78.0000	77.4595
48.8722	130	79.0000	77.6216
49.2481	131	80.0000	77.7838
49.6241	132	80.0000	77.9459
50.0000	133	80.0000	78.1081
50.3759	134	80.0000	78.2703
50.7519	135	78.0000	78.4324
51.1278	136	79.0000	78.5946
51.5038	137	82.0000	78.7568
51.8797	138	80.0000	78.9189
52.2556	139	80.0000	79.0811
52.6316	140	80.0000	79.2432
53.0075	141	81.0000	79.4054
53.3835	142	81.0000	79.5676
53.7594	143	82.0000	79.7297
54.1353	144	82.0000	79.8919
54.5113	145	81.0000	80.0541
54.8872	146	83.0000	80.2162
55.2632	147	81.0000	80.3784
55.6391	148	81.0000	80.5405
56.0150	149	79.0000	80.7027
56.3910	150	82.0000	80.8649
56.7669	151	81.0000	81.0270
57.1429	152	83.0000	81.1892
57.5188	153	81.0000	81.3513
57.8947	154	82.0000	81.5135
58.2707	155	81.0000	81.6757
58.6466	156	80.0000	81.8378
59.0226	157	82.0000	82.0000
59.3985	158	81.0000	81.9333
59.7744	159	83.0000	81.8667
60.1504	160	82.0000	81.8000
60.5263	161	82.0000	81.7333
60.9023	162	82.0000	81.6667
61.2782	163	80.0000	81.6000
61.6541	164	83.0000	81.5333
62.0301	165	79.0000	81.4667
62.4060	166	82.0000	81.4000
62.7820	167	83.0000	81.3333
63.1579	168	81.0000	81.2667
63.5338	169	81.0000	81.2000
63.9098	170	84.0000	81.1333
64.2857	171	83.0000	81.0667
64.6617	172	83.0000	81.0000
65.0376	173	83.0000	80.9333
65.4135	174	83.0000	80.8667
65.7895	175	86.0000	80.8000
66.1654	176	88.0000	80.7333
66.5414	177	85.0000	80.6667
66.9173	178	84.0000	80.6000
67.2932	179	87.0000	80.5333
67.6692	180	88.0000	80.4667
68.0451	181	88.0000	80.4000
68.4211	182	87.0000	80.3333
68.7970	183	88.0000	80.2667
69.1729	184	88.0000	80.2000
69.5489	185	88.0000	80.1333
69.9248	186	86.0000	80.0667
70.3008	187	84.0000	80.0000
70.6767	188	84.0000	79.9333
71.0526	189	86.0000	79.8667
71.4286	190	84.0000	79.8000
71.8045	191	84.0000	79.7333
72.1805	192	82.0000	79.6667
72.5564	193	83.0000	79.6000
72.9323	194	84.0000	79.5333
73.3083	195	83.0000	79.4667
73.6842	196	82.0000	79.4000
74.0602	197	83.0000	79.3333
74.4361	198	83.0000	79.2667
74.8120	199	83.0000	79.2000
75.1880	200	82.0000	79.1333
75.5639	201	81.0000	79.0667
75.9398	202	79.0000	79.0000
76.3158	203	79.0000	78.8000
76.6917	204	79.0000	78.6000
77.0677	205	79.0000	78.4000
77.4436	206	79.0000	78.2000
77.8195	207	77.0000	78.0000
78.1955	208	76.0000	77.8000
78.5714	209	80.0000	77.6000
78.9474	210	78.0000	77.4000
79.3233	211	77.0000	77.2000
79.6992	212	76.0000	77.0000
80.0752	213	77.0000	76.8000
80.4511	214	77.0000	76.6000
80.8271	215	76.0000	76.4000
81.2030	216	76.0000	76.2000
81.5789	217	75.0000	76.0000
81.9549	218	76.0000	75.8000
82.3308	219	77.0000	75.6000
82.7068	220	75.0000	75.4000
83.0827	221	74.0000	75.2000
83.4586	222	76.0000	75.0000
83.8346	223	76.0000	74.8000
84.2105	224	73.0000	74.6000
84.5865	225	75.0000	74.4000
84.9624	226	73.0000	74.2000
85.3383	227	74.0000	74.0000
85.7143	228	74.0000	73.8333
86.0902	229	74.0000	73.6667
86.4662	230	75.0000	73.5000
86.8421	231	73.0000	73.3333
87.2180	232	72.0000	73.1667
87.5940	233	73.0000	73.0000
87.9699	234	74.0000	72.8333
88.3459	235	73.0000	72.6667
88.7218	236	74.0000	72.5000
89.0977	237	72.0000	72.3333
89.4737	238	72.0000	72.1667
89.8496	239	72.0000	72.0000
90.2256	240	73.0000	71.8333
90.6015	241	72.0000	71.6667
90.9774	242	73.0000	71.5000
91.3534	243	73.0000	71.3333
91.7293	244	73.0000	71.1667
92.1053	245	71.0000	71.0000
92.4812	246	73.0000	71.0556
92.8571	247	72.0000	71.1111
93.2331	248	73.0000	71.1667
93.6090	249	73.0000	71.2222
93.9850	250	72.0000	71.2778
94.3609	251	74.0000	71.3333
94.7368	252	73.0000	71.3889
95.1128	253	73.0000	71.4444
95.4887	254	72.0000	71.5000
95.8647	255	72.0000	71.5556
96.2406	256	72.0000	71.6111
96.6165	257	73.0000	71.6667
96.9925	258	73.0000	71.7222
97.3684	259	73.0000	71.7778
97.7444	260	74.0000	71.8333
98.1203	261	73.0000	71.8889
98.4962	262	74.0000	71.9444
98.8722	263	72.0000	72.0000
99.2481	264	73.0000	72.3333
99.6241	265	74.0000	72.6667
100.0000	266	73.0000	73.0000
---------- 4: r2_g4 ----------
Offset(%)	Offset(pix)	Profile	Background
0.0000	0	65.0000	65.0000
0.3759	1	62.0000	65.0000
0.7519	2	61.0000	65.0000
1.1278	3	61.0000	65.0000
1.5038	4	65.0000	65.0000
1.8797	5	64.0000	65.0000
2.2556	6	64.0000	65.0000
2.6316	7	62.0000	65.0000
3.0075	8	61.0000	65.0000
3.3835	9	62.0000	65.0000
3.7594	10	67.0000	65.0000
4.1353	11	76.0000	65.0000
4.5113	12	72.0000	65.0000
4.8872	13	65.0000	65.0000
5.2632	14	64.0000	65.0000
5.6391	15	65.0000	65.0000
6.0150	16	67.0000	65.0000
6.3910	17	68.0000	65.0000
6.7669	18	67.0000	65.0000
7.1429	19	65.0000	65.0000
7.5188	20	65.0000	65.0000
7.8947	21	66.0000	65.0000
8.2707	22	67.0000	65.0000
8.6466	23	66.0000	65.0000
9.0226	24	65.0000	65.0000
9.3985	25	66.0000	65.0000
9.7744	26	65.0000	65.0000
10.1504	27	66.0000	65.0000
10.5263	28	68.0000	65.0000
10.9023	29	67.0000	65.0000
11.2782	30	66.0000	65.0000
11.6541	31	66.0000	65.0000
12.0301	32	66.0000	65.0000
12.4060	33	67.0000	65.0000
12.7820	34	67.0000	65.0000
13.1579	35	66.0000	65.0000
13.5338	36	67.0000	65.0000
13.9098	37	68.0000	65.0000
14.2857	38	70.0000	65.0000
14.6617	39	68.0000	65.0000
15.0376	40	69.0000	65.0000
15.4135	41	71.0000	65.0000
15.7895	42	72.0000	65.0000
16.1654	43	76.0000	65.0000
16.5414	44	78.0000	65.0000
16.9173	45	79.0000	65.0000
17.2932	46	83.0000	65.0000
17.6692	47	84.0000	65.0000
18.0451	48	81.0000	65.0000
18.4211	49	82.0000	65.0000
18.7970	50	81.0000	65.0000
19.1729	51	79.0000	65.0000
19.5489	52	79.0000	65.0000
19.9248	53	77.0000	65.0000
20.3008	54	74.0000	65.0000
20.6767	55	74.0000	65.0000
21.0526	56	73.0000	65.0000
21.4286	57	74.0000	65.0000
21.8045	58	71.0000	65.0000
22.1805	59	70.0000	65.0000
22.5564	60	69.0000	65.0000
22.9323	61	70.0000	65.0000
23.3083	62	71.0000	65.0000
23.6842	63	70.0000	65.0000
24.0602	64	70.0000	65.0000
24.4361	65	70.0000	65.0000
24.8120	66	69.0000	65.0000
25.1880	67	70.0000	65.0000
25.5639	68	68.0000	65.0000
25.9398	69	68.0000	65.0000
26.3158	70	68.0000	65.0000
26.6917	71	71.0000	65.0000
27.0677	72	69.0000	65.0000
27.4436	73	69.0000	65.0000
27.8195	74	68.0000	65.0000
28.1955	75	68.0000	65.0000
28.5714	76	68.0000	65.0000
28.9474	77	68.0000	65.0000
29.3233	78	67.0000	65.0000
29.6992	79	67.0000	65.0000
30.0752	80	66.0000	65.0000
30.4511	81	67.0000	65.0000
30.8271	82	65.0000	65.0000
31.2030	83	65.0000	65.0000
31.5789	84	66.0000	65.0000
31.9549	85	66.0000	65.0000
32.3308	86	67.0000	65.0000
32.7068	87	66.0000	65.0000
33.0827	88	67.0000	65.0000
33.4586	89	66.0000	65.0000
33.8346	90	67.0000	65.0000
34.2105	91	65.0000	65.0000
34.5865	92	65.0000	65.1429
34.9624	93	66.0000	65.2857
35.3383	94	66.0000	65.4286
35.7143	95	67.0000	65.5714
36.0902	96	66.0000	65.7143
36.4662	97	66.0000	65.8571
36.8421	98	66.0000	66.0000
37.2180	99	67.0000	66.1429
37.5940	100	67.0000	66.2857
37.9699	101	67.0000	66.4286
38.3459	102	68.0000	66.5714
38.7218	103	68.0000	66.7143
39.0977	104	68.0000	66.8571
39.4737	105	68.0000	67.0000
39.8496	106	68.0000	67.1429
40.2256	107	68.0000	67.2857
40.6015	108	67.0000	67.4286
40.9774	109	69.0000	67.5714
41.3534	110	69.0000	67.7143
41.7293	111	68.0000	67.8571
42.1053	112	68.0000	68.0000
42.4812	113	68.0000	68.1429
42.8571	114	69.0000	68.2857
43.2331	115	69.0000	68.4286
43.6090	116	68.0000	68.5714
43.9850	117	70.0000	68.7143
44.3609	118	68.0000	68.8571
44.7368	119	69.0000	69.0000
45.1128	120	70.0000	69.0938
45.4887	121	69.0000	69.1875
45.8647	122	69.0000	69.2813
46.2406	123	69.0000	69.3750
46.6165	124	70.0000	69.4688
46.9925	125	68.0000	69.5625
47.3684	126	70.0000	69.6563
47.7444	127	71.0000	69.7500
48.1203	128	70.0000	69.8438
48.4962	129	71.0000	69.9375
48.8722	130	70.0000	70.0313
49.2481	131	69.0000	70.1250
49.6241	132	70.0000	70.2188
50.0000	133	71.0000	70.3125
50.3759	134	71.0000	70.4063
50.7519	135	69.0000	70.5000
51.1278	136	69.0000	70.5938
51.5038	137	71.0000	70.6875
51.8797	138	71.0000	70.7813
52.2556	139	71.0000	70.8750
52.6316	140	70.0000	70.9688
53.0075	141	70.0000	71.0625
53.3835	142	71.0000	71.1563
53.7594	143	71.0000	71.2500
54.1353	144	71.0000	71.3438
54.5113	145	71.0000	71.4375
54.8872	146	72.0000	71.5313
55.2632	147	71.0000	71.6250
55.6391	148	70.0000	71.7188
56.0150	149	74.0000	71.8125
56.3910	150	70.0000	71.9063
56.7669	151	72.0000	72.0000
57.1429	152	74.0000	72.0400
57.5188	153	74.0000	72.0800
57.8947	154	72.0000	72.1200
58.2707	155	71.0000	72.1600
58.6466	156	70.0000	72.2000
59.0226	157	72.0000	72.2400
59.3985	158	73.0000	72.2800
59.7744	159	74.0000	72.3200
60.1504	160	72.0000	72.3600
60.5263	161	73.0000	72.4000
60.9023	162	73.0000	72.4400
61.2782	163	72.0000	72.4800
61.6541	164	71.0000	72.5200
62.0301	165	73.0000	72.5600
62.4060	166	72.0000	72.6000
62.7820	167	73.0000	72.6400
63.1579	168	72.0000	72.6800
63.5338	169	72.0000	72.7200
63.9098	170	73.0000	72.7600
64.2857	171	73.0000	72.8000
64.6617	172	73.0000	72.8400
65.0376	173	73.0000	72.8800
65.4135	174	74.0000	72.9200
65.7895	175	73.0000	72.9600
66.1654	176	73.0000	73.0000
66.5414	177	73.0000	73.1111
66.9173	178	74.0000	73.2222
67.2932	179	74.0000	73.3333
67.6692	180	74.0000	73.4444
68.0451	181	76.0000	73.5556
68.4211	182	75.0000	73.6667
68.7970	183	76.0000	73.7778
69.1729	184	75.0000	73.8889
69.5489	185	75.0000	74.0000
69.9248	186	75.0000	74.1111
70.3008	187	77.0000	74.2222
70.6767	188	75.0000	74.3333
71.0526	189	76.0000	74.4444
71.4286	190	76.0000	74.5556
71.8045	191	76.0000	74.6667
72.1805	192	77.0000	74.7778
72.5564	193	76.0000	74.8889
72.9323	194	75.0000	75.0000
73.3083	195	74.0000	75.1111
73.6842	196	76.0000	75.2222
74.0602	197	77.0000	75.3333
74.4361	198	76.0000	75.4444
74.8120	199	76.0000	75.5556
75.1880	200	77.0000	75.6667
75.5639	201	77.0000	75.7778
75.9398	202	76.0000	75.8889
76.3158	203	76.0000	76.0000
76.6917	204	77.0000	76.1111
77.0677	205	77.0000	76.2222
77.4436	206	77.0000	76.3333
77.8195	207	77.0000	76.4444
78.1955	208	76.0000	76.5556
78.5714	209	76.0000	76.6667
78.9474	210	77.0000	76.7778
79.3233	211	77.0000	76.8889
79.6992	212	77.0000	77.0000
80.0752	213	77.0000	76.9362
80.4511	214	78.0000	76.8723
80.8271	215	77.0000	76.8085
81.2030	216	78.0000	76.7447
81.5789	217	78.0000	76.6809
81.9549	218	77.0000	76.6170
82.3308	219	79.0000	76.5532
82.7068	220	78.0000	76.4894
83.0827	221	78.0000	76.4255
83.4586	222	78.0000	76.3617
83.8346	223	77.0000	76.2979
84.2105	224	77.0000	76.2340
84.5865	225	77.0000	76.1702
84.9624	226	79.0000	76.1064
85.3383	227	78.0000	76.0426
85.7143	228	76.0000	75.9787
86.0902	229	78.0000	75.9149
86.4662	230	77.0000	75.8511
86.8421	231	77.0000	75.7872
87.2180	232	76.0000	75.7234
87.5940	233	77.0000	75.6596
87.9699	234	76.0000	75.5957
88.3459	235	77.0000	75.5319
88.7218	236	75.0000	75.4681
89.0977	237	76.0000	75.4043
89.4737	238	76.0000	75.3404
89.8496	239	75.0000	75.2766
90.2256	240	75.0000	75.2128
90.6015	241	76.0000	75.1489
90.9774	242	73.0000	75.0851
91.3534	243	75.0000	75.0213
91.7293	244	75.0000	74.9574
92.1053	245	74.0000	74.8936
92.4812	246	75.0000	74.8298
92.8571	247	75.0000	74.7660
93.2331	248	75.0000	74.7021
93.6090	249	73.0000	74.6383
93.9850	250	74.0000	74.5745
94.3609	251	74.0000	74.5106
94.7368	252	73.0000	74.4468
95.1128	253	75.0000	74.3830
95.4887	254	75.0000	74.3192
95.8647	255	73.0000	74.2553
96.2406	256	73.0000	74.1915
96.6165	257	72.0000	74.1277
96.9925	258	74.0000	74.0638
97.3684	259	74.0000	74.0000
97.7444	260	74.0000	73.3333
98.1203	261	74.0000	72.6667
98.4962	262	72.0000	72.0000
98.8722	263	74.0000	72.5000
99.2481	264	75.0000	73.0000
99.6241	265	75.0000	73.5000
100.0000	266	74.0000	74.0000
---------- 5: r2_g5 ----------
Offset(%)	Offset(pix)	Profile	Background
0.0000	0	66.0000	66.0000
0.3759	1	63.0000	65.1250
0.7519	2	60.0000	64.2500
1.1278	3	61.0000	63.3750
1.5038	4	64.0000	62.5000
1.8797	5	66.0000	61.6250
2.2556	6	63.0000	60.7500
2.6316	7	60.0000	59.8750
3.0075	8	59.0000	59.0000
3.3835	9	64.0000	59.2609
3.7594	10	68.0000	59.5217
4.1353	11	78.0000	59.7826
4.5113	12	76.0000	60.0435
4.8872	13	69.0000	60.3043
5.2632	14	66.0000	60.5652
5.6391	15	66.0000	60.8261
6.0150	16	66.0000	61.0870
6.3910	17	66.0000	61.3478
6.7669	18	66.0000	61.6087
7.1429	19	66.0000	61.8696
7.5188	20	64.0000	62.1304
7.8947	21	63.0000	62.3913
8.2707	22	64.0000	62.6522
8.6466	23	64.0000	62.9130
9.0226	24	64.0000	63.1739
9.3985	25	66.0000	63.4348
9.7744	26	64.0000	63.6957
10.1504	27	65.0000	63.9565
10.5263	28	66.0000	64.2174
10.9023	29	66.0000	64.4783
11.2782	30	67.0000	64.7391
11.6541	31	65.0000	65.0000
12.0301	32	66.0000	65.1132
12.4060	33	66.0000	65.2264
12.7820	34	67.0000	65.3396
13.1579	35	67.0000	65.4528
13.5338	36	68.0000	65.5660
13.9098	37	67.0000	65.6792
14.2857	38	68.0000	65.7924
14.6617	39	67.0000	65.9057
15.0376	40	67.0000	66.0189
15.4135	41	67.0000	66.1321
15.7895	42	69.0000	66.2453
16.1654	43	70.0000	66.3585
16.5414	44	69.0000	66.4717
16.9173	45	70.0000	66.5849
17.2932	46	70.0000	66.6981
17.6692	47	72.0000	66.8113
18.0451	48	75.0000	66.9245
18.4211	49	77.0000	67.0377
18.7970	50	74.0000	67.1509
19.1729	51	75.0000	67.2642
19.5489	52	79.0000	67.3774
19.9248	53	79.0000	67.4906
20.3008	54	77.0000	67.6038
20.6767	55	78.0000	67.7170
21.0526	56	78.0000	67.8302
21.4286	57	79.0000	67.9434
21.8045	58	76.0000	68.0566
22.1805	59	78.0000	68.1698
22.5564	60	76.0000	68.2830
22.9323	61	77.0000	68.3962
23.3083	62	77.0000	68.5094
23.6842	63	77.0000	68.6226
24.0602	64	76.0000	68.7358
24.4361	65	76.0000	68.8491
24.8120	66	76.0000	68.9623
25.1880	67	76.0000	69.0755
25.5639	68	76.0000	69.1887
25.9398	69	76.0000	69.3019
26.3158	70	74.0000	69.4151
26.6917	71	74.0000	69.5283
27.0677	72	75.0000	69.6415
27.4436	73	75.0000	69.7547
27.8195	74	74.0000	69.8679
28.1955	75	75.0000	69.9811
28.5714	76	74.0000	70.0943
28.9474	77	75.0000	70.2076
29.3233	78	75.0000	70.3208
29.6992	79	72.0000	70.4340
30.0752	80	73.0000	70.5472
30.4511	81	73.0000	70.6604
30.8271	82	74.0000	70.7736
31.2030	83	72.0000	70.8868
31.5789	84	71.0000	71.0000
31.9549	85	73.0000	70.6667
32.3308	86	72.0000	70.3333
32.7068	87	72.0000	70.0000
33.0827	88	71.0000	69.6667
33.4586	89	72.0000	69.3333
33.8346	90	69.0000	69.0000
34.2105	91	73.0000	69.1311
34.5865	92	75.0000	69.2623
34.9624	93	75.0000	69.3934
35.3383	94	71.0000	69.5246
35.7143	95	75.0000	69.6557
36.0902	96	73.0000	69.7869
36.4662	97	72.0000	69.9180
36.8421	98	72.0000	70.0492
37.2180	99	72.0000	70.1803
37.5940	100	73.0000	70.3115
37.9699	101	72.0000	70.4426
38.3459	102	75.0000	70.5738
38.7218	103	73.0000	70.7049
39.0977	104	74.0000	70.8361
39.4737	105	73.0000	70.9672
39.8496	106	73.0000	71.0984
40.2256	107	74.0000	71.2295
40.6015	108	74.0000	71.3607
40.9774	109	72.0000	71.4918
41.3534	110	74.0000	71.6229
41.7293	111	76.0000	71.7541
42.1053	112	74.0000	71.8852
42.4812	113	74.0000	72.0164
42.8571	114	75.0000	72.1475
43.2331	115	76.0000	72.2787
43.6090	116	75.0000	72.4098
43.9850	117	74.0000	72.5410
44.3609	118	73.0000	72.6721
44.7368	119	75.0000	72.8033
45.1128	120	76.0000	72.9344
45.4887	121	74.0000	73.0656
45.8647	122	76.0000	73.1967
46.2406	123	75.0000	73.3279
46.6165	124	74.0000	73.4590
46.9925	125	77.0000	73.5902
47.3684	126	77.0000	73.7213
47.7444	127	75.0000	73.8525
48.1203	128	75.0000	73.9836
48.4962	129	78.0000	74.1148
48.8722	130	77.0000	74.2459
49.2481	131	76.0000	74.3771
49.6241	132	77.0000	74.5082
50.0000	133	75.0000	74.6393
50.3759	134	76.0000	74.7705
50.7519	135	77.0000	74.9016
51.1278	136	76.0000	75.0328
51.5038	137	77.0000	75.1639
51.8797	138	74.0000	75.2951
52.2556	139	76.0000	75.4262
52.6316	140	76.0000	75.5574
53.0075	141	78.0000	75.6885
53.3835	142	77.0000	75.8197
53.7594	143	75.0000	75.9508
54.1353	144	78.0000	76.0820
54.5113	145	78.0000	76.2131
54.8872	146	77.0000	76.3443
55.2632	147	77.0000	76.4754
55.6391	148	78.0000	76.6066
56.0150	149	78.0000	76.7377
56.3910	150	78.0000	76.8689
56.7669	151	77.0000	77.0000
57.1429	152	78.0000	77.0426
57.5188	153	78.0000	77.0851
57.8947	154	77.0000	77.1277
58.2707	155	78.0000	77.1702
58.6466	156	77.0000	77.2128
59.0226	157	77.0000	77.2553
59.3985	158	78.0000	77.2979
59.7744	159	78.0000	77.3404
60.1504	160	78.0000	77.3830
60.5263	161	78.0000	77.4255
60.9023	162	78.0000	77.4681
61.2782	163	78.0000	77.5106
61.6541	164	78.0000	77.5532
62.0301	165	78.0000	77.5957
62.4060	166	79.0000	77.6383
62.7820	167	79.0000	77.6809
63.1579	168	78.0000	77.7234
63.5338	169	80.0000	77.7660
63.9098	170	79.0000	77.8085
64.2857	171	79.0000	77.8511
64.6617	172	79.0000	77.8936
65.0376	173	81.0000	77.9362
65.4135	174	82.0000	77.9787
65.7895	175	80.0000	78.0213
66.1654	176	79.0000	78.0638
66.5414	177	81.0000	78.1064
66.9173	178	81.0000	78.1489
67.2932	179	80.0000	78.1915
67.6692	180	80.0000	78.2340
68.0451	181	81.0000	78.2766
68.4211	182	83.0000	78.3191
68.7970	183	81.0000	78.3617
69.1729	184	81.0000	78.4043
69.5489	185	80.0000	78.4468
69.9248	186	79.0000	78.4894
70.3008	187	81.0000	78.5319
70.6767	188	80.0000	78.5745
71.0526	189	80.0000	78.6170
71.4286	190	79.0000	78.6596
71.8045	191	79.0000	78.7021
72.1805	192	79.0000	78.7447
72.5564	193	79.0000	78.7872
72.9323	194	78.0000	78.8298
73.3083	195	77.0000	78.8723
73.6842	196	77.0000	78.9149
74.0602	197	79.0000	78.9574
74.4361	198	79.0000	79.0000
74.8120	199	78.0000	78.8000
75.1880	200	78.0000	78.6000
75.5639	201	77.0000	78.4000
75.9398	202	77.0000	78.2000
76.3158	203	77.0000	78.0000
76.6917	204	78.0000	77.8000
77.0677	205	76.0000	77.6000
77.4436	206	76.0000	77.4000
77.8195	207	77.0000	77.2000
78.1955	208	76.0000	77.0000
78.5714	209	75.0000	76.8000
78.9474	210	75.0000	76.6000
79.3233	211	75.0000	76.4000
79.6992	212	76.0000	76.2000
80.0752	213	75.0000	76.0000
80.4511	214	75.0000	75.8000
80.8271	215	74.0000	75.6000
81.2030	216	75.0000	75.4000
81.5789	217	74.0000	75.2000
81.9549	218	75.0000	75.0000
82.3308	219	74.0000	74.8000
82.7068	220	74.0000	74.6000
83.0827	221	74.0000	74.4000
83.4586	222	74.0000	74.2000
83.8346	223	74.0000	74.0000
84.2105	224	74.0000	73.8000
84.5865	225	74.0000	73.6000
84.9624	226	73.0000	73.4000
85.3383	227	74.0000	73.2000
85.7143	228	73.0000	73.0000
86.0902	229	73.0000	72.9375
86.4662	230	73.0000	72.8750
86.8421	231	75.0000	72.8125
87.2180	232	73.0000	72.7500
87.5940	233	73.0000	72.6875
87.9699	234	73.0000	72.6250
88.3459	235	74.0000	72.5625
88.7218	236	74.0000	72.5000
89.0977	237	74.0000	72.4375
89.4737	238	74.0000	72.3750
89.8496	239	74.0000	72.3125
90.2256	240	74.0000	72.2500
90.6015	241	73.0000	72.1875
90.9774	242	73.0000	72.1250
91.3534	243	73.0000	72.0625
91.7293	244	72.0000	72.0000
92.1053	245	75.0000	72.0556
92.4812	246	75.0000	72.1111
92.8571	247	75.0000	72.1667
93.2331	248	73.0000	72.2222
93.6090	249	74.0000	72.2778
93.9850	250	74.0000	72.3333
94.3609	251	75.0000	72.3889
94.7368	252	75.0000	72.4444
95.1128	253	73.0000	72.5000
95.4887	254	74.0000	72.5556
95.8647	255	74.0000	72.6111
96.2406	256	75.0000	72.6667
96.6165	257	74.0000	72.7222
96.9925	258	73.0000	72.7778
97.3684	259	74.0000	72.8333
97.7444	260	75.0000	72.8889
98.1203	261	76.0000	72.9444
98.4962	262	73.0000	73.0000
98.8722	263	75.0000	74.0000
99.2481	264	74.0000	75.0000
99.6241	265	76.0000	76.0000
100.0000	266	77.0000	77.0000
---------- 6: r2_g6 ----------
Offset(%)	Offset(pix)	Profile	Background
0.0000	0	65.0000	65.0000
0.3759	1	64.0000	64.5000
0.7519	2	62.0000	64.0000
1.1278	3	62.0000	63.5000
1.5038	4	65.0000	63.0000
1.8797	5	67.0000	62.5000
2.2556	6	65.0000	62.0000
2.6316	7	63.0000	61.5000
3.0075	8	61.0000	61.0000
3.3835	9	65.0000	61.1034
3.7594	10	70.0000	61.2069
4.1353	11	77.0000	61.3103
4.5113	12	75.0000	61.4138
4.8872	13	67.0000	61.5172
5.2632	14	66.0000	61.6207
5.6391	15	68.0000	61.7241
6.0150	16	68.0000	61.8276
6.3910	17	69.0000	61.9310
6.7669	18	68.0000	62.0345
7.1429	19	67.0000	62.1379
7.5188	20	68.0000	62.2414
7.8947	21	69.0000	62.3448
8.2707	22	68.0000	62.4483
8.6466	23	69.0000	62.5517
9.0226	24	69.0000	62.6552
9.3985	25	68.0000	62.7586
9.7744	26	69.0000	62.8621
10.1504	27	70.0000	62.9655
10.5263	28	69.0000	63.0690
10.9023	29	69.0000	63.1724
11.2782	30	70.0000	63.2759
11.6541	31	70.0000	63.3793
12.0301	32	70.0000	63.4828
12.4060	33	72.0000	63.5862
12.7820	34	71.0000	63.6897
13.1579	35	71.0000	63.7931
13.5338	36	73.0000	63.8966
13.9098	37	72.0000	64.0000
14.2857	38	74.0000	64.1034
14.6617	39	74.0000	64.2069
15.0376	40	75.0000	64.3103
15.4135	41	76.0000	64.4138
15.7895	42	75.0000	64.5172
16.1654	43	78.0000	64.6207
16.5414	44	79.0000	64.7241
16.9173	45	80.0000	64.8276
17.2932	46	83.0000	64.9310
17.6692	47	86.0000	65.0345
18.0451	48	87.0000	65.1379
18.4211	49	91.0000	65.2414
18.7970	50	93.0000	65.3448
19.1729	51	91.0000	65.4483
19.5489	52	90.0000	65.5517
19.9248	53	92.0000	65.6552
20.3008	54	90.0000	65.7586
20.6767	55	90.0000	65.8621
21.0526	56	90.0000	65.9655
21.4286	57	86.0000	66.0690
21.8045	58	85.0000	66.1724
22.1805	59	84.0000	66.2759
22.5564	60	83.0000	66.3793
22.9323	61	82.0000	66.4828
23.3083	62	80.0000	66.5862
23.6842	63	82.0000	66.6897
24.0602	64	80.0000	66.7931
24.4361	65	82.0000	66.8966
24.8120	66	79.0000	67.0000
25.1880	67	78.0000	67.1034
25.5639	68	79.0000	67.2069
25.9398	69	78.0000	67.3103
26.3158	70	78.0000	67.4138
26.6917	71	77.0000	67.5172
27.0677	72	77.0000	67.6207
27.4436	73	77.0000	67.7241
27.8195	74	77.0000	67.8276
28.1955	75	75.0000	67.9310
28.5714	76	75.0000	68.0345
28.9474	77	74.0000	68.1379
29.3233	78	75.0000	68.2414
29.6992	79	73.0000	68.3448
30.0752	80	74.0000	68.4483
30.4511	81	73.0000	68.5517
30.8271	82	72.0000	68.6552
31.2030	83	72.0000	68.7586
31.5789	84	73.0000	68.8621
31.9549	85	73.0000	68.9655
32.3308	86	71.0000	69.0690
32.7068	87	70.0000	69.1724
33.0827	88	71.0000	69.2759
33.4586	89	72.0000	69.3793
33.8346	90	72.0000	69.4828
34.2105	91	70.0000	69.5862
34.5865	92	72.0000	69.6897
34.9624	93	73.0000	69.7931
35.3383	94	73.0000	69.8966
35.7143	95	70.0000	70.0000
36.0902	96	71.0000	70.1304
36.4662	97	71.0000	70.2609
36.8421	98	71.0000	70.3913
37.2180	99	74.0000	70.5217
37.5940	100	72.0000	70.6522
37.9699	101	73.0000	70.7826
38.3459	102	73.0000	70.9130
38.7218	103	72.0000	71.0435
39.0977	104	74.0000	71.1739
39.4737	105	72.0000	71.3043
39.8496	106	74.0000	71.4348
40.2256	107	74.0000	71.5652
40.6015	108	72.0000	71.6957
40.9774	109	70.0000	71.8261
41.3534	110	73.0000	71.9565
41.7293	111	73.0000	72.0870
42.1053	112	74.0000	72.2174
42.4812	113	74.0000	72.3478
42.8571	114	73.0000	72.4783
43.2331	115	74.0000	72.6087
43.6090	116	73.0000	72.7391
43.9850	117	74.0000	72.8696
44.3609	118	73.0000	73.0000
44.7368	119	73.0000	73.1818
45.1128	120	73.0000	73.3636
45.4887	121	74.0000	73.5455
45.8647	122	75.0000	73.7273
46.2406	123	76.0000	73.9091
46.6165	124	74.0000	74.0909
46.9925	125	76.0000	74.2727
47.3684	126	76.0000	74.4545
47.7444	127	76.0000	74.6364
48.1203	128	76.0000	74.8182
48.4962	129	74.0000	75.0000
48.8722	130	75.0000	75.1818
49.2481	131	75.0000	75.3636
49.6241	132	74.0000	75.5455
50.0000	133	78.0000	75.7273
50.3759	134	75.0000	75.9091
50.7519	135	78.0000	76.0909
51.1278	136	76.0000	76.2727
51.5038	137	78.0000	76.4545
51.8797	138	77.0000	76.6364
52.2556	139	76.0000	76.8182
52.6316	140	76.0000	77.0000
53.0075	141	78.0000	77.1818
53.3835	142	77.0000	77.3636
53.7594	143	77.0000	77.5455
54.1353	144	76.0000	77.7273
54.5113	145	77.0000	77.9091
54.8872	146	79.0000	78.0909
55.2632	147	77.0000	78.2727
55.6391	148	77.0000	78.4545
56.0150	149	76.0000	78.6364
56.3910	150	79.0000	78.8182
56.7669	151	79.0000	79.0000
57.1429	152	79.0000	78.9732
57.5188	153	76.0000	78.9464
57.8947	154	77.0000	78.9196
58.2707	155	77.0000	78.8929
58.6466	156	78.0000	78.8661
59.0226	157	78.0000	78.8393
59.3985	158	79.0000	78.8125
59.7744	159	78.0000	78.7857
60.1504	160	78.0000	78.7589
60.5263	161	81.0000	78.7321
60.9023	162	78.0000	78.7054
61.2782	163	80.0000	78.6786
61.6541	164	80.0000	78.6518
62.0301	165	80.0000	78.6250
62.4060	166	79.0000	78.5982
62.7820	167	81.0000	78.5714
63.1579	168	79.0000	78.5446
63.5338	169	81.0000	78.5179
63.9098	170	80.0000	78.4911
64.2857	171	84.0000	78.4643
64.6617	172	80.0000	78.4375
65.0376	173	81.0000	78.4107
65.4135	174	82.0000	78.3839
65.7895	175	82.0000	78.3571
66.1654	176	81.0000	78.3304
66.5414	177	84.0000	78.3036
66.9173	178	84.0000	78.2768
67.2932	179	83.0000	78.2500
67.6692	180	85.0000	78.2232
68.0451	181	86.0000	78.1964
68.4211	182	86.0000	78.1696
68.7970	183	86.0000	78.1429
69.1729	184	87.0000	78.1161
69.5489	185	87.0000	78.0893
69.9248	186	88.0000	78.0625
70.3008	187	88.0000	78.0357
70.6767	188	86.0000	78.0089
71.0526	189	90.0000	77.9821
71.4286	190	87.0000	77.9554
71.8045	191	84.0000	77.9286
72.1805	192	86.0000	77.9018
72.5564	193	84.0000	77.8750
72.9323	194	85.0000	77.8482
73.3083	195	87.0000	77.8214
73.6842	196	86.0000	77.7946
74.0602	197	83.0000	77.7679
74.4361	198	83.0000	77.7411
74.8120	199	84.0000	77.7143
75.1880	200	84.0000	77.6875
75.5639	201	83.0000	77.6607
75.9398	202	85.0000	77.6339
76.3158	203	85.0000	77.6071
76.6917	204	84.0000	77.5804
77.0677	205	84.0000	77.5536
77.4436	206	82.0000	77.5268
77.8195	207	83.0000	77.5000
78.1955	208	81.0000	77.4732
78.5714	209	84.0000	77.4464
78.9474	210	82.0000	77.4196
79.3233	211	80.0000	77.3929
79.6992	212	81.0000	77.3661
80.0752	213	80.0000	77.3393
80.4511	214	80.0000	77.3125
80.8271	215	80.0000	77.2857
81.2030	216	80.0000	77.2589
81.5789	217	81.0000	77.2321
81.9549	218	79.0000	77.2054
82.3308	219	79.0000	77.1786
82.7068	220	78.0000	77.1518
83.0827	221	79.0000	77.1250
83.4586	222	77.0000	77.0982
83.8346	223	78.0000	77.0714
84.2105	224	77.0000	77.0446
84.5865	225	78.0000	77.0179
84.9624	226	76.0000	76.9911
85.3383	227	75.0000	76.9643
85.7143	228	79.0000	76.9375
86.0902	229	76.0000	76.9107
86.4662	230	76.0000	76.8839
86.8421	231	74.0000	76.8571
87.2180	232	76.0000	76.8304
87.5940	233	77.0000	76.8036
87.9699	234	77.0000	76.7768
88.3459	235	76.0000	76.7500
88.7218	236	77.0000	76.7232
89.0977	237	75.0000	76.6964
89.4737	238	77.0000	76.6696
89.8496	239	76.0000	76.6429
90.2256	240	77.0000	76.6161
90.6015	241	75.0000	76.5893
90.9774	242	75.0000	76.5625
91.3534	243	75.0000	76.5357
91.7293	244	75.0000	76.5089
92.1053	245	76.0000	76.4821
92.4812	246	75.0000	76.4554
92.8571	247	75.0000	76.4286
93.2331	248	75.0000	76.4018
93.6090	249	75.0000	76.3750
93.9850	250	75.0000	76.3482
94.3609	251	75.0000	76.3214
94.7368	252	75.0000	76.2946
95.1128	253	76.0000	76.2679
95.4887	254	75.0000	76.2411
95.8647	255	76.0000	76.2143
96.2406	256	76.0000	76.1875
96.6165	257	76.0000	76.1607
96.9925	258	78.0000	76.1339
97.3684	259	76.0000	76.1071
97.7444	260	76.0000	76.0804
98.1203	261	76.0000	76.0536
98.4962	262	75.0000	76.0268
98.8722	263	76.0000	76.0000
99.2481	264	77.0000	76.3333
99.6241	265	75.0000	76.6667
100.0000	266	77.0000	77.0000
