---------- 1: r2a_c1 ----------
Offset(%)	Offset(pix)	Profile	Background
0.0000	0	76.0000	76.0000
0.2041	1	76.0000	76.0000
0.4082	2	76.0000	76.0000
0.6122	3	76.0000	76.0000
0.8163	4	76.0000	76.0786
1.0204	5	76.0000	76.1571
1.2245	6	76.0000	76.2357
1.4286	7	77.0000	76.3143
1.6327	8	77.0000	76.3929
1.8367	9	77.0000	76.4714
2.0408	10	77.0000	76.5500
2.2449	11	78.0000	76.6286
2.4490	12	78.0000	76.7071
2.6531	13	77.0000	76.7857
2.8571	14	77.0000	76.8643
3.0612	15	78.0000	76.9429
3.2653	16	78.0000	77.0214
3.4694	17	77.0000	77.1000
3.6735	18	80.0000	77.1786
3.8776	19	80.0000	77.2571
4.0816	20	77.0000	77.3357
4.2857	21	78.0000	77.4143
4.4898	22	79.0000	77.4929
4.6939	23	82.0000	77.5714
4.8980	24	87.0000	77.6500
5.1020	25	87.0000	77.7286
5.3061	26	85.0000	77.8071
5.5102	27	83.0000	77.8857
5.7143	28	78.0000	77.9643
5.9184	29	76.0000	78.0429
6.1224	30	76.0000	78.1214
6.3265	31	82.0000	78.2000
6.5306	32	82.0000	78.2786
6.7347	33	99.0000	78.3571
6.9388	34	152.0000	78.4357
7.1429	35	194.0000	78.5143
7.3469	36	187.0000	78.5929
7.5510	37	151.0000	78.6714
7.7551	38	112.0000	78.7500
7.9592	39	111.0000	78.8286
8.1633	40	127.0000	78.9071
8.3673	41	142.0000	78.9857
8.5714	42	158.0000	79.0643
8.7755	43	184.0000	79.1429
8.9796	44	198.0000	79.2214
9.1837	45	191.0000	79.3000
9.3878	46	170.0000	79.3786
9.5918	47	154.0000	79.4571
9.7959	48	143.0000	79.5357
10.0000	49	139.0000	79.6143
10.2041	50	134.0000	79.6929
10.4082	51	129.0000	79.7714
10.6122	52	127.0000	79.8500
10.8163	53	127.0000	79.9286
11.0204	54	125.0000	80.0071
11.2245	55	124.0000	80.0857
11.4286	56	121.0000	80.1643
11.6327	57	121.0000	80.2429
11.8367	58	123.0000	80.3214
12.0408	59	122.0000	80.4000
12.2449	60	122.0000	80.4786
12.4490	61	121.0000	80.5571
12.6531	62	120.0000	80.6357
12.8571	63	122.0000	80.7143
13.0612	64	122.0000	80.7929
13.2653	65	124.0000	80.8714
13.4694	66	125.0000	80.9500
13.6735	67	122.0000	81.0286
13.8776	68	124.0000	81.1071
14.0816	69	123.0000	81.1857
14.2857	70	127.0000	81.2643
14.4898	71	129.0000	81.3429
14.6939	72	130.0000	81.4214
14.8980	73	133.0000	81.5000
15.1020	74	139.0000	81.5786
15.3061	75	141.0000	81.6571
15.5102	76	146.0000	81.7357
15.7143	77	148.0000	81.8143
15.9184	78	155.0000	81.8929
16.1224	79	157.0000	81.9714
16.3265	80	166.0000	82.0500
16.5306	81	178.0000	82.1286
16.7347	82	188.0000	82.2071
16.9388	83	202.0000	82.2857
17.1429	84	225.0000	82.3643
17.3469	85	254.0000	82.4429
17.5510	86	285.0000	82.5214
17.7551	87	325.0000	82.6000
17.9592	88	364.0000	82.6786
18.1633	89	413.0000	82.7571
18.3673	90	441.0000	82.8357
18.5714	91	457.0000	82.9143
18.7755	92	436.0000	82.9929
18.9796	93	436.0000	83.0714
19.1837	94	415.0000	83.1500
19.3878	95	402.0000	83.2286
19.5918	96	382.0000	83.3071
19.7959	97	358.0000	83.3857
20.0000	98	338.0000	83.4643
20.2041	99	313.0000	83.5429
20.4082	100	295.0000	83.6214
20.6122	101	279.0000	83.7000
20.8163	102	249.0000	83.7786
21.0204	103	234.0000	83.8571
21.2245	104	218.0000	83.9357
21.4286	105	204.0000	84.0143
21.6327	106	191.0000	84.0929
21.8367	107	181.0000	84.1714
22.0408	108	173.0000	84.2500
22.2449	109	162.0000	84.3286
22.4490	110	159.0000	84.4071
22.6531	111	149.0000	84.4857
22.8571	112	144.0000	84.5643
23.0612	113	138.0000	84.6429
23.2653	114	134.0000	84.7214
23.4694	115	129.0000	84.8000
23.6735	116	125.0000	84.8786
23.8776	117	120.0000	84.9571
24.0816	118	122.0000	85.0357
24.2857	119	117.0000	85.1143
24.4898	120	113.0000	85.1929
24.6939	121	113.0000	85.2714
24.8980	122	110.0000	85.3500
25.1020	123	109.0000	85.4286
25.3061	124	106.0000	85.5071
25.5102	125	103.0000	85.5857
25.7143	126	102.0000	85.6643
25.9184	127	103.0000	85.7429
26.1224	128	100.0000	85.8214
26.3265	129	100.0000	85.9000
26.5306	130	98.0000	85.9786
26.7347	131	96.0000	86.0571
26.9388	132	96.0000	86.1357
27.1429	133	93.0000	86.2143
27.3469	134	94.0000	86.2929
27.5510	135	92.0000	86.3714
27.7551	136	91.0000	86.4500
27.9592	137	91.0000	86.5286
28.1633	138	90.0000	86.6071
28.3673	139	88.0000	86.6857
28.5714	140	88.0000	86.7643
28.7755	141	89.0000	86.8429
28.9796	142	88.0000	86.9214
29.1837	143	87.0000	87.0000
29.3878	144	88.0000	86.6400
29.5918	145	85.0000	86.2800
29.7959	146	86.0000	85.9200
30.0000	147	86.0000	85.5600
30.2041	148	85.0000	85.2000
30.4082	149	84.0000	84.8400
30.6122	150	84.0000	84.4800
30.8163	151	82.0000	84.1200
31.0204	152	82.0000	83.7600
31.2245	153	83.0000	83.4000
31.4286	154	83.0000	83.0400
31.6327	155	81.0000	82.6800
31.8367	156	82.0000	82.3200
32.0408	157	83.0000	81.9600
32.2449	158	80.0000	81.6000
32.4490	159	79.0000	81.2400
32.6531	160	80.0000	80.8800
32.8571	161	81.0000	80.5200
33.0612	162	81.0000	80.1600
33.2653	163	80.0000	79.8000
33.4694	164	78.0000	79.4400
33.6735	165	78.0000	79.0800
33.8776	166	78.0000	78.7200
34.0816	167	78.0000	78.3600
34.2857	168	78.0000	78.0000
34.4898	169	77.0000	77.8800
34.6939	170	79.0000	77.7600
34.8980	171	78.0000	77.6400
35.1020	172	78.0000	77.5200
35.3061	173	77.0000	77.4000
35.5102	174	77.0000	77.2800
35.7143	175	77.0000	77.1600
35.9184	176	77.0000	77.0400
36.1224	177	77.0000	76.9200
36.3265	178	76.0000	76.8000
36.5306	179	77.0000	76.6800
36.7347	180	77.0000	76.5600
36.9388	181	77.0000	76.4400
37.1429	182	75.0000	76.3200
37.3469	183	77.0000	76.2000
37.5510	184	75.0000	76.0800
37.7551	185	75.0000	75.9600
37.9592	186	77.0000	75.8400
38.1633	187	77.0000	75.7200
38.3673	188	74.0000	75.6000
38.5714	189	76.0000	75.4800
38.7755	190	76.0000	75.3600
38.9796	191	76.0000	75.2400
39.1837	192	76.0000	75.1200
39.3878	193	75.0000	75.0000
39.5918	194	76.0000	75.0000
39.7959	195	77.0000	75.0000
40.0000	196	76.0000	75.0000
40.2041	197	75.0000	75.0000
40.4082	198	74.0000	75.0000
40.6122	199	75.0000	75.0000
40.8163	200	75.0000	75.0000
41.0204	201	74.0000	75.0000
41.2245	202	74.0000	75.0000
41.4286	203	75.0000	75.0000
41.6327	204	74.0000	75.0000
41.8367	205	74.0000	75.0000
42.0408	206	75.0000	75.0000
42.2449	207	74.0000	75.0000
42.4490	208	76.0000	75.0000
42.6531	209	75.0000	75.0000
42.8571	210	74.0000	75.0000
43.0612	211	75.0000	75.0000
43.2653	212	75.0000	75.0000
43.4694	213	75.0000	75.0000
43.6735	214	76.0000	75.0000
43.8776	215	77.0000	75.0000
44.0816	216	74.0000	75.0000
44.2857	217	76.0000	75.0000
44.4898	218	75.0000	75.0000
44.6939	219	74.0000	75.0000
44.8980	220	75.0000	75.0000
45.1020	221	75.0000	75.0000
45.3061	222	74.0000	75.0000
45.5102	223	75.0000	75.0000
45.7143	224	74.0000	75.0000
45.9184	225	73.0000	75.0000
46.1224	226	75.0000	75.0000
46.3265	227	73.0000	74.7000
46.5306	228	74.0000	74.4000
46.7347	229	74.0000	74.1000
46.9388	230	75.0000	73.8000
47.1429	231	75.0000	73.5000
47.3469	232	75.0000	73.2000
47.5510	233	75.0000	72.9000
47.7551	234	74.0000	72.6000
47.9592	235	74.0000	72.3000
48.1633	236	72.0000	72.0000
48.3673	237	75.0000	72.0000
48.5714	238	74.0000	72.0000
48.7755	239	75.0000	72.0000
48.9796	240	75.0000	72.0000
49.1837	241	74.0000	72.0000
49.3878	242	74.0000	72.0000
49.5918	243	75.0000	72.0000
49.7959	244	75.0000	72.0000
50.0000	245	73.0000	72.0000
50.2041	246	73.0000	72.0000
50.4082	247	73.0000	72.0000
50.6122	248	75.0000	72.0000
50.8163	249	75.0000	72.0000
51.0204	250	74.0000	72.0000
51.2245	251	74.0000	72.0000
51.4286	252	74.0000	72.0000
51.6327	253	73.0000	72.0000
51.8367	254	75.0000	72.0000
52.0408	255	74.0000	72.0000
52.2449	256	73.0000	72.0000
52.4490	257	75.0000	72.0000
52.6531	258	74.0000	72.0000
52.8571	259	74.0000	72.0000
53.0612	260	74.0000	72.0000
53.2653	261	74.0000	72.0000
53.4694	262	74.0000	72.0000
53.6735	263	74.0000	72.0000
53.8776	264	73.0000	72.0000
54.0816	265	73.0000	72.0000
54.2857	266	72.0000	72.0000
54.4898	267	74.0000	72.0556
54.6939	268	75.0000	72.1111
54.8980	269	74.0000	72.1667
55.1020	270	73.0000	72.2222
55.3061	271	73.0000	72.2778
55.5102	272	73.0000	72.3333
55.7143	273	73.0000	72.3889
55.9184	274	74.0000	72.4444
56.1224	275	74.0000	72.5000
56.3265	276	75.0000	72.5556
56.5306	277	74.0000	72.6111
56.7347	278	75.0000	72.6667
56.9388	279	74.0000	72.7222
57.1429	280	74.0000	72.7778
57.3469	281	74.0000	72.8333
57.5510	282	75.0000	72.8889
57.7551	283	73.0000	72.9444
57.9592	284	74.0000	73.0000
58.1633	285	73.0000	73.0556
58.3673	286	74.0000	73.1111
58.5714	287	75.0000	73.1667
58.7755	288	74.0000	73.2222
58.9796	289	73.0000	73.2778
59.1837	290	74.0000	73.3333
59.3878	291	74.0000	73.3889
59.5918	292	74.0000	73.4444
59.7959	293	74.0000	73.5000
60.0000	294	74.0000	73.5556
60.2041	295	75.0000	73.6111
60.4082	296	75.0000	73.6667
60.6122	297	75.0000	73.7222
60.8163	298	75.0000	73.7778
61.0204	299	74.0000	73.8333
61.2245	300	73.0000	73.8889
61.4286	301	75.0000	73.9444
61.6327	302	74.0000	74.0000
61.8367	303	75.0000	74.1111
62.0408	304	73.0000	74.2222
62.2449	305	74.0000	74.3333
62.4490	306	76.0000	74.4444
62.6531	307	75.0000	74.5556
62.8571	308	75.0000	74.6667
63.0612	309	74.0000	74.7778
63.2653	310	75.0000	74.8889
63.4694	311	76.0000	75.0000
63.6735	312	76.0000	75.1111
63.8776	313	75.0000	75.2222
64.0816	314	77.0000	75.3333
64.2857	315	75.0000	75.4444
64.4898	316	76.0000	75.5556
64.6939	317	77.0000	75.6667
64.8980	318	78.0000	75.7778
65.1020	319	76.0000	75.8889
65.3061	320	76.0000	76.0000
65.5102	321	76.0000	76.0652
65.7143	322	78.0000	76.1304
65.9184	323	76.0000	76.1957
66.1224	324	78.0000	76.2609
66.3265	325	79.0000	76.3261
66.5306	326	78.0000	76.3913
66.7347	327	78.0000	76.4565
66.9388	328	78.0000	76.5217
67.1429	329	77.0000	76.5870
67.3469	330	78.0000	76.6522
67.5510	331	80.0000	76.7174
67.7551	332	78.0000	76.7826
67.9592	333	79.0000	76.8478
68.1633	334	79.0000	76.9130
68.3673	335	78.0000	76.9783
68.5714	336	80.0000	77.0435
68.7755	337	78.0000	77.1087
68.9796	338	78.0000	77.1739
69.1837	339	79.0000	77.2391
69.3878	340	82.0000	77.3043
69.5918	341	79.0000	77.3696
69.7959	342	79.0000	77.4348
70.0000	343	80.0000	77.5000
70.2041	344	78.0000	77.5652
70.4082	345	80.0000	77.6304
70.6122	346	79.0000	77.6957
70.8163	347	79.0000	77.7609
71.0204	348	79.0000	77.8261
71.2245	349	81.0000	77.8913
71.4286	350	80.0000	77.9565
71.6327	351	81.0000	78.0217
71.8367	352	79.0000	78.0870
72.0408	353	81.0000	78.1522
72.2449	354	80.0000	78.2174
72.4490	355	79.0000	78.2826
72.6531	356	82.0000	78.3478
72.8571	357	80.0000	78.4130
73.0612	358	81.0000	78.4783
73.2653	359	82.0000	78.5435
73.4694	360	78.0000	78.6087
73.6735	361	82.0000	78.6739
73.8776	362	80.0000	78.7391
74.0816	363	78.0000	78.8043
74.2857	364	80.0000	78.8696
74.4898	365	81.0000	78.9348
74.6939	366	79.0000	79.0000
74.8980	367	79.0000	78.8286
75.1020	368	79.0000	78.6571
75.3061	369	80.0000	78.4857
75.5102	370	79.0000	78.3143
75.7143	371	79.0000	78.1429
75.9184	372	79.0000	77.9714
76.1224	373	79.0000	77.8000
76.3265	374	79.0000	77.6286
76.5306	375	79.0000	77.4571
76.7347	376	78.0000	77.2857
76.9388	377	77.0000	77.1143
77.1429	378	77.0000	76.9429
77.3469	379	77.0000	76.7714
77.5510	380	78.0000	76.6000
77.7551	381	77.0000	76.4286
77.9592	382	78.0000	76.2571
78.1633	383	79.0000	76.0857
78.3673	384	76.0000	75.9143
78.5714	385	77.0000	75.7429
78.7755	386	77.0000	75.5714
78.9796	387	76.0000	75.4000
79.1837	388	77.0000	75.2286
79.3878	389	76.0000	75.0571
79.5918	390	75.0000	74.8857
79.7959	391	76.0000	74.7143
80.0000	392	74.0000	74.5429
80.2041	393	77.0000	74.3714
80.4082	394	76.0000	74.2000
80.6122	395	77.0000	74.0286
80.8163	396	75.0000	73.8571
81.0204	397	73.0000	73.6857
81.2245	398	76.0000	73.5143
81.4286	399	75.0000	73.3429
81.6327	400	73.0000	73.1714
81.8367	401	73.0000	73.0000
82.0408	402	73.0000	72.8333
82.2449	403	74.0000	72.6667
82.4490	404	74.0000	72.5000
82.6531	405	73.0000	72.3333
82.8571	406	72.0000	72.1667
83.0612	407	72.0000	72.0000
83.2653	408	72.0000	71.8333
83.4694	409	73.0000	71.6667
83.6735	410	72.0000	71.5000
83.8776	411	72.0000	71.3333
84.0816	412	71.0000	71.1667
84.2857	413	72.0000	71.0000
84.4898	414	72.0000	70.8333
84.6939	415	70.0000	70.6667
84.8980	416	71.0000	70.5000
85.1020	417	71.0000	70.3333
85.3061	418	70.0000	70.1667
85.5102	419	71.0000	70.0000
85.7143	420	71.0000	69.8333
85.9184	421	70.0000	69.6667
86.1224	422	71.0000	69.5000
86.3265	423	71.0000	69.3333
86.5306	424	70.0000	69.1667
86.7347	425	69.0000	69.0000
86.9388	426	71.0000	69.0606
87.1429	427	71.0000	69.1212
87.3469	428	70.0000	69.1818
87.5510	429	71.0000	69.2424
87.7551	430	70.0000	69.3030
87.9592	431	70.0000	69.3636
88.1633	432	71.0000	69.4242
88.3673	433	71.0000	69.4848
88.5714	434	71.0000	69.5455
88.7755	435	70.0000	69.6061
88.9796	436	69.0000	69.6667
89.1837	437	70.0000	69.7273
89.3878	438	71.0000	69.7879
89.5918	439	70.0000	69.8485
89.7959	440	70.0000	69.9091
90.0000	441	71.0000	69.9697
90.2041	442	71.0000	70.0303
90.4082	443	71.0000	70.0909
90.6122	444	70.0000	70.1515
90.8163	445	70.0000	70.2121
91.0204	446	71.0000	70.2727
91.2245	447	71.0000	70.3333
91.4286	448	70.0000	70.3939
91.6327	449	71.0000	70.4545
91.8367	450	70.0000	70.5152
92.0408	451	70.0000	70.5758
92.2449	452	71.0000	70.6364
92.4490	453	70.0000	70.6970
92.6531	454	70.0000	70.7576
92.8571	455	70.0000	70.8182
93.0612	456	72.0000	70.8788
93.2653	457	71.0000	70.9394
93.4694	458	71.0000	71.0000
93.6735	459	70.0000	71.0000
93.8776	460	70.0000	71.0000
94.0816	461	71.0000	71.0000
94.2857	462	71.0000	71.0000
94.4898	463	71.0000	71.0000
94.6939	464	71.0000	71.0000
94.8980	465	70.0000	71.0000
95.1020	466	71.0000	71.0000
95.3061	467	71.0000	71.0000
95.5102	468	69.0000	71.0000
95.7143	469	71.0000	71.0000
95.9184	470	72.0000	71.0000
96.1224	471	69.0000	71.0000
96.3265	472	71.0000	71.0000
96.5306	473	71.0000	71.0000
96.7347	474	71.0000	71.0000
96.9388	475	70.0000	71.0000
97.1429	476	71.0000	71.0000
97.3469	477	71.0000	71.0000
97.5510	478	71.0000	71.0000
97.7551	479	70.0000	71.0000
97.9592	480	71.0000	71.0000
98.1633	481	70.0000	71.0000
98.3673	482	70.0000	71.0000
98.5714	483	72.0000	71.0000
98.7755	484	71.0000	71.0000
98.9796	485	72.0000	71.0000
99.1837	486	70.0000	71.0000
99.3878	487	70.0000	71.0000
99.5918	488	71.0000	71.0000
99.7959	489	71.0000	71.0000
100.0000	490	71.0000	71.0000
---------- 2: r2a_c2 ----------
Offset(%)	Offset(pix)	Profile	Background
0.0000	0	75.0000	75.0000
0.2041	1	76.0000	74.7500
0.4082	2	74.0000	74.5000
0.6122	3	75.0000	74.2500
0.8163	4	74.0000	74.0000
1.0204	5	75.0000	74.1554
1.2245	6	75.0000	74.3109
1.4286	7	76.0000	74.4663
1.6327	8	75.0000	74.6218
1.8367	9	77.0000	74.7772
2.0408	10	76.0000	74.9326
2.2449	11	77.0000	75.0881
2.4490	12	76.0000	75.2435
2.6531	13	76.0000	75.3990
2.8571	14	76.0000	75.5544
3.0612	15	76.0000	75.7098
3.2653	16	77.0000	75.8653
3.4694	17	79.0000	76.0207
3.6735	18	78.0000	76.1762
3.8776	19	77.0000	76.3316
4.0816	20	77.0000	76.4870
4.2857	21	76.0000	76.6425
4.4898	22	77.0000	76.7979
4.6939	23	79.0000	76.9534
4.8980	24	84.0000	77.1088
5.1020	25	83.0000	77.2643
5.3061	26	81.0000	77.4197
5.5102	27	81.0000	77.5751
5.7143	28	81.0000	77.7306
5.9184	29	78.0000	77.8860
6.1224	30	78.0000	78.0415
6.3265	31	78.0000	78.1969
6.5306	32	80.0000	78.3523
6.7347	33	80.0000	78.5078
6.9388	34	84.0000	78.6632
7.1429	35	97.0000	78.8186
7.3469	36	114.0000	78.9741
7.5510	37	110.0000	79.1295
7.7551	38	96.0000	79.2850
7.9592	39	92.0000	79.4404
8.1633	40	89.0000	79.5959
8.3673	41	85.0000	79.7513
8.5714	42	81.0000	79.9067
8.7755	43	85.0000	80.0622
8.9796	44	86.0000	80.2176
9.1837	45	84.0000	80.3731
9.3878	46	82.0000	80.5285
9.5918	47	80.0000	80.6839
9.7959	48	80.0000	80.8394
10.0000	49	81.0000	80.9948
10.2041	50	81.0000	81.1503
10.4082	51	78.0000	81.3057
10.6122	52	80.0000	81.4611
10.8163	53	80.0000	81.6166
11.0204	54	81.0000	81.7720
11.2245	55	80.0000	81.9275
11.4286	56	81.0000	82.0829
11.6327	57	81.0000	82.2383
11.8367	58	79.0000	82.3938
12.0408	59	80.0000	82.5492
12.2449	60	80.0000	82.7047
12.4490	61	81.0000	82.8601
12.6531	62	80.0000	83.0155
12.8571	63	80.0000	83.1710
13.0612	64	81.0000	83.3264
13.2653	65	80.0000	83.4819
13.4694	66	80.0000	83.6373
13.6735	67	82.0000	83.7927
13.8776	68	82.0000	83.9482
14.0816	69	82.0000	84.1036
14.2857	70	83.0000	84.2591
14.4898	71	83.0000	84.4145
14.6939	72	81.0000	84.5699
14.8980	73	83.0000	84.7254
15.1020	74	83.0000	84.8808
15.3061	75	84.0000	85.0363
15.5102	76	84.0000	85.1917
15.7143	77	85.0000	85.3472
15.9184	78	85.0000	85.5026
16.1224	79	86.0000	85.6580
16.3265	80	88.0000	85.8135
16.5306	81	90.0000	85.9689
16.7347	82	89.0000	86.1244
16.9388	83	92.0000	86.2798
17.1429	84	92.0000	86.4352
17.3469	85	96.0000	86.5907
17.5510	86	97.0000	86.7461
17.7551	87	102.0000	86.9016
17.9592	88	102.0000	87.0570
18.1633	89	106.0000	87.2124
18.3673	90	112.0000	87.3679
18.5714	91	118.0000	87.5233
18.7755	92	121.0000	87.6788
18.9796	93	127.0000	87.8342
19.1837	94	132.0000	87.9896
19.3878	95	138.0000	88.1451
19.5918	96	145.0000	88.3005
19.7959	97	145.0000	88.4560
20.0000	98	151.0000	88.6114
20.2041	99	151.0000	88.7668
20.4082	100	157.0000	88.9223
20.6122	101	158.0000	89.0777
20.8163	102	160.0000	89.2332
21.0204	103	165.0000	89.3886
21.2245	104	162.0000	89.5440
21.4286	105	161.0000	89.6995
21.6327	106	163.0000	89.8549
21.8367	107	166.0000	90.0104
22.0408	108	163.0000	90.1658
22.2449	109	166.0000	90.3212
22.4490	110	167.0000	90.4767
22.6531	111	163.0000	90.6321
22.8571	112	164.0000	90.7876
23.0612	113	163.0000	90.9430
23.2653	114	161.0000	91.0984
23.4694	115	161.0000	91.2539
23.6735	116	156.0000	91.4093
23.8776	117	158.0000	91.5648
24.0816	118	153.0000	91.7202
24.2857	119	157.0000	91.8756
24.4898	120	155.0000	92.0311
24.6939	121	153.0000	92.1865
24.8980	122	151.0000	92.3420
25.1020	123	150.0000	92.4974
25.3061	124	150.0000	92.6528
25.5102	125	148.0000	92.8083
25.7143	126	148.0000	92.9637
25.9184	127	141.0000	93.1192
26.1224	128	145.0000	93.2746
26.3265	129	144.0000	93.4301
26.5306	130	143.0000	93.5855
26.7347	131	145.0000	93.7409
26.9388	132	139.0000	93.8964
27.1429	133	139.0000	94.0518
27.3469	134	142.0000	94.2073
27.5510	135	133.0000	94.3627
27.7551	136	139.0000	94.5181
27.9592	137	136.0000	94.6736
28.1633	138	137.0000	94.8290
28.3673	139	134.0000	94.9845
28.5714	140	131.0000	95.1399
28.7755	141	132.0000	95.2953
28.9796	142	136.0000	95.4508
29.1837	143	134.0000	95.6062
29.3878	144	132.0000	95.7617
29.5918	145	128.0000	95.9171
29.7959	146	130.0000	96.0725
30.0000	147	130.0000	96.2280
30.2041	148	124.0000	96.3834
30.4082	149	125.0000	96.5389
30.6122	150	126.0000	96.6943
30.8163	151	125.0000	96.8497
31.0204	152	125.0000	97.0052
31.2245	153	125.0000	97.1606
31.4286	154	119.0000	97.3161
31.6327	155	122.0000	97.4715
31.8367	156	122.0000	97.6269
32.0408	157	121.0000	97.7824
32.2449	158	117.0000	97.9378
32.4490	159	123.0000	98.0933
32.6531	160	121.0000	98.2487
32.8571	161	119.0000	98.4041
33.0612	162	120.0000	98.5596
33.2653	163	120.0000	98.7150
33.4694	164	117.0000	98.8705
33.6735	165	120.0000	99.0259
33.8776	166	115.0000	99.1814
34.0816	167	114.0000	99.3368
34.2857	168	114.0000	99.4922
34.4898	169	114.0000	99.6477
34.6939	170	116.0000	99.8031
34.8980	171	115.0000	99.9585
35.1020	172	113.0000	100.1140
35.3061	173	113.0000	100.2694
35.5102	174	115.0000	100.4249
35.7143	175	116.0000	100.5803
35.9184	176	113.0000	100.7357
36.1224	177	110.0000	100.8912
36.3265	178	110.0000	101.0466
36.5306	179	114.0000	101.2021
36.7347	180	109.0000	101.3575
36.9388	181	113.0000	101.5130
37.1429	182	111.0000	101.6684
37.3469	183	109.0000	101.8238
37.5510	184	113.0000	101.9793
37.7551	185	110.0000	102.1347
37.9592	186	110.0000	102.2902
38.1633	187	111.0000	102.4456
38.3673	188	109.0000	102.6010
38.5714	189	109.0000	102.7565
38.7755	190	109.0000	102.9119
38.9796	191	109.0000	103.0674
39.1837	192	106.0000	103.2228
39.3878	193	107.0000	103.3782
39.5918	194	108.0000	103.5337
39.7959	195	108.0000	103.6891
40.0000	196	105.0000	103.8446
40.2041	197	104.0000	104.0000
40.4082	198	107.0000	103.8529
40.6122	199	108.0000	103.7059
40.8163	200	106.0000	103.5588
41.0204	201	107.0000	103.4118
41.2245	202	105.0000	103.2647
41.4286	203	106.0000	103.1176
41.6327	204	104.0000	102.9706
41.8367	205	103.0000	102.8235
42.0408	206	103.0000	102.6765
42.2449	207	103.0000	102.5294
42.4490	208	102.0000	102.3824
42.6531	209	103.0000	102.2353
42.8571	210	104.0000	102.0882
43.0612	211	102.0000	101.9412
43.2653	212	102.0000	101.7941
43.4694	213	104.0000	101.6471
43.6735	214	102.0000	101.5000
43.8776	215	102.0000	101.3529
44.0816	216	101.0000	101.2059
44.2857	217	101.0000	101.0588
44.4898	218	103.0000	100.9118
44.6939	219	103.0000	100.7647
44.8980	220	103.0000	100.6176
45.1020	221	101.0000	100.4706
45.3061	222	101.0000	100.3235
45.5102	223	101.0000	100.1765
45.7143	224	103.0000	100.0294
45.9184	225	100.0000	99.8824
46.1224	226	101.0000	99.7353
46.3265	227	102.0000	99.5882
46.5306	228	100.0000	99.4412
46.7347	229	100.0000	99.2941
46.9388	230	101.0000	99.1471
47.1429	231	99.0000	99.0000
47.3469	232	100.0000	98.7500
47.5510	233	101.0000	98.5000
47.7551	234	100.0000	98.2500
47.9592	235	100.0000	98.0000
48.1633	236	100.0000	97.7500
48.3673	237	100.0000	97.5000
48.5714	238	98.0000	97.2500
48.7755	239	99.0000	97.0000
48.9796	240	98.0000	96.7500
49.1837	241	96.0000	96.5000
49.3878	242	100.0000	96.2500
49.5918	243	97.0000	96.0000
49.7959	244	97.0000	95.7500
50.0000	245	95.0000	95.5000
50.2041	246	96.0000	95.2500
50.4082	247	96.0000	95.0000
50.6122	248	95.0000	94.7500
50.8163	249	95.0000	94.5000
51.0204	250	96.0000	94.2500
51.2245	251	97.0000	94.0000
51.4286	252	94.0000	93.7500
51.6327	253	95.0000	93.5000
51.8367	254	94.0000	93.2500
52.0408	255	95.0000	93.0000
52.2449	256	93.0000	92.7500
52.4490	257	93.0000	92.5000
52.6531	258	95.0000	92.2500
52.8571	259	92.0000	92.0000
53.0612	260	95.0000	91.8793
53.2653	261	92.0000	91.7586
53.4694	262	95.0000	91.6379
53.6735	263	93.0000	91.5172
53.8776	264	93.0000	91.3966
54.0816	265	93.0000	91.2759
54.2857	266	93.0000	91.1552
54.4898	267	93.0000	91.0345
54.6939	268	91.0000	90.9138
54.8980	269	92.0000	90.7931
55.1020	270	92.0000	90.6724
55.3061	271	93.0000	90.5517
55.5102	272	90.0000	90.4310
55.7143	273	93.0000	90.3103
55.9184	274	89.0000	90.1897
56.1224	275	91.0000	90.0690
56.3265	276	90.0000	89.9483
56.5306	277	90.0000	89.8276
56.7347	278	90.0000	89.7069
56.9388	279	90.0000	89.5862
57.1429	280	90.0000	89.4655
57.3469	281	91.0000	89.3448
57.5510	282	91.0000	89.2241
57.7551	283	88.0000	89.1034
57.9592	284	89.0000	88.9828
58.1633	285	88.0000	88.8621
58.3673	286	90.0000	88.7414
58.5714	287	90.0000	88.6207
58.7755	288	89.0000	88.5000
58.9796	289	90.0000	88.3793
59.1837	290	90.0000	88.2586
59.3878	291	90.0000	88.1379
59.5918	292	89.0000	88.0172
59.7959	293	90.0000	87.8966
60.0000	294	89.0000	87.7759
60.2041	295	91.0000	87.6552
60.4082	296	90.0000	87.5345
60.6122	297	89.0000	87.4138
60.8163	298	90.0000	87.2931
61.0204	299	91.0000	87.1724
61.2245	300	90.0000	87.0517
61.4286	301	91.0000	86.9310
61.6327	302	89.0000	86.8103
61.8367	303	89.0000	86.6897
62.0408	304	92.0000	86.5690
62.2449	305	91.0000	86.4483
62.4490	306	92.0000	86.3276
62.6531	307	90.0000	86.2069
62.8571	308	90.0000	86.0862
63.0612	309	89.0000	85.9655
63.2653	310	89.0000	85.8448
63.4694	311	88.0000	85.7241
63.6735	312	89.0000	85.6034
63.8776	313	88.0000	85.4828
64.0816	314	86.0000	85.3621
64.2857	315	86.0000	85.2414
64.4898	316	85.0000	85.1207
64.6939	317	85.0000	85.0000
64.8980	318	84.0000	84.6897
65.1020	319	83.0000	84.3793
65.3061	320	83.0000	84.0690
65.5102	321	84.0000	83.7586
65.7143	322	81.0000	83.4483
65.9184	323	81.0000	83.1379
66.1224	324	81.0000	82.8276
66.3265	325	82.0000	82.5172
66.5306	326	82.0000	82.2069
66.7347	327	81.0000	81.8966
66.9388	328	81.0000	81.5862
67.1429	329	82.0000	81.2759
67.3469	330	81.0000	80.9655
67.5510	331	79.0000	80.6552
67.7551	332	78.0000	80.3448
67.9592	333	78.0000	80.0345
68.1633	334	78.0000	79.7241
68.3673	335	81.0000	79.4138
68.5714	336	79.0000	79.1034
68.7755	337	78.0000	78.7931
68.9796	338	79.0000	78.4828
69.1837	339	79.0000	78.1724
69.3878	340	80.0000	77.8621
69.5918	341	77.0000	77.5517
69.7959	342	78.0000	77.2414
70.0000	343	78.0000	76.9310
70.2041	344	78.0000	76.6207
70.4082	345	78.0000	76.3103
70.6122	346	76.0000	76.0000
70.8163	347	76.0000	75.8571
71.0204	348	76.0000	75.7143
71.2245	349	77.0000	75.5714
71.4286	350	77.0000	75.4286
71.6327	351	75.0000	75.2857
71.8367	352	76.0000	75.1429
72.0408	353	77.0000	75.0000
72.2449	354	76.0000	74.8571
72.4490	355	76.0000	74.7143
72.6531	356	75.0000	74.5714
72.8571	357	73.0000	74.4286
73.0612	358	74.0000	74.2857
73.2653	359	75.0000	74.1429
73.4694	360	75.0000	74.0000
73.6735	361	75.0000	73.8571
73.8776	362	73.0000	73.7143
74.0816	363	75.0000	73.5714
74.2857	364	75.0000	73.4286
74.4898	365	73.0000	73.2857
74.6939	366	72.0000	73.1429
74.8980	367	73.0000	73.0000
75.1020	368	73.0000	72.8571
75.3061	369	74.0000	72.7143
75.5102	370	73.0000	72.5714
75.7143	371	72.0000	72.4286
75.9184	372	71.0000	72.2857
76.1224	373	72.0000	72.1429
76.3265	374	72.0000	72.0000
76.5306	375	72.0000	71.9474
76.7347	376	71.0000	71.8947
76.9388	377	74.0000	71.8421
77.1429	378	73.0000	71.7895
77.3469	379	72.0000	71.7368
77.5510	380	71.0000	71.6842
77.7551	381	70.0000	71.6316
77.9592	382	72.0000	71.5789
78.1633	383	72.0000	71.5263
78.3673	384	70.0000	71.4737
78.5714	385	71.0000	71.4211
78.7755	386	71.0000	71.3684
78.9796	387	72.0000	71.3158
79.1837	388	73.0000	71.2632
79.3878	389	71.0000	71.2105
79.5918	390	70.0000	71.1579
79.7959	391	71.0000	71.1053
80.0000	392	71.0000	71.0526
80.2041	393	71.0000	71.0000
80.4082	394	71.0000	70.9259
80.6122	395	70.0000	70.8519
80.8163	396	70.0000	70.7778
81.0204	397	71.0000	70.7037
81.2245	398	71.0000	70.6296
81.4286	399	70.0000	70.5556
81.6327	400	70.0000	70.4815
81.8367	401	70.0000	70.4074
82.0408	402	70.0000	70.3333
82.2449	403	70.0000	70.2593
82.4490	404	71.0000	70.1852
82.6531	405	71.0000	70.1111
82.8571	406	69.0000	70.0370
83.0612	407	70.0000	69.9630
83.2653	408	69.0000	69.8889
83.4694	409	69.0000	69.8148
83.6735	410	71.0000	69.7407
83.8776	411	70.0000	69.6667
84.0816	412	70.0000	69.5926
84.2857	413	71.0000	69.5185
84.4898	414	70.0000	69.4444
84.6939	415	70.0000	69.3704
84.8980	416	69.0000	69.2963
85.1020	417	71.0000	69.2222
85.3061	418	70.0000	69.1481
85.5102	419	71.0000	69.0741
85.7143	420	69.0000	69.0000
85.9184	421	70.0000	69.0278
86.1224	422	69.0000	69.0556
86.3265	423	70.0000	69.0833
86.5306	424	69.0000	69.1111
86.7347	425	69.0000	69.1389
86.9388	426	70.0000	69.1667
87.1429	427	69.0000	69.1944
87.3469	428	70.0000	69.2222
87.5510	429	70.0000	69.2500
87.7551	430	70.0000	69.2778
87.9592	431	70.0000	69.3056
88.1633	432	70.0000	69.3333
88.3673	433	69.0000	69.3611
88.5714	434	69.0000	69.3889
88.7755	435	70.0000	69.4167
88.9796	436	71.0000	69.4444
89.1837	437	71.0000	69.4722
89.3878	438	69.0000	69.5000
89.5918	439	70.0000	69.5278
89.7959	440	69.0000	69.5556
90.0000	441	70.0000	69.5833
90.2041	442	69.0000	69.6111
90.4082	443	69.0000	69.6389
90.6122	444	70.0000	69.6667
90.8163	445	70.0000	69.6944
91.0204	446	70.0000	69.7222
91.2245	447	70.0000	69.7500
91.4286	448	69.0000	69.7778
91.6327	449	69.0000	69.8056
91.8367	450	70.0000	69.8333
92.0408	451	70.0000	69.8611
92.2449	452	70.0000	69.8889
92.4490	453	70.0000	69.9167
92.6531	454	70.0000	69.9444
92.8571	455	71.0000	69.9722
93.0612	456	70.0000	70.0000
93.2653	457	70.0000	69.9565
93.4694	458	69.0000	69.9130
93.6735	459	70.0000	69.8696
93.8776	460	71.0000	69.8261
94.0816	461	71.0000	69.7826
94.2857	462	70.0000	69.7391
94.4898	463	69.0000	69.6957
94.6939	464	70.0000	69.6522
94.8980	465	73.0000	69.6087
95.1020	466	71.0000	69.5652
95.3061	467	70.0000	69.5217
95.5102	468	71.0000	69.4783
95.7143	469	71.0000	69.4348
95.9184	470	71.0000	69.3913
96.1224	471	69.0000	69.3478
96.3265	472	70.0000	69.3043
96.5306	473	70.0000	69.2609
96.7347	474	70.0000	69.2174
96.9388	475	71.0000	69.1739
97.1429	476	71.0000	69.1304
97.3469	477	70.0000	69.0870
97.5510	478	71.0000	69.0435
97.7551	479	69.0000	69.0000
97.9592	480	71.0000	69.1818
98.1633	481	70.0000	69.3636
98.3673	482	70.0000	69.5455
98.5714	483	71.0000	69.7273
98.7755	484	71.0000	69.9091
98.9796	485	71.0000	70.0909
99.1837	486	70.0000	70.2727
99.3878	487	70.0000	70.4545
99.5918	488	69.0000	70.6364
99.7959	489	70.0000	70.8182
100.0000	490	71.0000	71.0000
---------- 3: r2a_c3 ----------
Offset(%)	Offset(pix)	Profile	Background
0.0000	0	75.0000	75.0000
0.2041	1	76.0000	75.1667
0.4082	2	76.0000	75.3333
0.6122	3	75.0000	75.5000
0.8163	4	75.0000	75.6667
1.0204	5	75.0000	75.8333
1.2245	6	77.0000	76.0000
1.4286	7	77.0000	76.1667
1.6327	8	76.0000	76.3333
1.8367	9	76.0000	76.5000
2.0408	10	75.0000	76.6667
2.2449	11	77.0000	76.8333
2.4490	12	77.0000	77.0000
2.6531	13	78.0000	77.0600
2.8571	14	76.0000	77.1200
3.0612	15	77.0000	77.1800
3.2653	16	76.0000	77.2400
3.4694	17	77.0000	77.3000
3.6735	18	75.0000	77.3600
3.8776	19	76.0000	77.4200
4.0816	20	75.0000	77.4800
4.2857	21	74.0000	77.5400
4.4898	22	77.0000	77.6000
4.6939	23	82.0000	77.6600
4.8980	24	83.0000	77.7200
5.1020	25	82.0000	77.7800
5.3061	26	80.0000	77.8400
5.5102	27	79.0000	77.9000
5.7143	28	75.0000	77.9600
5.9184	29	73.0000	78.0200
6.1224	30	71.0000	78.0800
6.3265	31	69.0000	78.1400
6.5306	32	69.0000	78.2000
6.7347	33	72.0000	78.2600
6.9388	34	75.0000	78.3200
7.1429	35	82.0000	78.3800
7.3469	36	95.0000	78.4400
7.5510	37	99.0000	78.5000
7.7551	38	92.0000	78.5600
7.9592	39	84.0000	78.6200
8.1633	40	80.0000	78.6800
8.3673	41	80.0000	78.7400
8.5714	42	79.0000	78.8000
8.7755	43	81.0000	78.8600
8.9796	44	83.0000	78.9200
9.1837	45	82.0000	78.9800
9.3878	46	82.0000	79.0400
9.5918	47	79.0000	79.1000
9.7959	48	80.0000	79.1600
10.0000	49	79.0000	79.2200
10.2041	50	79.0000	79.2800
10.4082	51	80.0000	79.3400
10.6122	52	78.0000	79.4000
10.8163	53	80.0000	79.4600
11.0204	54	79.0000	79.5200
11.2245	55	79.0000	79.5800
11.4286	56	79.0000	79.6400
11.6327	57	80.0000	79.7000
11.8367	58	79.0000	79.7600
12.0408	59	80.0000	79.8200
12.2449	60	80.0000	79.8800
12.4490	61	81.0000	79.9400
12.6531	62	80.0000	80.0000
12.8571	63	80.0000	80.5000
13.0612	64	79.0000	81.0000
13.2653	65	80.0000	81.5000
13.4694	66	79.0000	82.0000
13.6735	67	81.0000	82.5000
13.8776	68	81.0000	83.0000
14.0816	69	81.0000	83.5000
14.2857	70	81.0000	84.0000
14.4898	71	81.0000	84.5000
14.6939	72	82.0000	85.0000
14.8980	73	81.0000	85.5000
15.1020	74	83.0000	86.0000
15.3061	75	82.0000	86.5000
15.5102	76	83.0000	87.0000
15.7143	77	82.0000	87.5000
15.9184	78	83.0000	88.0000
16.1224	79	84.0000	88.5000
16.3265	80	87.0000	89.0000
16.5306	81	85.0000	89.5000
16.7347	82	88.0000	90.0000
16.9388	83	88.0000	90.5000
17.1429	84	92.0000	91.0000
17.3469	85	92.0000	91.5000
17.5510	86	94.0000	92.0000
17.7551	87	97.0000	92.5000
17.9592	88	100.0000	93.0000
18.1633	89	105.0000	93.5000
18.3673	90	106.0000	94.0000
18.5714	91	111.0000	94.5000
18.7755	92	115.0000	95.0000
18.9796	93	125.0000	95.5000
19.1837	94	125.0000	96.0000
19.3878	95	134.0000	96.5000
19.5918	96	140.0000	97.0000
19.7959	97	138.0000	97.5000
20.0000	98	145.0000	98.0000
20.2041	99	151.0000	98.5000
20.4082	100	150.0000	99.0000
20.6122	101	152.0000	99.5000
20.8163	102	156.0000	100.0000
21.0204	103	157.0000	100.5000
21.2245	104	159.0000	101.0000
21.4286	105	158.0000	101.5000
21.6327	106	157.0000	102.0000
21.8367	107	159.0000	102.5000
22.0408	108	160.0000	103.0000
22.2449	109	154.0000	103.5000
22.4490	110	154.0000	104.0000
22.6531	111	156.0000	104.5000
22.8571	112	154.0000	105.0000
23.0612	113	157.0000	105.5000
23.2653	114	157.0000	106.0000
23.4694	115	154.0000	106.5000
23.6735	116	154.0000	107.0000
23.8776	117	151.0000	107.5000
24.0816	118	153.0000	108.0000
24.2857	119	149.0000	108.5000
24.4898	120	146.0000	109.0000
24.6939	121	146.0000	109.5000
24.8980	122	144.0000	110.0000
25.1020	123	147.0000	110.5000
25.3061	124	145.0000	111.0000
25.5102	125	142.0000	111.5000
25.7143	126	139.0000	112.0000
25.9184	127	143.0000	112.5000
26.1224	128	137.0000	113.0000
26.3265	129	136.0000	113.5000
26.5306	130	136.0000	114.0000
26.7347	131	138.0000	114.5000
26.9388	132	136.0000	115.0000
27.1429	133	133.0000	115.5000
27.3469	134	130.0000	116.0000
27.5510	135	130.0000	116.5000
27.7551	136	131.0000	117.0000
27.9592	137	127.0000	117.5000
28.1633	138	127.0000	118.0000
28.3673	139	130.0000	118.5000
28.5714	140	127.0000	119.0000
28.7755	141	126.0000	119.5000
28.9796	142	124.0000	120.0000
29.1837	143	125.0000	120.5000
29.3878	144	121.0000	121.0000
29.5918	145	124.0000	120.3913
29.7959	146	122.0000	119.7826
30.0000	147	122.0000	119.1739
30.2041	148	120.0000	118.5652
30.4082	149	121.0000	117.9565
30.6122	150	118.0000	117.3478
30.8163	151	119.0000	116.7391
31.0204	152	118.0000	116.1304
31.2245	153	118.0000	115.5217
31.4286	154	115.0000	114.9130
31.6327	155	113.0000	114.3044
31.8367	156	114.0000	113.6956
32.0408	157	113.0000	113.0870
32.2449	158	113.0000	112.4783
32.4490	159	115.0000	111.8696
32.6531	160	112.0000	111.2609
32.8571	161	111.0000	110.6522
33.0612	162	112.0000	110.0435
33.2653	163	109.0000	109.4348
33.4694	164	109.0000	108.8261
33.6735	165	110.0000	108.2174
33.8776	166	110.0000	107.6087
34.0816	167	107.0000	107.0000
34.2857	168	109.0000	106.7647
34.4898	169	110.0000	106.5294
34.6939	170	109.0000	106.2941
34.8980	171	109.0000	106.0588
35.1020	172	108.0000	105.8235
35.3061	173	111.0000	105.5882
35.5102	174	107.0000	105.3529
35.7143	175	106.0000	105.1176
35.9184	176	108.0000	104.8824
36.1224	177	106.0000	104.6471
36.3265	178	105.0000	104.4118
36.5306	179	105.0000	104.1765
36.7347	180	104.0000	103.9412
36.9388	181	103.0000	103.7059
37.1429	182	107.0000	103.4706
37.3469	183	105.0000	103.2353
37.5510	184	102.0000	103.0000
37.7551	185	105.0000	102.7647
37.9592	186	103.0000	102.5294
38.1633	187	102.0000	102.2941
38.3673	188	103.0000	102.0588
38.5714	189	102.0000	101.8235
38.7755	190	102.0000	101.5882
38.9796	191	102.0000	101.3529
39.1837	192	100.0000	101.1176
39.3878	193	102.0000	100.8824
39.5918	194	102.0000	100.6471
39.7959	195	101.0000	100.4118
40.0000	196	103.0000	100.1765
40.2041	197	101.0000	99.9412
40.4082	198	102.0000	99.7059
40.6122	199	100.0000	99.4706
40.8163	200	101.0000	99.2353
41.0204	201	99.0000	99.0000
41.2245	202	99.0000	98.8276
41.4286	203	98.0000	98.6552
41.6327	204	100.0000	98.4828
41.8367	205	100.0000	98.3103
42.0408	206	100.0000	98.1379
42.2449	207	99.0000	97.9655
42.4490	208	98.0000	97.7931
42.6531	209	99.0000	97.6207
42.8571	210	96.0000	97.4483
43.0612	211	98.0000	97.2759
43.2653	212	96.0000	97.1034
43.4694	213	98.0000	96.9310
43.6735	214	98.0000	96.7586
43.8776	215	97.0000	96.5862
44.0816	216	96.0000	96.4138
44.2857	217	96.0000	96.2414
44.4898	218	98.0000	96.0690
44.6939	219	100.0000	95.8966
44.8980	220	97.0000	95.7241
45.1020	221	95.0000	95.5517
45.3061	222	97.0000	95.3793
45.5102	223	97.0000	95.2069
45.7143	224	96.0000	95.0345
45.9184	225	96.0000	94.8621
46.1224	226	96.0000	94.6897
46.3265	227	96.0000	94.5172
46.5306	228	96.0000	94.3448
46.7347	229	96.0000	94.1724
46.9388	230	94.0000	94.0000
47.1429	231	96.0000	93.8736
47.3469	232	94.0000	93.7471
47.5510	233	98.0000	93.6207
47.7551	234	95.0000	93.4943
47.9592	235	93.0000	93.3678
48.1633	236	94.0000	93.2414
48.3673	237	95.0000	93.1149
48.5714	238	95.0000	92.9885
48.7755	239	92.0000	92.8621
48.9796	240	94.0000	92.7356
49.1837	241	93.0000	92.6092
49.3878	242	93.0000	92.4828
49.5918	243	92.0000	92.3563
49.7959	244	94.0000	92.2299
50.0000	245	92.0000	92.1034
50.2041	246	94.0000	91.9770
50.4082	247	94.0000	91.8506
50.6122	248	91.0000	91.7241
50.8163	249	93.0000	91.5977
51.0204	250	89.0000	91.4713
51.2245	251	91.0000	91.3448
51.4286	252	92.0000	91.2184
51.6327	253	94.0000	91.0920
51.8367	254	92.0000	90.9655
52.0408	255	93.0000	90.8391
52.2449	256	92.0000	90.7126
52.4490	257	91.0000	90.5862
52.6531	258	91.0000	90.4598
52.8571	259	92.0000	90.3333
53.0612	260	91.0000	90.2069
53.2653	261	90.0000	90.0805
53.4694	262	91.0000	89.9540
53.6735	263	90.0000	89.8276
53.8776	264	90.0000	89.7011
54.0816	265	89.0000	89.5747
54.2857	266	88.0000	89.4483
54.4898	267	87.0000	89.3218
54.6939	268	88.0000	89.1954
54.8980	269	88.0000	89.0690
55.1020	270	88.0000	88.9425
55.3061	271	89.0000	88.8161
55.5102	272	90.0000	88.6897
55.7143	273	89.0000	88.5632
55.9184	274	88.0000	88.4368
56.1224	275	88.0000	88.3103
56.3265	276	87.0000	88.1839
56.5306	277	86.0000	88.0575
56.7347	278	87.0000	87.9310
56.9388	279	86.0000	87.8046
57.1429	280	85.0000	87.6782
57.3469	281	88.0000	87.5517
57.5510	282	87.0000	87.4253
57.7551	283	86.0000	87.2989
57.9592	284	88.0000	87.1724
58.1633	285	87.0000	87.0460
58.3673	286	87.0000	86.9195
58.5714	287	87.0000	86.7931
58.7755	288	87.0000	86.6667
58.9796	289	86.0000	86.5402
59.1837	290	86.0000	86.4138
59.3878	291	86.0000	86.2874
59.5918	292	86.0000	86.1609
59.7959	293	86.0000	86.0345
60.0000	294	88.0000	85.9080
60.2041	295	87.0000	85.7816
60.4082	296	88.0000	85.6552
60.6122	297	88.0000	85.5287
60.8163	298	88.0000	85.4023
61.0204	299	87.0000	85.2759
61.2245	300	88.0000	85.1494
61.4286	301	86.0000	85.0230
61.6327	302	88.0000	84.8966
61.8367	303	87.0000	84.7701
62.0408	304	88.0000	84.6437
62.2449	305	88.0000	84.5172
62.4490	306	90.0000	84.3908
62.6531	307	87.0000	84.2644
62.8571	308	87.0000	84.1379
63.0612	309	88.0000	84.0115
63.2653	310	87.0000	83.8851
63.4694	311	86.0000	83.7586
63.6735	312	84.0000	83.6322
63.8776	313	86.0000	83.5057
64.0816	314	86.0000	83.3793
64.2857	315	84.0000	83.2529
64.4898	316	85.0000	83.1264
64.6939	317	83.0000	83.0000
64.8980	318	84.0000	82.8214
65.1020	319	82.0000	82.6429
65.3061	320	82.0000	82.4643
65.5102	321	83.0000	82.2857
65.7143	322	83.0000	82.1071
65.9184	323	81.0000	81.9286
66.1224	324	82.0000	81.7500
66.3265	325	81.0000	81.5714
66.5306	326	81.0000	81.3929
66.7347	327	80.0000	81.2143
66.9388	328	80.0000	81.0357
67.1429	329	79.0000	80.8571
67.3469	330	78.0000	80.6786
67.5510	331	80.0000	80.5000
67.7551	332	78.0000	80.3214
67.9592	333	79.0000	80.1429
68.1633	334	78.0000	79.9643
68.3673	335	79.0000	79.7857
68.5714	336	79.0000	79.6071
68.7755	337	78.0000	79.4286
68.9796	338	78.0000	79.2500
69.1837	339	78.0000	79.0714
69.3878	340	77.0000	78.8929
69.5918	341	78.0000	78.7143
69.7959	342	76.0000	78.5357
70.0000	343	78.0000	78.3571
70.2041	344	75.0000	78.1786
70.4082	345	78.0000	78.0000
70.6122	346	77.0000	77.8571
70.8163	347	75.0000	77.7143
71.0204	348	75.0000	77.5714
71.2245	349	76.0000	77.4286
71.4286	350	76.0000	77.2857
71.6327	351	75.0000	77.1429
71.8367	352	74.0000	77.0000
72.0408	353	73.0000	76.8571
72.2449	354	75.0000	76.7143
72.4490	355	74.0000	76.5714
72.6531	356	74.0000	76.4286
72.8571	357	74.0000	76.2857
73.0612	358	75.0000	76.1429
73.2653	359	74.0000	76.0000
73.4694	360	73.0000	75.8571
73.6735	361	73.0000	75.7143
73.8776	362	73.0000	75.5714
74.0816	363	73.0000	75.4286
74.2857	364	74.0000	75.2857
74.4898	365	73.0000	75.1429
74.6939	366	73.0000	75.0000
74.8980	367	73.0000	74.8571
75.1020	368	73.0000	74.7143
75.3061	369	73.0000	74.5714
75.5102	370	73.0000	74.4286
75.7143	371	72.0000	74.2857
75.9184	372	71.0000	74.1429
76.1224	373	74.0000	74.0000
76.3265	374	71.0000	73.8438
76.5306	375	72.0000	73.6875
76.7347	376	73.0000	73.5313
76.9388	377	72.0000	73.3750
77.1429	378	73.0000	73.2188
77.3469	379	71.0000	73.0625
77.5510	380	70.0000	72.9063
77.7551	381	71.0000	72.7500
77.9592	382	71.0000	72.5938
78.1633	383	72.0000	72.4375
78.3673	384	72.0000	72.2813
78.5714	385	70.0000	72.1250
78.7755	386	70.0000	71.9688
78.9796	387	71.0000	71.8125
79.1837	388	71.0000	71.6563
79.3878	389	70.0000	71.5000
79.5918	390	70.0000	71.3438
79.7959	391	71.0000	71.1875
80.0000	392	71.0000	71.0313
80.2041	393	72.0000	70.8750
80.4082	394	71.0000	70.7188
80.6122	395	70.0000	70.5625
80.8163	396	70.0000	70.4063
81.0204	397	71.0000	70.2500
81.2245	398	71.0000	70.0938
81.4286	399	71.0000	69.9375
81.6327	400	70.0000	69.7813
81.8367	401	72.0000	69.6250
82.0408	402	71.0000	69.4688
82.2449	403	70.0000	69.3125
82.4490	404	71.0000	69.1563
82.6531	405	69.0000	69.0000
82.8571	406	71.0000	69.0000
83.0612	407	72.0000	69.0000
83.2653	408	71.0000	69.0000
83.4694	409	70.0000	69.0000
83.6735	410	70.0000	69.0000
83.8776	411	70.0000	69.0000
84.0816	412	71.0000	69.0000
84.2857	413	70.0000	69.0000
84.4898	414	70.0000	69.0000
84.6939	415	71.0000	69.0000
84.8980	416	70.0000	69.0000
85.1020	417	70.0000	69.0000
85.3061	418	72.0000	69.0000
85.5102	419	70.0000	69.0000
85.7143	420	70.0000	69.0000
85.9184	421	71.0000	69.0000
86.1224	422	70.0000	69.0000
86.3265	423	69.0000	69.0000
86.5306	424	70.0000	69.0000
86.7347	425	69.0000	69.0000
86.9388	426	71.0000	69.0000
87.1429	427	71.0000	69.0000
87.3469	428	69.0000	69.0000
87.5510	429	70.0000	69.0385
87.7551	430	70.0000	69.0769
87.9592	431	70.0000	69.1154
88.1633	432	69.0000	69.1538
88.3673	433	69.0000	69.1923
88.5714	434	70.0000	69.2308
88.7755	435	69.0000	69.2692
88.9796	436	70.0000	69.3077
89.1837	437	71.0000	69.3462
89.3878	438	69.0000	69.3846
89.5918	439	69.0000	69.4231
89.7959	440	71.0000	69.4615
90.0000	441	69.0000	69.5000
90.2041	442	70.0000	69.5385
90.4082	443	69.0000	69.5769
90.6122	444	70.0000	69.6154
90.8163	445	70.0000	69.6538
91.0204	446	71.0000	69.6923
91.2245	447	70.0000	69.7308
91.4286	448	70.0000	69.7692
91.6327	449	69.0000	69.8077
91.8367	450	71.0000	69.8462
92.0408	451	70.0000	69.8846
92.2449	452	71.0000	69.9231
92.4490	453	69.0000	69.9615
92.6531	454	70.0000	70.0000
92.8571	455	70.0000	70.0909
93.0612	456	70.0000	70.1818
93.2653	457	70.0000	70.2727
93.4694	458	69.0000	70.3636
93.6735	459	69.0000	70.4545
93.8776	460	72.0000	70.5455
94.0816	461	70.0000	70.6364
94.2857	462	69.0000	70.7273
94.4898	463	71.0000	70.8182
94.6939	464	70.0000	70.9091
94.8980	465	71.0000	71.0000
95.1020	466	71.0000	71.0909
95.3061	467	70.0000	71.1818
95.5102	468	70.0000	71.2727
95.7143	469	70.0000	71.3636
95.9184	470	73.0000	71.4545
96.1224	471	71.0000	71.5455
96.3265	472	69.0000	71.6364
96.5306	473	70.0000	71.7273
96.7347	474	69.0000	71.8182
96.9388	475	70.0000	71.9091
97.1429	476	72.0000	72.0000
97.3469	477	70.0000	71.9286
97.5510	478	70.0000	71.8571
97.7551	479	70.0000	71.7857
97.9592	480	71.0000	71.7143
98.1633	481	71.0000	71.6429
98.3673	482	70.0000	71.5714
98.5714	483	69.0000	71.5000
98.7755	484	71.0000	71.4286
98.9796	485	70.0000	71.3571
99.1837	486	71.0000	71.2857
99.3878	487	70.0000	71.2143
99.5918	488	70.0000	71.1429
99.7959	489	70.0000	71.0714
100.0000	490	71.0000	71.0000
---------- 4: r2a_c4 ----------
Offset(%)	Offset(pix)	Profile	Background
0.0000	0	74.0000	74.0000
0.2041	1	77.0000	74.3333
0.4082	2	74.0000	74.6667
0.6122	3	75.0000	75.0000
0.8163	4	74.0000	75.0061
1.0204	5	77.0000	75.0121
1.2245	6	76.0000	75.0182
1.4286	7	76.0000	75.0242
1.6327	8	76.0000	75.0303
1.8367	9	76.0000	75.0364
2.0408	10	75.0000	75.0424
2.2449	11	77.0000	75.0485
2.4490	12	76.0000	75.0545
2.6531	13	77.0000	75.0606
2.8571	14	76.0000	75.0667
3.0612	15	78.0000	75.0727
3.2653	16	77.0000	75.0788
3.4694	17	76.0000	75.0848
3.6735	18	77.0000	75.0909
3.8776	19	78.0000	75.0970
4.0816	20	78.0000	75.1030
4.2857	21	76.0000	75.1091
4.4898	22	80.0000	75.1152
4.6939	23	85.0000	75.1212
4.8980	24	89.0000	75.1273
5.1020	25	88.0000	75.1333
5.3061	26	85.0000	75.1394
5.5102	27	83.0000	75.1455
5.7143	28	79.0000	75.1515
5.9184	29	78.0000	75.1576
6.1224	30	78.0000	75.1636
6.3265	31	78.0000	75.1697
6.5306	32	81.0000	75.1758
6.7347	33	86.0000	75.1818
6.9388	34	128.0000	75.1879
7.1429	35	182.0000	75.1939
7.3469	36	183.0000	75.2000
7.5510	37	142.0000	75.2061
7.7551	38	121.0000	75.2121
7.9592	39	148.0000	75.2182
8.1633	40	159.0000	75.2242
8.3673	41	166.0000	75.2303
8.5714	42	188.0000	75.2364
8.7755	43	191.0000	75.2424
8.9796	44	193.0000	75.2485
9.1837	45	195.0000	75.2545
9.3878	46	173.0000	75.2606
9.5918	47	148.0000	75.2667
9.7959	48	140.0000	75.2727
10.0000	49	133.0000	75.2788
10.2041	50	129.0000	75.2849
10.4082	51	126.0000	75.2909
10.6122	52	123.0000	75.2970
10.8163	53	119.0000	75.3030
11.0204	54	120.0000	75.3091
11.2245	55	118.0000	75.3152
11.4286	56	117.0000	75.3212
11.6327	57	117.0000	75.3273
11.8367	58	116.0000	75.3333
12.0408	59	117.0000	75.3394
12.2449	60	116.0000	75.3455
12.4490	61	119.0000	75.3515
12.6531	62	117.0000	75.3576
12.8571	63	121.0000	75.3636
13.0612	64	119.0000	75.3697
13.2653	65	120.0000	75.3758
13.4694	66	118.0000	75.3818
13.6735	67	119.0000	75.3879
13.8776	68	118.0000	75.3939
14.0816	69	121.0000	75.4000
14.2857	70	120.0000	75.4061
14.4898	71	121.0000	75.4121
14.6939	72	121.0000	75.4182
14.8980	73	123.0000	75.4242
15.1020	74	124.0000	75.4303
15.3061	75	125.0000	75.4364
15.5102	76	128.0000	75.4424
15.7143	77	130.0000	75.4485
15.9184	78	135.0000	75.4545
16.1224	79	140.0000	75.4606
16.3265	80	148.0000	75.4667
16.5306	81	153.0000	75.4727
16.7347	82	167.0000	75.4788
16.9388	83	180.0000	75.4848
17.1429	84	195.0000	75.4909
17.3469	85	214.0000	75.4970
17.5510	86	243.0000	75.5030
17.7551	87	276.0000	75.5091
17.9592	88	317.0000	75.5152
18.1633	89	348.0000	75.5212
18.3673	90	380.0000	75.5273
18.5714	91	392.0000	75.5333
18.7755	92	396.0000	75.5394
18.9796	93	380.0000	75.5455
19.1837	94	360.0000	75.5515
19.3878	95	335.0000	75.5576
19.5918	96	312.0000	75.5636
19.7959	97	295.0000	75.5697
20.0000	98	278.0000	75.5758
20.2041	99	258.0000	75.5818
20.4082	100	240.0000	75.5879
20.6122	101	221.0000	75.5939
20.8163	102	212.0000	75.6000
21.0204	103	197.0000	75.6061
21.2245	104	187.0000	75.6121
21.4286	105	176.0000	75.6182
21.6327	106	169.0000	75.6242
21.8367	107	160.0000	75.6303
22.0408	108	153.0000	75.6364
22.2449	109	144.0000	75.6424
22.4490	110	137.0000	75.6485
22.6531	111	134.0000	75.6545
22.8571	112	132.0000	75.6606
23.0612	113	124.0000	75.6667
23.2653	114	121.0000	75.6727
23.4694	115	119.0000	75.6788
23.6735	116	116.0000	75.6848
23.8776	117	111.0000	75.6909
24.0816	118	110.0000	75.6970
24.2857	119	106.0000	75.7030
24.4898	120	108.0000	75.7091
24.6939	121	103.0000	75.7151
24.8980	122	103.0000	75.7212
25.1020	123	100.0000	75.7273
25.3061	124	98.0000	75.7333
25.5102	125	99.0000	75.7394
25.7143	126	97.0000	75.7455
25.9184	127	95.0000	75.7515
26.1224	128	93.0000	75.7576
26.3265	129	93.0000	75.7636
26.5306	130	92.0000	75.7697
26.7347	131	91.0000	75.7758
26.9388	132	91.0000	75.7818
27.1429	133	90.0000	75.7879
27.3469	134	89.0000	75.7939
27.5510	135	88.0000	75.8000
27.7551	136	88.0000	75.8061
27.9592	137	88.0000	75.8121
28.1633	138	86.0000	75.8182
28.3673	139	85.0000	75.8242
28.5714	140	86.0000	75.8303
28.7755	141	84.0000	75.8364
28.9796	142	83.0000	75.8424
29.1837	143	83.0000	75.8485
29.3878	144	82.0000	75.8545
29.5918	145	83.0000	75.8606
29.7959	146	82.0000	75.8667
30.0000	147	81.0000	75.8727
30.2041	148	82.0000	75.8788
30.4082	149	81.0000	75.8848
30.6122	150	81.0000	75.8909
30.8163	151	80.0000	75.8970
31.0204	152	79.0000	75.9030
31.2245	153	80.0000	75.9091
31.4286	154	79.0000	75.9152
31.6327	155	79.0000	75.9212
31.8367	156	79.0000	75.9273
32.0408	157	79.0000	75.9333
32.2449	158	78.0000	75.9394
32.4490	159	78.0000	75.9455
32.6531	160	79.0000	75.9515
32.8571	161	78.0000	75.9576
33.0612	162	77.0000	75.9636
33.2653	163	78.0000	75.9697
33.4694	164	77.0000	75.9758
33.6735	165	77.0000	75.9818
33.8776	166	77.0000	75.9879
34.0816	167	75.0000	75.9939
34.2857	168	76.0000	76.0000
34.4898	169	76.0000	75.9286
34.6939	170	75.0000	75.8571
34.8980	171	76.0000	75.7857
35.1020	172	76.0000	75.7143
35.3061	173	76.0000	75.6429
35.5102	174	75.0000	75.5714
35.7143	175	76.0000	75.5000
35.9184	176	74.0000	75.4286
36.1224	177	75.0000	75.3571
36.3265	178	76.0000	75.2857
36.5306	179	76.0000	75.2143
36.7347	180	75.0000	75.1429
36.9388	181	75.0000	75.0714
37.1429	182	74.0000	75.0000
37.3469	183	74.0000	74.9286
37.5510	184	75.0000	74.8571
37.7551	185	76.0000	74.7857
37.9592	186	76.0000	74.7143
38.1633	187	75.0000	74.6429
38.3673	188	73.0000	74.5714
38.5714	189	74.0000	74.5000
38.7755	190	75.0000	74.4286
38.9796	191	74.0000	74.3571
39.1837	192	74.0000	74.2857
39.3878	193	75.0000	74.2143
39.5918	194	75.0000	74.1429
39.7959	195	74.0000	74.0714
40.0000	196	74.0000	74.0000
40.2041	197	73.0000	74.0769
40.4082	198	74.0000	74.1538
40.6122	199	73.0000	74.2308
40.8163	200	75.0000	74.3077
41.0204	201	73.0000	74.3846
41.2245	202	74.0000	74.4615
41.4286	203	75.0000	74.5385
41.6327	204	75.0000	74.6154
41.8367	205	74.0000	74.6923
42.0408	206	74.0000	74.7692
42.2449	207	74.0000	74.8462
42.4490	208	75.0000	74.9231
42.6531	209	74.0000	75.0000
42.8571	210	74.0000	75.0769
43.0612	211	73.0000	75.1538
43.2653	212	75.0000	75.2308
43.4694	213	74.0000	75.3077
43.6735	214	74.0000	75.3846
43.8776	215	75.0000	75.4615
44.0816	216	74.0000	75.5385
44.2857	217	75.0000	75.6154
44.4898	218	74.0000	75.6923
44.6939	219	74.0000	75.7692
44.8980	220	75.0000	75.8462
45.1020	221	74.0000	75.9231
45.3061	222	76.0000	76.0000
45.5102	223	75.0000	75.7647
45.7143	224	74.0000	75.5294
45.9184	225	76.0000	75.2941
46.1224	226	73.0000	75.0588
46.3265	227	76.0000	74.8235
46.5306	228	74.0000	74.5882
46.7347	229	73.0000	74.3529
46.9388	230	74.0000	74.1176
47.1429	231	74.0000	73.8824
47.3469	232	75.0000	73.6471
47.5510	233	74.0000	73.4118
47.7551	234	75.0000	73.1765
47.9592	235	73.0000	72.9412
48.1633	236	74.0000	72.7059
48.3673	237	74.0000	72.4706
48.5714	238	75.0000	72.2353
48.7755	239	72.0000	72.0000
48.9796	240	74.0000	72.0263
49.1837	241	74.0000	72.0526
49.3878	242	74.0000	72.0789
49.5918	243	76.0000	72.1053
49.7959	244	74.0000	72.1316
50.0000	245	74.0000	72.1579
50.2041	246	73.0000	72.1842
50.4082	247	76.0000	72.2105
50.6122	248	74.0000	72.2368
50.8163	249	74.0000	72.2632
51.0204	250	74.0000	72.2895
51.2245	251	74.0000	72.3158
51.4286	252	75.0000	72.3421
51.6327	253	75.0000	72.3684
51.8367	254	74.0000	72.3947
52.0408	255	73.0000	72.4211
52.2449	256	74.0000	72.4474
52.4490	257	74.0000	72.4737
52.6531	258	75.0000	72.5000
52.8571	259	73.0000	72.5263
53.0612	260	74.0000	72.5526
53.2653	261	74.0000	72.5789
53.4694	262	74.0000	72.6053
53.6735	263	74.0000	72.6316
53.8776	264	73.0000	72.6579
54.0816	265	75.0000	72.6842
54.2857	266	74.0000	72.7105
54.4898	267	75.0000	72.7368
54.6939	268	73.0000	72.7632
54.8980	269	74.0000	72.7895
55.1020	270	75.0000	72.8158
55.3061	271	74.0000	72.8421
55.5102	272	74.0000	72.8684
55.7143	273	73.0000	72.8947
55.9184	274	74.0000	72.9211
56.1224	275	75.0000	72.9474
56.3265	276	75.0000	72.9737
56.5306	277	73.0000	73.0000
56.7347	278	73.0000	73.0000
56.9388	279	74.0000	73.0000
57.1429	280	73.0000	73.0000
57.3469	281	74.0000	73.0000
57.5510	282	73.0000	73.0000
57.7551	283	73.0000	73.0000
57.9592	284	74.0000	73.0000
58.1633	285	74.0000	73.0000
58.3673	286	75.0000	73.0000
58.5714	287	74.0000	73.0000
58.7755	288	74.0000	73.0000
58.9796	289	73.0000	73.0000
59.1837	290	74.0000	73.0000
59.3878	291	72.0000	73.0000
59.5918	292	72.0000	73.0000
59.7959	293	73.0000	73.0000
60.0000	294	74.0000	73.0000
60.2041	295	73.0000	73.0000
60.4082	296	73.0000	73.0000
60.6122	297	73.0000	73.0000
60.8163	298	73.0000	73.0000
61.0204	299	73.0000	73.1000
61.2245	300	74.0000	73.2000
61.4286	301	73.0000	73.3000
61.6327	302	74.0000	73.4000
61.8367	303	75.0000	73.5000
62.0408	304	75.0000	73.6000
62.2449	305	73.0000	73.7000
62.4490	306	73.0000	73.8000
62.6531	307	74.0000	73.9000
62.8571	308	73.0000	74.0000
63.0612	309	74.0000	74.1000
63.2653	310	73.0000	74.2000
63.4694	311	73.0000	74.3000
63.6735	312	72.0000	74.4000
63.8776	313	74.0000	74.5000
64.0816	314	74.0000	74.6000
64.2857	315	74.0000	74.7000
64.4898	316	74.0000	74.8000
64.6939	317	75.0000	74.9000
64.8980	318	74.0000	75.0000
65.1020	319	75.0000	75.1000
65.3061	320	76.0000	75.2000
65.5102	321	75.0000	75.3000
65.7143	322	74.0000	75.4000
65.9184	323	74.0000	75.5000
66.1224	324	75.0000	75.6000
66.3265	325	75.0000	75.7000
66.5306	326	75.0000	75.8000
66.7347	327	74.0000	75.9000
66.9388	328	76.0000	76.0000
67.1429	329	75.0000	76.0256
67.3469	330	76.0000	76.0513
67.5510	331	75.0000	76.0769
67.7551	332	77.0000	76.1026
67.9592	333	75.0000	76.1282
68.1633	334	75.0000	76.1538
68.3673	335	76.0000	76.1795
68.5714	336	76.0000	76.2051
68.7755	337	76.0000	76.2308
68.9796	338	75.0000	76.2564
69.1837	339	76.0000	76.2821
69.3878	340	77.0000	76.3077
69.5918	341	77.0000	76.3333
69.7959	342	77.0000	76.3590
70.0000	343	78.0000	76.3846
70.2041	344	77.0000	76.4103
70.4082	345	77.0000	76.4359
70.6122	346	77.0000	76.4615
70.8163	347	75.0000	76.4872
71.0204	348	78.0000	76.5128
71.2245	349	76.0000	76.5385
71.4286	350	75.0000	76.5641
71.6327	351	78.0000	76.5897
71.8367	352	77.0000	76.6154
72.0408	353	77.0000	76.6410
72.2449	354	76.0000	76.6667
72.4490	355	77.0000	76.6923
72.6531	356	76.0000	76.7179
72.8571	357	77.0000	76.7436
73.0612	358	76.0000	76.7692
73.2653	359	76.0000	76.7949
73.4694	360	77.0000	76.8205
73.6735	361	76.0000	76.8462
73.8776	362	77.0000	76.8718
74.0816	363	78.0000	76.8974
74.2857	364	76.0000	76.9231
74.4898	365	76.0000	76.9487
74.6939	366	75.0000	76.9744
74.8980	367	77.0000	77.0000
75.1020	368	76.0000	76.8571
75.3061	369	77.0000	76.7143
75.5102	370	76.0000	76.5714
75.7143	371	76.0000	76.4286
75.9184	372	75.0000	76.2857
76.1224	373	76.0000	76.1429
76.3265	374	77.0000	76.0000
76.5306	375	74.0000	75.8571
76.7347	376	74.0000	75.7143
76.9388	377	75.0000	75.5714
77.1429	378	76.0000	75.4286
77.3469	379	76.0000	75.2857
77.5510	380	75.0000	75.1429
77.7551	381	75.0000	75.0000
77.9592	382	75.0000	74.8571
78.1633	383	76.0000	74.7143
78.3673	384	73.0000	74.5714
78.5714	385	73.0000	74.4286
78.7755	386	73.0000	74.2857
78.9796	387	75.0000	74.1429
79.1837	388	75.0000	74.0000
79.3878	389	74.0000	73.8571
79.5918	390	73.0000	73.7143
79.7959	391	74.0000	73.5714
80.0000	392	73.0000	73.4286
80.2041	393	74.0000	73.2857
80.4082	394	72.0000	73.1429
80.6122	395	72.0000	73.0000
80.8163	396	72.0000	72.8571
81.0204	397	73.0000	72.7143
81.2245	398	72.0000	72.5714
81.4286	399	71.0000	72.4286
81.6327	400	71.0000	72.2857
81.8367	401	72.0000	72.1429
82.0408	402	72.0000	72.0000
82.2449	403	71.0000	71.8710
82.4490	404	71.0000	71.7419
82.6531	405	70.0000	71.6129
82.8571	406	71.0000	71.4839
83.0612	407	73.0000	71.3548
83.2653	408	71.0000	71.2258
83.4694	409	71.0000	71.0968
83.6735	410	70.0000	70.9677
83.8776	411	71.0000	70.8387
84.0816	412	71.0000	70.7097
84.2857	413	70.0000	70.5806
84.4898	414	71.0000	70.4516
84.6939	415	71.0000	70.3226
84.8980	416	69.0000	70.1936
85.1020	417	71.0000	70.0645
85.3061	418	70.0000	69.9355
85.5102	419	70.0000	69.8064
85.7143	420	70.0000	69.6774
85.9184	421	70.0000	69.5484
86.1224	422	71.0000	69.4194
86.3265	423	71.0000	69.2903
86.5306	424	70.0000	69.1613
86.7347	425	70.0000	69.0323
86.9388	426	70.0000	68.9032
87.1429	427	70.0000	68.7742
87.3469	428	69.0000	68.6452
87.5510	429	70.0000	68.5161
87.7551	430	69.0000	68.3871
87.9592	431	70.0000	68.2581
88.1633	432	71.0000	68.1290
88.3673	433	68.0000	68.0000
88.5714	434	69.0000	68.0000
88.7755	435	69.0000	68.0000
88.9796	436	70.0000	68.0000
89.1837	437	70.0000	68.0000
89.3878	438	70.0000	68.0000
89.5918	439	70.0000	68.0000
89.7959	440	71.0000	68.0000
90.0000	441	70.0000	68.0000
90.2041	442	70.0000	68.0000
90.4082	443	69.0000	68.0000
90.6122	444	70.0000	68.0000
90.8163	445	69.0000	68.0000
91.0204	446	70.0000	68.0000
91.2245	447	70.0000	68.0000
91.4286	448	70.0000	68.0000
91.6327	449	70.0000	68.0000
91.8367	450	71.0000	68.0000
92.0408	451	71.0000	68.0000
92.2449	452	71.0000	68.0000
92.4490	453	69.0000	68.0000
92.6531	454	70.0000	68.0000
92.8571	455	69.0000	68.0000
93.0612	456	69.0000	68.0000
93.2653	457	70.0000	68.0000
93.4694	458	71.0000	68.0000
93.6735	459	70.0000	68.0000
93.8776	460	71.0000	68.0000
94.0816	461	71.0000	68.0000
94.2857	462	70.0000	68.0000
94.4898	463	72.0000	68.0000
94.6939	464	71.0000	68.0000
94.8980	465	69.0000	68.0000
95.1020	466	71.0000	68.0000
95.3061	467	70.0000	68.0000
95.5102	468	70.0000	68.0000
95.7143	469	72.0000	68.0000
95.9184	470	70.0000	68.0000
96.1224	471	69.0000	68.0000
96.3265	472	70.0000	68.0000
96.5306	473	69.0000	68.0000
96.7347	474	70.0000	68.0000
96.9388	475	68.0000	68.0000
97.1429	476	71.0000	68.2000
97.3469	477	70.0000	68.4000
97.5510	478	70.0000	68.6000
97.7551	479	70.0000	68.8000
97.9592	480	70.0000	69.0000
98.1633	481	70.0000	69.2000
98.3673	482	70.0000	69.4000
98.5714	483	70.0000	69.6000
98.7755	484	71.0000	69.8000
98.9796	485	70.0000	70.0000
99.1837	486	70.0000	70.2000
99.3878	487	71.0000	70.4000
99.5918	488	70.0000	70.6000
99.7959	489	71.0000	70.8000
100.0000	490	71.0000	71.0000
---------- 5: r2a_c5 ----------
Offset(%)	Offset(pix)	Profile	Background
0.0000	0	76.0000	76.0000
0.2041	1	75.0000	75.8182
0.4082	2	75.0000	75.6364
0.6122	3	76.0000	75.4545
0.8163	4	77.0000	75.2727
1.0204	5	76.0000	75.0909
1.2245	6	75.0000	74.9091
1.4286	7	76.0000	74.7273
1.6327	8	77.0000	74.5455
1.8367	9	76.0000	74.3636
2.0408	10	76.0000	74.1818
2.2449	11	76.0000	74.0000
2.4490	12	75.0000	73.8182
2.6531	13	76.0000	73.6364
2.8571	14	77.0000	73.4545
3.0612	15	76.0000	73.2727
3.2653	16	78.0000	73.0909
3.4694	17	76.0000	72.9091
3.6735	18	78.0000	72.7273
3.8776	19	76.0000	72.5455
4.0816	20	74.0000	72.3636
4.2857	21	73.0000	72.1818
4.4898	22	72.0000	72.0000
4.6939	23	74.0000	72.1136
4.8980	24	81.0000	72.2273
5.1020	25	83.0000	72.3409
5.3061	26	81.0000	72.4545
5.5102	27	79.0000	72.5682
5.7143	28	79.0000	72.6818
5.9184	29	76.0000	72.7955
6.1224	30	73.0000	72.9091
6.3265	31	74.0000	73.0227
6.5306	32	75.0000	73.1364
6.7347	33	75.0000	73.2500
6.9388	34	81.0000	73.3636
7.1429	35	86.0000	73.4773
7.3469	36	96.0000	73.5909
7.5510	37	97.0000	73.7045
7.7551	38	86.0000	73.8182
7.9592	39	82.0000	73.9318
8.1633	40	82.0000	74.0455
8.3673	41	79.0000	74.1591
8.5714	42	79.0000	74.2727
8.7755	43	82.0000	74.3864
8.9796	44	83.0000	74.5000
9.1837	45	82.0000	74.6136
9.3878	46	80.0000	74.7273
9.5918	47	81.0000	74.8409
9.7959	48	80.0000	74.9545
10.0000	49	79.0000	75.0682
10.2041	50	77.0000	75.1818
10.4082	51	77.0000	75.2955
10.6122	52	76.0000	75.4091
10.8163	53	78.0000	75.5227
11.0204	54	78.0000	75.6364
11.2245	55	77.0000	75.7500
11.4286	56	76.0000	75.8636
11.6327	57	78.0000	75.9773
11.8367	58	78.0000	76.0909
12.0408	59	77.0000	76.2045
12.2449	60	78.0000	76.3182
12.4490	61	78.0000	76.4318
12.6531	62	77.0000	76.5455
12.8571	63	78.0000	76.6591
13.0612	64	78.0000	76.7727
13.2653	65	77.0000	76.8864
13.4694	66	77.0000	77.0000
13.6735	67	77.0000	77.0784
13.8776	68	77.0000	77.1569
14.0816	69	79.0000	77.2353
14.2857	70	77.0000	77.3137
14.4898	71	78.0000	77.3922
14.6939	72	77.0000	77.4706
14.8980	73	79.0000	77.5490
15.1020	74	78.0000	77.6274
15.3061	75	80.0000	77.7059
15.5102	76	78.0000	77.7843
15.7143	77	79.0000	77.8627
15.9184	78	80.0000	77.9412
16.1224	79	80.0000	78.0196
16.3265	80	79.0000	78.0980
16.5306	81	82.0000	78.1765
16.7347	82	82.0000	78.2549
16.9388	83	83.0000	78.3333
17.1429	84	84.0000	78.4118
17.3469	85	84.0000	78.4902
17.5510	86	85.0000	78.5686
17.7551	87	87.0000	78.6471
17.9592	88	88.0000	78.7255
18.1633	89	91.0000	78.8039
18.3673	90	91.0000	78.8824
18.5714	91	97.0000	78.9608
18.7755	92	103.0000	79.0392
18.9796	93	103.0000	79.1176
19.1837	94	107.0000	79.1961
19.3878	95	108.0000	79.2745
19.5918	96	113.0000	79.3529
19.7959	97	115.0000	79.4314
20.0000	98	116.0000	79.5098
20.2041	99	116.0000	79.5882
20.4082	100	122.0000	79.6667
20.6122	101	122.0000	79.7451
20.8163	102	123.0000	79.8235
21.0204	103	121.0000	79.9020
21.2245	104	121.0000	79.9804
21.4286	105	119.0000	80.0588
21.6327	106	121.0000	80.1373
21.8367	107	121.0000	80.2157
22.0408	108	121.0000	80.2941
22.2449	109	124.0000	80.3726
22.4490	110	118.0000	80.4510
22.6531	111	117.0000	80.5294
22.8571	112	118.0000	80.6078
23.0612	113	114.0000	80.6863
23.2653	114	116.0000	80.7647
23.4694	115	115.0000	80.8431
23.6735	116	114.0000	80.9216
23.8776	117	109.0000	81.0000
24.0816	118	109.0000	81.0784
24.2857	119	110.0000	81.1569
24.4898	120	111.0000	81.2353
24.6939	121	111.0000	81.3137
24.8980	122	107.0000	81.3922
25.1020	123	107.0000	81.4706
25.3061	124	106.0000	81.5490
25.5102	125	104.0000	81.6274
25.7143	126	108.0000	81.7059
25.9184	127	107.0000	81.7843
26.1224	128	109.0000	81.8627
26.3265	129	105.0000	81.9412
26.5306	130	103.0000	82.0196
26.7347	131	105.0000	82.0980
26.9388	132	100.0000	82.1765
27.1429	133	100.0000	82.2549
27.3469	134	100.0000	82.3333
27.5510	135	99.0000	82.4118
27.7551	136	97.0000	82.4902
27.9592	137	97.0000	82.5686
28.1633	138	98.0000	82.6471
28.3673	139	98.0000	82.7255
28.5714	140	95.0000	82.8039
28.7755	141	95.0000	82.8824
28.9796	142	97.0000	82.9608
29.1837	143	95.0000	83.0392
29.3878	144	93.0000	83.1176
29.5918	145	94.0000	83.1961
29.7959	146	91.0000	83.2745
30.0000	147	93.0000	83.3529
30.2041	148	92.0000	83.4314
30.4082	149	91.0000	83.5098
30.6122	150	90.0000	83.5882
30.8163	151	91.0000	83.6667
31.0204	152	89.0000	83.7451
31.2245	153	89.0000	83.8235
31.4286	154	89.0000	83.9020
31.6327	155	89.0000	83.9804
31.8367	156	88.0000	84.0588
32.0408	157	88.0000	84.1373
32.2449	158	89.0000	84.2157
32.4490	159	88.0000	84.2941
32.6531	160	87.0000	84.3726
32.8571	161	88.0000	84.4510
33.0612	162	87.0000	84.5294
33.2653	163	87.0000	84.6078
33.4694	164	85.0000	84.6863
33.6735	165	85.0000	84.7647
33.8776	166	86.0000	84.8431
34.0816	167	86.0000	84.9216
34.2857	168	85.0000	85.0000
34.4898	169	87.0000	84.8529
34.6939	170	85.0000	84.7059
34.8980	171	84.0000	84.5588
35.1020	172	84.0000	84.4118
35.3061	173	86.0000	84.2647
35.5102	174	86.0000	84.1176
35.7143	175	86.0000	83.9706
35.9184	176	85.0000	83.8235
36.1224	177	84.0000	83.6765
36.3265	178	84.0000	83.5294
36.5306	179	84.0000	83.3824
36.7347	180	83.0000	83.2353
36.9388	181	82.0000	83.0882
37.1429	182	82.0000	82.9412
37.3469	183	83.0000	82.7941
37.5510	184	83.0000	82.6471
37.7551	185	83.0000	82.5000
37.9592	186	82.0000	82.3529
38.1633	187	83.0000	82.2059
38.3673	188	84.0000	82.0588
38.5714	189	81.0000	81.9118
38.7755	190	83.0000	81.7647
38.9796	191	83.0000	81.6176
39.1837	192	82.0000	81.4706
39.3878	193	82.0000	81.3235
39.5918	194	82.0000	81.1765
39.7959	195	82.0000	81.0294
40.0000	196	81.0000	80.8824
40.2041	197	82.0000	80.7353
40.4082	198	81.0000	80.5882
40.6122	199	82.0000	80.4412
40.8163	200	83.0000	80.2941
41.0204	201	81.0000	80.1471
41.2245	202	80.0000	80.0000
41.4286	203	81.0000	79.9545
41.6327	204	81.0000	79.9091
41.8367	205	80.0000	79.8636
42.0408	206	81.0000	79.8182
42.2449	207	81.0000	79.7727
42.4490	208	82.0000	79.7273
42.6531	209	80.0000	79.6818
42.8571	210	80.0000	79.6364
43.0612	211	78.0000	79.5909
43.2653	212	81.0000	79.5455
43.4694	213	81.0000	79.5000
43.6735	214	80.0000	79.4545
43.8776	215	80.0000	79.4091
44.0816	216	80.0000	79.3636
44.2857	217	80.0000	79.3182
44.4898	218	79.0000	79.2727
44.6939	219	79.0000	79.2273
44.8980	220	79.0000	79.1818
45.1020	221	80.0000	79.1364
45.3061	222	80.0000	79.0909
45.5102	223	79.0000	79.0455
45.7143	224	79.0000	79.0000
45.9184	225	80.0000	78.9167
46.1224	226	79.0000	78.8333
46.3265	227	78.0000	78.7500
46.5306	228	79.0000	78.6667
46.7347	229	78.0000	78.5833
46.9388	230	79.0000	78.5000
47.1429	231	78.0000	78.4167
47.3469	232	79.0000	78.3333
47.5510	233	79.0000	78.2500
47.7551	234	79.0000	78.1667
47.9592	235	78.0000	78.0833
48.1633	236	78.0000	78.0000
48.3673	237	80.0000	77.9167
48.5714	238	79.0000	77.8333
48.7755	239	77.0000	77.7500
48.9796	240	78.0000	77.6667
49.1837	241	78.0000	77.5833
49.3878	242	80.0000	77.5000
49.5918	243	78.0000	77.4167
49.7959	244	78.0000	77.3333
50.0000	245	79.0000	77.2500
50.2041	246	80.0000	77.1667
50.4082	247	79.0000	77.0833
50.6122	248	77.0000	77.0000
50.8163	249	79.0000	76.9688
51.0204	250	78.0000	76.9375
51.2245	251	78.0000	76.9063
51.4286	252	79.0000	76.8750
51.6327	253	78.0000	76.8438
51.8367	254	78.0000	76.8125
52.0408	255	78.0000	76.7813
52.2449	256	78.0000	76.7500
52.4490	257	77.0000	76.7188
52.6531	258	78.0000	76.6875
52.8571	259	77.0000	76.6563
53.0612	260	77.0000	76.6250
53.2653	261	77.0000	76.5938
53.4694	262	77.0000	76.5625
53.6735	263	77.0000	76.5313
53.8776	264	76.0000	76.5000
54.0816	265	78.0000	76.4688
54.2857	266	77.0000	76.4375
54.4898	267	76.0000	76.4063
54.6939	268	77.0000	76.3750
54.8980	269	77.0000	76.3438
55.1020	270	77.0000	76.3125
55.3061	271	77.0000	76.2813
55.5102	272	76.0000	76.2500
55.7143	273	75.0000	76.2188
55.9184	274	75.0000	76.1875
56.1224	275	76.0000	76.1563
56.3265	276	75.0000	76.1250
56.5306	277	74.0000	76.0938
56.7347	278	77.0000	76.0625
56.9388	279	75.0000	76.0313
57.1429	280	76.0000	76.0000
57.3469	281	75.0000	75.9259
57.5510	282	74.0000	75.8519
57.7551	283	76.0000	75.7778
57.9592	284	74.0000	75.7037
58.1633	285	76.0000	75.6296
58.3673	286	76.0000	75.5556
58.5714	287	76.0000	75.4815
58.7755	288	75.0000	75.4074
58.9796	289	75.0000	75.3333
59.1837	290	76.0000	75.2593
59.3878	291	75.0000	75.1852
59.5918	292	76.0000	75.1111
59.7959	293	75.0000	75.0370
60.0000	294	75.0000	74.9630
60.2041	295	74.0000	74.8889
60.4082	296	73.0000	74.8148
60.6122	297	74.0000	74.7407
60.8163	298	75.0000	74.6667
61.0204	299	74.0000	74.5926
61.2245	300	76.0000	74.5185
61.4286	301	74.0000	74.4444
61.6327	302	75.0000	74.3704
61.8367	303	75.0000	74.2963
62.0408	304	74.0000	74.2222
62.2449	305	76.0000	74.1481
62.4490	306	74.0000	74.0741
62.6531	307	74.0000	74.0000
62.8571	308	73.0000	73.9375
63.0612	309	75.0000	73.8750
63.2653	310	76.0000	73.8125
63.4694	311	74.0000	73.7500
63.6735	312	74.0000	73.6875
63.8776	313	75.0000	73.6250
64.0816	314	75.0000	73.5625
64.2857	315	74.0000	73.5000
64.4898	316	74.0000	73.4375
64.6939	317	75.0000	73.3750
64.8980	318	73.0000	73.3125
65.1020	319	74.0000	73.2500
65.3061	320	75.0000	73.1875
65.5102	321	73.0000	73.1250
65.7143	322	73.0000	73.0625
65.9184	323	74.0000	73.0000
66.1224	324	72.0000	72.9375
66.3265	325	73.0000	72.8750
66.5306	326	73.0000	72.8125
66.7347	327	73.0000	72.7500
66.9388	328	73.0000	72.6875
67.1429	329	73.0000	72.6250
67.3469	330	72.0000	72.5625
67.5510	331	72.0000	72.5000
67.7551	332	72.0000	72.4375
67.9592	333	73.0000	72.3750
68.1633	334	71.0000	72.3125
68.3673	335	73.0000	72.2500
68.5714	336	71.0000	72.1875
68.7755	337	72.0000	72.1250
68.9796	338	71.0000	72.0625
69.1837	339	72.0000	72.0000
69.3878	340	72.0000	71.9063
69.5918	341	71.0000	71.8125
69.7959	342	72.0000	71.7188
70.0000	343	72.0000	71.6250
70.2041	344	71.0000	71.5313
70.4082	345	72.0000	71.4375
70.6122	346	71.0000	71.3438
70.8163	347	73.0000	71.2500
71.0204	348	71.0000	71.1563
71.2245	349	71.0000	71.0625
71.4286	350	72.0000	70.9688
71.6327	351	71.0000	70.8750
71.8367	352	72.0000	70.7813
72.0408	353	71.0000	70.6875
72.2449	354	70.0000	70.5938
72.4490	355	72.0000	70.5000
72.6531	356	71.0000	70.4063
72.8571	357	71.0000	70.3125
73.0612	358	71.0000	70.2188
73.2653	359	72.0000	70.1250
73.4694	360	71.0000	70.0313
73.6735	361	70.0000	69.9375
73.8776	362	71.0000	69.8438
74.0816	363	71.0000	69.7500
74.2857	364	71.0000	69.6563
74.4898	365	70.0000	69.5625
74.6939	366	71.0000	69.4688
74.8980	367	71.0000	69.3750
75.1020	368	70.0000	69.2813
75.3061	369	70.0000	69.1875
75.5102	370	70.0000	69.0938
75.7143	371	69.0000	69.0000
75.9184	372	71.0000	69.0000
76.1224	373	71.0000	69.0000
76.3265	374	70.0000	69.0000
76.5306	375	70.0000	69.0000
76.7347	376	70.0000	69.0000
76.9388	377	71.0000	69.0000
77.1429	378	70.0000	69.0000
77.3469	379	70.0000	69.0000
77.5510	380	71.0000	69.0000
77.7551	381	69.0000	69.0000
77.9592	382	71.0000	69.0000
78.1633	383	70.0000	69.0000
78.3673	384	70.0000	69.0000
78.5714	385	69.0000	69.0000
78.7755	386	70.0000	69.0000
78.9796	387	71.0000	69.0000
79.1837	388	70.0000	69.0000
79.3878	389	70.0000	69.0000
79.5918	390	71.0000	69.0000
79.7959	391	70.0000	69.0000
80.0000	392	69.0000	69.0000
80.2041	393	70.0000	69.0000
80.4082	394	69.0000	69.0000
80.6122	395	69.0000	69.0000
80.8163	396	71.0000	69.0000
81.0204	397	71.0000	69.0000
81.2245	398	69.0000	69.0000
81.4286	399	70.0000	69.0000
81.6327	400	71.0000	69.0000
81.8367	401	69.0000	69.0000
82.0408	402	70.0000	69.0000
82.2449	403	70.0000	69.0000
82.4490	404	70.0000	69.0000
82.6531	405	70.0000	69.0000
82.8571	406	70.0000	69.0000
83.0612	407	70.0000	69.0000
83.2653	408	68.0000	69.0000
83.4694	409	69.0000	69.0000
83.6735	410	68.0000	68.9787
83.8776	411	71.0000	68.9574
84.0816	412	69.0000	68.9362
84.2857	413	69.0000	68.9149
84.4898	414	69.0000	68.8936
84.6939	415	70.0000	68.8723
84.8980	416	70.0000	68.8511
85.1020	417	70.0000	68.8298
85.3061	418	70.0000	68.8085
85.5102	419	69.0000	68.7872
85.7143	420	71.0000	68.7660
85.9184	421	70.0000	68.7447
86.1224	422	70.0000	68.7234
86.3265	423	69.0000	68.7021
86.5306	424	71.0000	68.6809
86.7347	425	69.0000	68.6596
86.9388	426	70.0000	68.6383
87.1429	427	70.0000	68.6170
87.3469	428	70.0000	68.5957
87.5510	429	69.0000	68.5745
87.7551	430	70.0000	68.5532
87.9592	431	69.0000	68.5319
88.1633	432	70.0000	68.5106
88.3673	433	70.0000	68.4894
88.5714	434	69.0000	68.4681
88.7755	435	70.0000	68.4468
88.9796	436	69.0000	68.4255
89.1837	437	70.0000	68.4043
89.3878	438	70.0000	68.3830
89.5918	439	70.0000	68.3617
89.7959	440	70.0000	68.3404
90.0000	441	69.0000	68.3191
90.2041	442	69.0000	68.2979
90.4082	443	70.0000	68.2766
90.6122	444	70.0000	68.2553
90.8163	445	70.0000	68.2340
91.0204	446	70.0000	68.2128
91.2245	447	70.0000	68.1915
91.4286	448	69.0000	68.1702
91.6327	449	70.0000	68.1489
91.8367	450	70.0000	68.1277
92.0408	451	70.0000	68.1064
92.2449	452	70.0000	68.0851
92.4490	453	71.0000	68.0638
92.6531	454	70.0000	68.0426
92.8571	455	71.0000	68.0213
93.0612	456	68.0000	68.0000
93.2653	457	71.0000	68.0476
93.4694	458	70.0000	68.0952
93.6735	459	71.0000	68.1429
93.8776	460	70.0000	68.1905
94.0816	461	71.0000	68.2381
94.2857	462	70.0000	68.2857
94.4898	463	72.0000	68.3333
94.6939	464	70.0000	68.3810
94.8980	465	71.0000	68.4286
95.1020	466	70.0000	68.4762
95.3061	467	70.0000	68.5238
95.5102	468	71.0000	68.5714
95.7143	469	70.0000	68.6190
95.9184	470	71.0000	68.6667
96.1224	471	70.0000	68.7143
96.3265	472	70.0000	68.7619
96.5306	473	71.0000	68.8095
96.7347	474	72.0000	68.8571
96.9388	475	70.0000	68.9048
97.1429	476	69.0000	68.9524
97.3469	477	69.0000	69.0000
97.5510	478	70.0000	69.2308
97.7551	479	71.0000	69.4615
97.9592	480	69.0000	69.6923
98.1633	481	70.0000	69.9231
98.3673	482	70.0000	70.1538
98.5714	483	70.0000	70.3846
98.7755	484	72.0000	70.6154
98.9796	485	71.0000	70.8462
99.1837	486	70.0000	71.0769
99.3878	487	71.0000	71.3077
99.5918	488	72.0000	71.5385
99.7959	489	71.0000	71.7692
100.0000	490	72.0000	72.0000
---------- 6: r2a_c6 ----------
Offset(%)	Offset(pix)	Profile	Background
0.0000	0	76.0000	76.0000
0.2041	1	77.0000	76.0000
0.4082	2	75.0000	76.0000
0.6122	3	75.0000	76.0000
0.8163	4	75.0000	76.0000
1.0204	5	76.0000	76.0000
1.2245	6	76.0000	76.0000
1.4286	7	75.0000	76.0573
1.6327	8	75.0000	76.1146
1.8367	9	77.0000	76.1719
2.0408	10	75.0000	76.2292
2.2449	11	77.0000	76.2865
2.4490	12	75.0000	76.3438
2.6531	13	76.0000	76.4010
2.8571	14	76.0000	76.4583
3.0612	15	77.0000	76.5156
3.2653	16	76.0000	76.5729
3.4694	17	78.0000	76.6302
3.6735	18	77.0000	76.6875
3.8776	19	76.0000	76.7448
4.0816	20	77.0000	76.8021
4.2857	21	76.0000	76.8594
4.4898	22	76.0000	76.9167
4.6939	23	77.0000	76.9740
4.8980	24	83.0000	77.0313
5.1020	25	85.0000	77.0885
5.3061	26	81.0000	77.1458
5.5102	27	80.0000	77.2031
5.7143	28	78.0000	77.2604
5.9184	29	77.0000	77.3177
6.1224	30	78.0000	77.3750
6.3265	31	77.0000	77.4323
6.5306	32	75.0000	77.4896
6.7347	33	76.0000	77.5469
6.9388	34	91.0000	77.6042
7.1429	35	118.0000	77.6615
7.3469	36	128.0000	77.7188
7.5510	37	123.0000	77.7760
7.7551	38	109.0000	77.8333
7.9592	39	119.0000	77.8906
8.1633	40	119.0000	77.9479
8.3673	41	110.0000	78.0052
8.5714	42	125.0000	78.0625
8.7755	43	128.0000	78.1198
8.9796	44	115.0000	78.1771
9.1837	45	107.0000	78.2344
9.3878	46	98.0000	78.2917
9.5918	47	94.0000	78.3490
9.7959	48	89.0000	78.4063
10.0000	49	89.0000	78.4635
10.2041	50	89.0000	78.5208
10.4082	51	89.0000	78.5781
10.6122	52	89.0000	78.6354
10.8163	53	91.0000	78.6927
11.0204	54	90.0000	78.7500
11.2245	55	90.0000	78.8073
11.4286	56	90.0000	78.8646
11.6327	57	91.0000	78.9219
11.8367	58	90.0000	78.9792
12.0408	59	90.0000	79.0365
12.2449	60	91.0000	79.0938
12.4490	61	91.0000	79.1510
12.6531	62	92.0000	79.2083
12.8571	63	93.0000	79.2656
13.0612	64	93.0000	79.3229
13.2653	65	94.0000	79.3802
13.4694	66	93.0000	79.4375
13.6735	67	94.0000	79.4948
13.8776	68	94.0000	79.5521
14.0816	69	93.0000	79.6094
14.2857	70	93.0000	79.6667
14.4898	71	95.0000	79.7240
14.6939	72	95.0000	79.7813
14.8980	73	98.0000	79.8385
15.1020	74	95.0000	79.8958
15.3061	75	98.0000	79.9531
15.5102	76	99.0000	80.0104
15.7143	77	101.0000	80.0677
15.9184	78	104.0000	80.1250
16.1224	79	105.0000	80.1823
16.3265	80	108.0000	80.2396
16.5306	81	111.0000	80.2969
16.7347	82	112.0000	80.3542
16.9388	83	117.0000	80.4115
17.1429	84	125.0000	80.4688
17.3469	85	131.0000	80.5260
17.5510	86	140.0000	80.5833
17.7551	87	150.0000	80.6406
17.9592	88	164.0000	80.6979
18.1633	89	175.0000	80.7552
18.3673	90	199.0000	80.8125
18.5714	91	213.0000	80.8698
18.7755	92	230.0000	80.9271
18.9796	93	236.0000	80.9844
19.1837	94	246.0000	81.0417
19.3878	95	260.0000	81.0990
19.5918	96	257.0000	81.1563
19.7959	97	268.0000	81.2135
20.0000	98	256.0000	81.2708
20.2041	99	263.0000	81.3281
20.4082	100	259.0000	81.3854
20.6122	101	259.0000	81.4427
20.8163	102	252.0000	81.5000
21.0204	103	249.0000	81.5573
21.2245	104	242.0000	81.6146
21.4286	105	234.0000	81.6719
21.6327	106	231.0000	81.7292
21.8367	107	223.0000	81.7865
22.0408	108	215.0000	81.8438
22.2449	109	213.0000	81.9010
22.4490	110	209.0000	81.9583
22.6531	111	200.0000	82.0156
22.8571	112	192.0000	82.0729
23.0612	113	190.0000	82.1302
23.2653	114	184.0000	82.1875
23.4694	115	181.0000	82.2448
23.6735	116	179.0000	82.3021
23.8776	117	173.0000	82.3594
24.0816	118	168.0000	82.4167
24.2857	119	165.0000	82.4740
24.4898	120	163.0000	82.5313
24.6939	121	160.0000	82.5885
24.8980	122	154.0000	82.6458
25.1020	123	152.0000	82.7031
25.3061	124	146.0000	82.7604
25.5102	125	146.0000	82.8177
25.7143	126	144.0000	82.8750
25.9184	127	139.0000	82.9323
26.1224	128	136.0000	82.9896
26.3265	129	135.0000	83.0469
26.5306	130	136.0000	83.1042
26.7347	131	134.0000	83.1615
26.9388	132	130.0000	83.2188
27.1429	133	127.0000	83.2760
27.3469	134	125.0000	83.3333
27.5510	135	128.0000	83.3906
27.7551	136	123.0000	83.4479
27.9592	137	121.0000	83.5052
28.1633	138	122.0000	83.5625
28.3673	139	118.0000	83.6198
28.5714	140	118.0000	83.6771
28.7755	141	116.0000	83.7344
28.9796	142	113.0000	83.7917
29.1837	143	113.0000	83.8490
29.3878	144	112.0000	83.9063
29.5918	145	112.0000	83.9635
29.7959	146	109.0000	84.0208
30.0000	147	108.0000	84.0781
30.2041	148	106.0000	84.1354
30.4082	149	107.0000	84.1927
30.6122	150	106.0000	84.2500
30.8163	151	106.0000	84.3073
31.0204	152	105.0000	84.3646
31.2245	153	105.0000	84.4219
31.4286	154	103.0000	84.4792
31.6327	155	102.0000	84.5365
31.8367	156	101.0000	84.5938
32.0408	157	100.0000	84.6510
32.2449	158	100.0000	84.7083
32.4490	159	100.0000	84.7656
32.6531	160	99.0000	84.8229
32.8571	161	95.0000	84.8802
33.0612	162	97.0000	84.9375
33.2653	163	97.0000	84.9948
33.4694	164	98.0000	85.0521
33.6735	165	97.0000	85.1094
33.8776	166	95.0000	85.1667
34.0816	167	94.0000	85.2240
34.2857	168	97.0000	85.2813
34.4898	169	94.0000	85.3385
34.6939	170	95.0000	85.3958
34.8980	171	94.0000	85.4531
35.1020	172	92.0000	85.5104
35.3061	173	93.0000	85.5677
35.5102	174	95.0000	85.6250
35.7143	175	93.0000	85.6823
35.9184	176	93.0000	85.7396
36.1224	177	89.0000	85.7969
36.3265	178	92.0000	85.8542
36.5306	179	92.0000	85.9115
36.7347	180	91.0000	85.9688
36.9388	181	90.0000	86.0260
37.1429	182	91.0000	86.0833
37.3469	183	91.0000	86.1406
37.5510	184	91.0000	86.1979
37.7551	185	89.0000	86.2552
37.9592	186	90.0000	86.3125
38.1633	187	88.0000	86.3698
38.3673	188	90.0000	86.4271
38.5714	189	89.0000	86.4844
38.7755	190	88.0000	86.5417
38.9796	191	88.0000	86.5990
39.1837	192	89.0000	86.6563
39.3878	193	88.0000	86.7135
39.5918	194	88.0000	86.7708
39.7959	195	88.0000	86.8281
40.0000	196	85.0000	86.8854
40.2041	197	87.0000	86.9427
40.4082	198	87.0000	87.0000
40.6122	199	88.0000	86.8800
40.8163	200	85.0000	86.7600
41.0204	201	87.0000	86.6400
41.2245	202	86.0000	86.5200
41.4286	203	86.0000	86.4000
41.6327	204	86.0000	86.2800
41.8367	205	88.0000	86.1600
42.0408	206	86.0000	86.0400
42.2449	207	85.0000	85.9200
42.4490	208	86.0000	85.8000
42.6531	209	85.0000	85.6800
42.8571	210	83.0000	85.5600
43.0612	211	86.0000	85.4400
43.2653	212	87.0000	85.3200
43.4694	213	85.0000	85.2000
43.6735	214	84.0000	85.0800
43.8776	215	85.0000	84.9600
44.0816	216	84.0000	84.8400
44.2857	217	84.0000	84.7200
44.4898	218	86.0000	84.6000
44.6939	219	83.0000	84.4800
44.8980	220	85.0000	84.3600
45.1020	221	84.0000	84.2400
45.3061	222	84.0000	84.1200
45.5102	223	84.0000	84.0000
45.7143	224	84.0000	83.9016
45.9184	225	84.0000	83.8033
46.1224	226	84.0000	83.7049
46.3265	227	84.0000	83.6066
46.5306	228	83.0000	83.5082
46.7347	229	83.0000	83.4098
46.9388	230	83.0000	83.3115
47.1429	231	84.0000	83.2131
47.3469	232	84.0000	83.1148
47.5510	233	82.0000	83.0164
47.7551	234	84.0000	82.9180
47.9592	235	82.0000	82.8197
48.1633	236	83.0000	82.7213
48.3673	237	83.0000	82.6229
48.5714	238	83.0000	82.5246
48.7755	239	83.0000	82.4262
48.9796	240	83.0000	82.3279
49.1837	241	83.0000	82.2295
49.3878	242	83.0000	82.1311
49.5918	243	80.0000	82.0328
49.7959	244	81.0000	81.9344
50.0000	245	82.0000	81.8361
50.2041	246	80.0000	81.7377
50.4082	247	79.0000	81.6393
50.6122	248	81.0000	81.5410
50.8163	249	81.0000	81.4426
51.0204	250	82.0000	81.3443
51.2245	251	82.0000	81.2459
51.4286	252	81.0000	81.1475
51.6327	253	80.0000	81.0492
51.8367	254	80.0000	80.9508
52.0408	255	81.0000	80.8525
52.2449	256	80.0000	80.7541
52.4490	257	79.0000	80.6557
52.6531	258	78.0000	80.5574
52.8571	259	79.0000	80.4590
53.0612	260	79.0000	80.3607
53.2653	261	79.0000	80.2623
53.4694	262	81.0000	80.1639
53.6735	263	78.0000	80.0656
53.8776	264	79.0000	79.9672
54.0816	265	79.0000	79.8689
54.2857	266	79.0000	79.7705
54.4898	267	80.0000	79.6721
54.6939	268	80.0000	79.5738
54.8980	269	78.0000	79.4754
55.1020	270	80.0000	79.3771
55.3061	271	80.0000	79.2787
55.5102	272	80.0000	79.1803
55.7143	273	77.0000	79.0820
55.9184	274	79.0000	78.9836
56.1224	275	79.0000	78.8852
56.3265	276	78.0000	78.7869
56.5306	277	78.0000	78.6885
56.7347	278	78.0000	78.5902
56.9388	279	77.0000	78.4918
57.1429	280	77.0000	78.3934
57.3469	281	76.0000	78.2951
57.5510	282	77.0000	78.1967
57.7551	283	77.0000	78.0984
57.9592	284	78.0000	78.0000
58.1633	285	77.0000	77.9474
58.3673	286	79.0000	77.8947
58.5714	287	79.0000	77.8421
58.7755	288	76.0000	77.7895
58.9796	289	79.0000	77.7368
59.1837	290	78.0000	77.6842
59.3878	291	79.0000	77.6316
59.5918	292	75.0000	77.5789
59.7959	293	77.0000	77.5263
60.0000	294	77.0000	77.4737
60.2041	295	76.0000	77.4211
60.4082	296	77.0000	77.3684
60.6122	297	77.0000	77.3158
60.8163	298	78.0000	77.2632
61.0204	299	76.0000	77.2105
61.2245	300	77.0000	77.1579
61.4286	301	76.0000	77.1053
61.6327	302	75.0000	77.0526
61.8367	303	77.0000	77.0000
62.0408	304	76.0000	76.9242
62.2449	305	76.0000	76.8485
62.4490	306	76.0000	76.7727
62.6531	307	76.0000	76.6970
62.8571	308	77.0000	76.6212
63.0612	309	77.0000	76.5455
63.2653	310	76.0000	76.4697
63.4694	311	76.0000	76.3939
63.6735	312	78.0000	76.3182
63.8776	313	78.0000	76.2424
64.0816	314	77.0000	76.1667
64.2857	315	75.0000	76.0909
64.4898	316	76.0000	76.0152
64.6939	317	76.0000	75.9394
64.8980	318	78.0000	75.8636
65.1020	319	77.0000	75.7879
65.3061	320	76.0000	75.7121
65.5102	321	76.0000	75.6364
65.7143	322	77.0000	75.5606
65.9184	323	78.0000	75.4848
66.1224	324	76.0000	75.4091
66.3265	325	74.0000	75.3333
66.5306	326	75.0000	75.2576
66.7347	327	75.0000	75.1818
66.9388	328	76.0000	75.1061
67.1429	329	75.0000	75.0303
67.3469	330	74.0000	74.9545
67.5510	331	74.0000	74.8788
67.7551	332	73.0000	74.8030
67.9592	333	74.0000	74.7273
68.1633	334	73.0000	74.6515
68.3673	335	75.0000	74.5758
68.5714	336	74.0000	74.5000
68.7755	337	74.0000	74.4242
68.9796	338	75.0000	74.3485
69.1837	339	74.0000	74.2727
69.3878	340	72.0000	74.1970
69.5918	341	72.0000	74.1212
69.7959	342	72.0000	74.0455
70.0000	343	71.0000	73.9697
70.2041	344	72.0000	73.8939
70.4082	345	73.0000	73.8182
70.6122	346	72.0000	73.7424
70.8163	347	73.0000	73.6667
71.0204	348	73.0000	73.5909
71.2245	349	72.0000	73.5152
71.4286	350	73.0000	73.4394
71.6327	351	72.0000	73.3636
71.8367	352	72.0000	73.2879
72.0408	353	72.0000	73.2121
72.2449	354	72.0000	73.1364
72.4490	355	72.0000	73.0606
72.6531	356	72.0000	72.9848
72.8571	357	72.0000	72.9091
73.0612	358	71.0000	72.8333
73.2653	359	73.0000	72.7576
73.4694	360	72.0000	72.6818
73.6735	361	71.0000	72.6061
73.8776	362	72.0000	72.5303
74.0816	363	72.0000	72.4545
74.2857	364	72.0000	72.3788
74.4898	365	71.0000	72.3030
74.6939	366	72.0000	72.2273
74.8980	367	71.0000	72.1515
75.1020	368	71.0000	72.0758
75.3061	369	72.0000	72.0000
75.5102	370	70.0000	71.8636
75.7143	371	70.0000	71.7273
75.9184	372	70.0000	71.5909
76.1224	373	71.0000	71.4545
76.3265	374	70.0000	71.3182
76.5306	375	70.0000	71.1818
76.7347	376	70.0000	71.0455
76.9388	377	70.0000	70.9091
77.1429	378	71.0000	70.7727
77.3469	379	71.0000	70.6364
77.5510	380	70.0000	70.5000
77.7551	381	69.0000	70.3636
77.9592	382	70.0000	70.2273
78.1633	383	69.0000	70.0909
78.3673	384	69.0000	69.9545
78.5714	385	69.0000	69.8182
78.7755	386	70.0000	69.6818
78.9796	387	70.0000	69.5455
79.1837	388	70.0000	69.4091
79.3878	389	69.0000	69.2727
79.5918	390	70.0000	69.1364
79.7959	391	69.0000	69.0000
80.0000	392	69.0000	69.0000
80.2041	393	71.0000	69.0000
80.4082	394	70.0000	69.0000
80.6122	395	71.0000	69.0000
80.8163	396	70.0000	69.0000
81.0204	397	69.0000	69.0000
81.2245	398	71.0000	69.0000
81.4286	399	69.0000	69.0000
81.6327	400	71.0000	69.0000
81.8367	401	70.0000	69.0000
82.0408	402	70.0000	69.0000
82.2449	403	69.0000	69.0000
82.4490	404	70.0000	69.0000
82.6531	405	69.0000	69.0000
82.8571	406	69.0000	69.0000
83.0612	407	69.0000	69.0000
83.2653	408	70.0000	69.0000
83.4694	409	69.0000	69.0000
83.6735	410	69.0000	69.0000
83.8776	411	71.0000	69.0000
84.0816	412	70.0000	69.0000
84.2857	413	70.0000	69.0000
84.4898	414	68.0000	69.0000
84.6939	415	71.0000	69.0000
84.8980	416	69.0000	69.0000
85.1020	417	68.0000	69.0000
85.3061	418	70.0000	69.0000
85.5102	419	69.0000	69.0000
85.7143	420	69.0000	69.0263
85.9184	421	70.0000	69.0526
86.1224	422	70.0000	69.0789
86.3265	423	69.0000	69.1053
86.5306	424	69.0000	69.1316
86.7347	425	69.0000	69.1579
86.9388	426	70.0000	69.1842
87.1429	427	69.0000	69.2105
87.3469	428	68.0000	69.2368
87.5510	429	71.0000	69.2632
87.7551	430	70.0000	69.2895
87.9592	431	69.0000	69.3158
88.1633	432	69.0000	69.3421
88.3673	433	70.0000	69.3684
88.5714	434	69.0000	69.3947
88.7755	435	69.0000	69.4211
88.9796	436	70.0000	69.4474
89.1837	437	69.0000	69.4737
89.3878	438	70.0000	69.5000
89.5918	439	68.0000	69.5263
89.7959	440	69.0000	69.5526
90.0000	441	69.0000	69.5789
90.2041	442	70.0000	69.6053
90.4082	443	69.0000	69.6316
90.6122	444	70.0000	69.6579
90.8163	445	70.0000	69.6842
91.0204	446	70.0000	69.7105
91.2245	447	70.0000	69.7368
91.4286	448	69.0000	69.7632
91.6327	449	70.0000	69.7895
91.8367	450	69.0000	69.8158
92.0408	451	69.0000	69.8421
92.2449	452	69.0000	69.8684
92.4490	453	70.0000	69.8947
92.6531	454	69.0000	69.9211
92.8571	455	69.0000	69.9474
93.0612	456	69.0000	69.9737
93.2653	457	70.0000	70.0000
93.4694	458	70.0000	69.8947
93.6735	459	70.0000	69.7895
93.8776	460	70.0000	69.6842
94.0816	461	70.0000	69.5789
94.2857	462	69.0000	69.4737
94.4898	463	71.0000	69.3684
94.6939	464	69.0000	69.2632
94.8980	465	71.0000	69.1579
95.1020	466	70.0000	69.0526
95.3061	467	71.0000	68.9474
95.5102	468	69.0000	68.8421
95.7143	469	71.0000	68.7368
95.9184	470	70.0000	68.6316
96.1224	471	70.0000	68.5263
96.3265	472	70.0000	68.4211
96.5306	473	71.0000	68.3158
96.7347	474	71.0000	68.2105
96.9388	475	70.0000	68.1053
97.1429	476	68.0000	68.0000
97.3469	477	71.0000	68.1429
97.5510	478	70.0000	68.2857
97.7551	479	70.0000	68.4286
97.9592	480	70.0000	68.5714
98.1633	481	69.0000	68.7143
98.3673	482	71.0000	68.8571
98.5714	483	70.0000	69.0000
98.7755	484	70.0000	69.1429
98.9796	485	70.0000	69.2857
99.1837	486	71.0000	69.4286
99.3878	487	71.0000	69.5714
99.5918	488	70.0000	69.7143
99.7959	489	71.0000	69.8571
100.0000	490	70.0000	70.0000
