---------- 1: r2a_a1 ----------
Offset(%)	Offset(pix)	Profile	Background
0.0000	0	72.0000	72.0000
0.2033	1	71.0000	71.6667
0.4065	2	73.0000	71.3333
0.6098	3	71.0000	71.0000
0.8130	4	72.0000	71.0145
1.0163	5	74.0000	71.0290
1.2195	6	71.0000	71.0435
1.4228	7	73.0000	71.0580
1.6260	8	73.0000	71.0725
1.8293	9	73.0000	71.0870
2.0325	10	73.0000	71.1014
2.2358	11	75.0000	71.1159
2.4390	12	76.0000	71.1304
2.6423	13	76.0000	71.1449
2.8455	14	77.0000	71.1594
3.0488	15	81.0000	71.1739
3.2520	16	95.0000	71.1884
3.4553	17	109.0000	71.2029
3.6585	18	109.0000	71.2174
3.8618	19	98.0000	71.2319
4.0650	20	89.0000	71.2464
4.2683	21	86.0000	71.2609
4.4715	22	84.0000	71.2754
4.6748	23	81.0000	71.2899
4.8780	24	81.0000	71.3043
5.0813	25	81.0000	71.3188
5.2846	26	80.0000	71.3333
5.4878	27	81.0000	71.3478
5.6911	28	79.0000	71.3623
5.8943	29	81.0000	71.3768
6.0976	30	83.0000	71.3913
6.3008	31	82.0000	71.4058
6.5041	32	83.0000	71.4203
6.7073	33	82.0000	71.4348
6.9106	34	85.0000	71.4493
7.1138	35	87.0000	71.4638
7.3171	36	91.0000	71.4783
7.5203	37	96.0000	71.4928
7.7236	38	102.0000	71.5072
7.9268	39	119.0000	71.5217
8.1301	40	146.0000	71.5362
8.3333	41	177.0000	71.5507
8.5366	42	189.0000	71.5652
8.7398	43	185.0000	71.5797
8.9431	44	172.0000	71.5942
9.1463	45	147.0000	71.6087
9.3496	46	132.0000	71.6232
9.5528	47	117.0000	71.6377
9.7561	48	114.0000	71.6522
9.9593	49	111.0000	71.6667
10.1626	50	108.0000	71.6812
10.3659	51	108.0000	71.6957
10.5691	52	105.0000	71.7101
10.7724	53	103.0000	71.7246
10.9756	54	103.0000	71.7391
11.1789	55	104.0000	71.7536
11.3821	56	102.0000	71.7681
11.5854	57	102.0000	71.7826
11.7886	58	101.0000	71.7971
11.9919	59	102.0000	71.8116
12.1951	60	103.0000	71.8261
12.3984	61	100.0000	71.8406
12.6016	62	101.0000	71.8551
12.8049	63	101.0000	71.8696
13.0081	64	101.0000	71.8841
13.2114	65	102.0000	71.8986
13.4146	66	99.0000	71.9130
13.6179	67	100.0000	71.9275
13.8211	68	104.0000	71.9420
14.0244	69	102.0000	71.9565
14.2276	70	104.0000	71.9710
14.4309	71	108.0000	71.9855
14.6341	72	109.0000	72.0000
14.8374	73	110.0000	72.0145
15.0407	74	116.0000	72.0290
15.2439	75	121.0000	72.0435
15.4472	76	123.0000	72.0580
15.6504	77	129.0000	72.0725
15.8537	78	139.0000	72.0870
16.0569	79	152.0000	72.1014
16.2602	80	169.0000	72.1159
16.4634	81	196.0000	72.1304
16.6667	82	233.0000	72.1449
16.8699	83	281.0000	72.1594
17.0732	84	326.0000	72.1739
17.2764	85	360.0000	72.1884
17.4797	86	362.0000	72.2029
17.6829	87	350.0000	72.2174
17.8862	88	322.0000	72.2319
18.0894	89	283.0000	72.2464
18.2927	90	250.0000	72.2609
18.4959	91	229.0000	72.2754
18.6992	92	203.0000	72.2899
18.9024	93	187.0000	72.3043
19.1057	94	169.0000	72.3188
19.3089	95	155.0000	72.3333
19.5122	96	144.0000	72.3478
19.7154	97	136.0000	72.3623
19.9187	98	127.0000	72.3768
20.1220	99	119.0000	72.3913
20.3252	100	113.0000	72.4058
20.5285	101	109.0000	72.4203
20.7317	102	107.0000	72.4348
20.9350	103	102.0000	72.4493
21.1382	104	100.0000	72.4638
21.3415	105	97.0000	72.4783
21.5447	106	95.0000	72.4928
21.7480	107	93.0000	72.5072
21.9512	108	91.0000	72.5217
22.1545	109	88.0000	72.5362
22.3577	110	88.0000	72.5507
22.5610	111	86.0000	72.5652
22.7642	112	86.0000	72.5797
22.9675	113	85.0000	72.5942
23.1707	114	83.0000	72.6087
23.3740	115	83.0000	72.6232
23.5772	116	82.0000	72.6377
23.7805	117	81.0000	72.6522
23.9837	118	81.0000	72.6667
24.1870	119	80.0000	72.6812
24.3902	120	78.0000	72.6957
24.5935	121	78.0000	72.7101
24.7967	122	79.0000	72.7246
25.0000	123	77.0000	72.7391
25.2033	124	76.0000	72.7536
25.4065	125	76.0000	72.7681
25.6098	126	74.0000	72.7826
25.8130	127	77.0000	72.7971
26.0163	128	74.0000	72.8116
26.2195	129	76.0000	72.8261
26.4228	130	74.0000	72.8406
26.6260	131	74.0000	72.8551
26.8293	132	74.0000	72.8696
27.0325	133	73.0000	72.8841
27.2358	134	73.0000	72.8986
27.4390	135	72.0000	72.9130
27.6423	136	72.0000	72.9275
27.8455	137	72.0000	72.9420
28.0488	138	71.0000	72.9565
28.2520	139	71.0000	72.9710
28.4553	140	72.0000	72.9855
28.6585	141	73.0000	73.0000
28.8618	142	70.0000	72.8462
29.0650	143	71.0000	72.6923
29.2683	144	71.0000	72.5385
29.4715	145	71.0000	72.3846
29.6748	146	72.0000	72.2308
29.8780	147	71.0000	72.0769
30.0813	148	70.0000	71.9231
30.2846	149	70.0000	71.7692
30.4878	150	69.0000	71.6154
30.6911	151	71.0000	71.4615
30.8943	152	69.0000	71.3077
31.0976	153	70.0000	71.1538
31.3008	154	70.0000	71.0000
31.5041	155	70.0000	70.8462
31.7073	156	70.0000	70.6923
31.9106	157	69.0000	70.5385
32.1138	158	70.0000	70.3846
32.3171	159	68.0000	70.2308
32.5203	160	69.0000	70.0769
32.7236	161	69.0000	69.9231
32.9268	162	69.0000	69.7692
33.1301	163	69.0000	69.6154
33.3333	164	69.0000	69.4615
33.5366	165	69.0000	69.3077
33.7398	166	68.0000	69.1538
33.9431	167	69.0000	69.0000
34.1463	168	68.0000	69.0455
34.3496	169	69.0000	69.0909
34.5528	170	69.0000	69.1364
34.7561	171	69.0000	69.1818
34.9593	172	68.0000	69.2273
35.1626	173	68.0000	69.2727
35.3659	174	69.0000	69.3182
35.5691	175	69.0000	69.3636
35.7724	176	69.0000	69.4091
35.9756	177	68.0000	69.4545
36.1789	178	70.0000	69.5000
36.3821	179	69.0000	69.5455
36.5854	180	70.0000	69.5909
36.7886	181	70.0000	69.6364
36.9919	182	68.0000	69.6818
37.1951	183	69.0000	69.7273
37.3984	184	69.0000	69.7727
37.6016	185	70.0000	69.8182
37.8049	186	68.0000	69.8636
38.0081	187	68.0000	69.9091
38.2114	188	68.0000	69.9545
38.4146	189	70.0000	70.0000
38.6179	190	68.0000	69.9615
38.8211	191	69.0000	69.9231
39.0244	192	69.0000	69.8846
39.2276	193	69.0000	69.8462
39.4309	194	70.0000	69.8077
39.6341	195	69.0000	69.7692
39.8374	196	69.0000	69.7308
40.0407	197	68.0000	69.6923
40.2439	198	69.0000	69.6538
40.4472	199	68.0000	69.6154
40.6504	200	69.0000	69.5769
40.8537	201	69.0000	69.5385
41.0569	202	68.0000	69.5000
41.2602	203	70.0000	69.4615
41.4634	204	69.0000	69.4231
41.6667	205	69.0000	69.3846
41.8699	206	68.0000	69.3462
42.0732	207	69.0000	69.3077
42.2764	208	69.0000	69.2692
42.4797	209	70.0000	69.2308
42.6829	210	69.0000	69.1923
42.8862	211	69.0000	69.1538
43.0894	212	68.0000	69.1154
43.2927	213	69.0000	69.0769
43.4959	214	69.0000	69.0385
43.6992	215	69.0000	69.0000
43.9024	216	69.0000	69.0000
44.1057	217	70.0000	69.0000
44.3089	218	69.0000	69.0000
44.5122	219	70.0000	69.0000
44.7154	220	70.0000	69.0000
44.9187	221	68.0000	69.0000
45.1220	222	69.0000	69.0000
45.3252	223	68.0000	69.0000
45.5285	224	70.0000	69.0000
45.7317	225	69.0000	69.0000
45.9350	226	70.0000	69.0000
46.1382	227	69.0000	69.0000
46.3415	228	70.0000	69.0000
46.5447	229	69.0000	69.0000
46.7480	230	69.0000	69.0000
46.9512	231	70.0000	69.0000
47.1545	232	68.0000	69.0000
47.3577	233	70.0000	69.0000
47.5610	234	69.0000	69.0000
47.7642	235	70.0000	69.0000
47.9675	236	70.0000	69.0000
48.1707	237	70.0000	69.0000
48.3740	238	70.0000	69.0000
48.5772	239	70.0000	69.0000
48.7805	240	68.0000	69.0000
48.9837	241	69.0000	69.0000
49.1870	242	69.0000	69.0000
49.3902	243	69.0000	69.0000
49.5935	244	71.0000	69.0313
49.7967	245	70.0000	69.0625
50.0000	246	71.0000	69.0938
50.2033	247	70.0000	69.1250
50.4065	248	72.0000	69.1563
50.6098	249	69.0000	69.1875
50.8130	250	69.0000	69.2188
51.0163	251	70.0000	69.2500
51.2195	252	70.0000	69.2813
51.4228	253	70.0000	69.3125
51.6260	254	71.0000	69.3438
51.8293	255	70.0000	69.3750
52.0325	256	71.0000	69.4063
52.2358	257	69.0000	69.4375
52.4390	258	70.0000	69.4688
52.6423	259	68.0000	69.5000
52.8455	260	70.0000	69.5313
53.0488	261	70.0000	69.5625
53.2520	262	70.0000	69.5938
53.4553	263	70.0000	69.6250
53.6585	264	70.0000	69.6563
53.8618	265	69.0000	69.6875
54.0650	266	70.0000	69.7188
54.2683	267	70.0000	69.7500
54.4715	268	70.0000	69.7813
54.6748	269	70.0000	69.8125
54.8780	270	70.0000	69.8438
55.0813	271	68.0000	69.8750
55.2846	272	70.0000	69.9063
55.4878	273	70.0000	69.9375
55.6911	274	70.0000	69.9688
55.8943	275	70.0000	70.0000
56.0976	276	71.0000	69.9394
56.3008	277	70.0000	69.8788
56.5041	278	71.0000	69.8182
56.7073	279	69.0000	69.7576
56.9106	280	68.0000	69.6970
57.1138	281	70.0000	69.6364
57.3171	282	70.0000	69.5758
57.5203	283	69.0000	69.5152
57.7236	284	69.0000	69.4545
57.9268	285	70.0000	69.3939
58.1301	286	70.0000	69.3333
58.3333	287	70.0000	69.2727
58.5366	288	70.0000	69.2121
58.7398	289	70.0000	69.1515
58.9431	290	69.0000	69.0909
59.1463	291	70.0000	69.0303
59.3496	292	69.0000	68.9697
59.5528	293	69.0000	68.9091
59.7561	294	70.0000	68.8485
59.9593	295	69.0000	68.7879
60.1626	296	70.0000	68.7273
60.3659	297	70.0000	68.6667
60.5691	298	68.0000	68.6061
60.7724	299	70.0000	68.5455
60.9756	300	70.0000	68.4848
61.1789	301	70.0000	68.4242
61.3821	302	70.0000	68.3636
61.5854	303	69.0000	68.3030
61.7886	304	70.0000	68.2424
61.9919	305	70.0000	68.1818
62.1951	306	70.0000	68.1212
62.3984	307	69.0000	68.0606
62.6016	308	68.0000	68.0000
62.8049	309	70.0000	68.0870
63.0081	310	69.0000	68.1739
63.2114	311	70.0000	68.2609
63.4146	312	68.0000	68.3478
63.6179	313	69.0000	68.4348
63.8211	314	70.0000	68.5217
64.0244	315	70.0000	68.6087
64.2276	316	69.0000	68.6957
64.4309	317	68.0000	68.7826
64.6341	318	69.0000	68.8696
64.8374	319	68.0000	68.9565
65.0407	320	69.0000	69.0435
65.2439	321	68.0000	69.1304
65.4472	322	69.0000	69.2174
65.6504	323	69.0000	69.3043
65.8537	324	70.0000	69.3913
66.0569	325	70.0000	69.4783
66.2602	326	69.0000	69.5652
66.4634	327	70.0000	69.6522
66.6667	328	70.0000	69.7391
66.8699	329	70.0000	69.8261
67.0732	330	69.0000	69.9130
67.2764	331	70.0000	70.0000
67.4797	332	68.0000	69.9697
67.6829	333	68.0000	69.9394
67.8862	334	70.0000	69.9091
68.0894	335	70.0000	69.8788
68.2927	336	68.0000	69.8485
68.4959	337	69.0000	69.8182
68.6992	338	68.0000	69.7879
68.9024	339	69.0000	69.7576
69.1057	340	68.0000	69.7273
69.3089	341	69.0000	69.6970
69.5122	342	69.0000	69.6667
69.7154	343	69.0000	69.6364
69.9187	344	70.0000	69.6061
70.1220	345	70.0000	69.5758
70.3252	346	69.0000	69.5455
70.5285	347	69.0000	69.5152
70.7317	348	69.0000	69.4848
70.9350	349	70.0000	69.4545
71.1382	350	69.0000	69.4242
71.3415	351	69.0000	69.3939
71.5447	352	70.0000	69.3636
71.7480	353	70.0000	69.3333
71.9512	354	69.0000	69.3030
72.1545	355	69.0000	69.2727
72.3577	356	69.0000	69.2424
72.5610	357	68.0000	69.2121
72.7642	358	70.0000	69.1818
72.9675	359	69.0000	69.1515
73.1707	360	68.0000	69.1212
73.3740	361	69.0000	69.0909
73.5772	362	68.0000	69.0606
73.7805	363	70.0000	69.0303
73.9837	364	69.0000	69.0000
74.1870	365	69.0000	68.9600
74.3902	366	69.0000	68.9200
74.5935	367	67.0000	68.8800
74.7967	368	69.0000	68.8400
75.0000	369	69.0000	68.8000
75.2033	370	69.0000	68.7600
75.4065	371	69.0000	68.7200
75.6098	372	70.0000	68.6800
75.8130	373	69.0000	68.6400
76.0163	374	69.0000	68.6000
76.2195	375	68.0000	68.5600
76.4228	376	69.0000	68.5200
76.6260	377	69.0000	68.4800
76.8293	378	70.0000	68.4400
77.0325	379	69.0000	68.4000
77.2358	380	68.0000	68.3600
77.4390	381	68.0000	68.3200
77.6423	382	68.0000	68.2800
77.8455	383	70.0000	68.2400
78.0488	384	69.0000	68.2000
78.2520	385	69.0000	68.1600
78.4553	386	70.0000	68.1200
78.6585	387	69.0000	68.0800
78.8618	388	69.0000	68.0400
79.0650	389	68.0000	68.0000
79.2683	390	69.0000	68.0357
79.4715	391	69.0000	68.0714
79.6748	392	69.0000	68.1071
79.8780	393	69.0000	68.1429
80.0813	394	69.0000	68.1786
80.2846	395	68.0000	68.2143
80.4878	396	69.0000	68.2500
80.6911	397	70.0000	68.2857
80.8943	398	70.0000	68.3214
81.0976	399	69.0000	68.3571
81.3008	400	68.0000	68.3929
81.5041	401	70.0000	68.4286
81.7073	402	68.0000	68.4643
81.9106	403	69.0000	68.5000
82.1138	404	69.0000	68.5357
82.3171	405	69.0000	68.5714
82.5203	406	68.0000	68.6071
82.7236	407	69.0000	68.6429
82.9268	408	70.0000	68.6786
83.1301	409	70.0000	68.7143
83.3333	410	69.0000	68.7500
83.5366	411	70.0000	68.7857
83.7398	412	70.0000	68.8214
83.9431	413	71.0000	68.8571
84.1463	414	69.0000	68.8929
84.3496	415	69.0000	68.9286
84.5528	416	69.0000	68.9643
84.7561	417	69.0000	69.0000
84.9593	418	69.0000	69.0323
85.1626	419	69.0000	69.0645
85.3659	420	69.0000	69.0968
85.5691	421	70.0000	69.1290
85.7724	422	70.0000	69.1613
85.9756	423	68.0000	69.1936
86.1789	424	68.0000	69.2258
86.3821	425	70.0000	69.2581
86.5854	426	70.0000	69.2903
86.7886	427	69.0000	69.3226
86.9919	428	69.0000	69.3548
87.1951	429	69.0000	69.3871
87.3984	430	69.0000	69.4194
87.6016	431	70.0000	69.4516
87.8049	432	69.0000	69.4839
88.0081	433	69.0000	69.5161
88.2114	434	69.0000	69.5484
88.4146	435	69.0000	69.5806
88.6179	436	70.0000	69.6129
88.8211	437	69.0000	69.6452
89.0244	438	68.0000	69.6774
89.2276	439	69.0000	69.7097
89.4309	440	70.0000	69.7419
89.6341	441	69.0000	69.7742
89.8374	442	69.0000	69.8064
90.0407	443	69.0000	69.8387
90.2439	444	69.0000	69.8710
90.4472	445	70.0000	69.9032
90.6504	446	70.0000	69.9355
90.8537	447	69.0000	69.9677
91.0569	448	70.0000	70.0000
91.2602	449	71.0000	69.8947
91.4634	450	70.0000	69.7895
91.6667	451	71.0000	69.6842
91.8699	452	69.0000	69.5789
92.0732	453	70.0000	69.4737
92.2764	454	70.0000	69.3684
92.4797	455	69.0000	69.2632
92.6829	456	70.0000	69.1579
92.8862	457	70.0000	69.0526
93.0894	458	68.0000	68.9474
93.2927	459	69.0000	68.8421
93.4959	460	69.0000	68.7368
93.6992	461	69.0000	68.6316
93.9024	462	70.0000	68.5263
94.1057	463	70.0000	68.4211
94.3089	464	69.0000	68.3158
94.5122	465	70.0000	68.2105
94.7154	466	69.0000	68.1053
94.9187	467	68.0000	68.0000
95.1220	468	69.0000	68.0400
95.3252	469	69.0000	68.0800
95.5285	470	70.0000	68.1200
95.7317	471	69.0000	68.1600
95.9350	472	70.0000	68.2000
96.1382	473	70.0000	68.2400
96.3415	474	71.0000	68.2800
96.5447	475	69.0000	68.3200
96.7480	476	69.0000	68.3600
96.9512	477	69.0000	68.4000
97.1545	478	70.0000	68.4400
97.3577	479	70.0000	68.4800
97.5610	480	70.0000	68.5200
97.7642	481	70.0000	68.5600
97.9675	482	69.0000	68.6000
98.1707	483	71.0000	68.6400
98.3740	484	69.0000	68.6800
98.5772	485	70.0000	68.7200
98.7805	486	71.0000	68.7600
98.9837	487	69.0000	68.8000
99.1870	488	70.0000	68.8400
99.3902	489	70.0000	68.8800
99.5935	490	70.0000	68.9200
99.7967	491	70.0000	68.9600
100.0000	492	69.0000	69.0000
---------- 2: r2a_a2 ----------
Offset(%)	Offset(pix)	Profile	Background
0.0000	0	72.0000	72.0000
0.2033	1	73.0000	72.2000
0.4065	2	73.0000	72.4000
0.6098	3	72.0000	72.6000
0.8130	4	72.0000	72.8000
1.0163	5	73.0000	73.0000
1.2195	6	73.0000	73.0719
1.4228	7	73.0000	73.1437
1.6260	8	74.0000	73.2156
1.8293	9	72.0000	73.2874
2.0325	10	73.0000	73.3593
2.2358	11	72.0000	73.4311
2.4390	12	73.0000	73.5030
2.6423	13	73.0000	73.5749
2.8455	14	76.0000	73.6467
3.0488	15	76.0000	73.7186
3.2520	16	74.0000	73.7904
3.4553	17	80.0000	73.8623
3.6585	18	86.0000	73.9341
3.8618	19	93.0000	74.0060
4.0650	20	92.0000	74.0778
4.2683	21	88.0000	74.1497
4.4715	22	84.0000	74.2216
4.6748	23	82.0000	74.2934
4.8780	24	80.0000	74.3653
5.0813	25	83.0000	74.4371
5.2846	26	81.0000	74.5090
5.4878	27	81.0000	74.5808
5.6911	28	82.0000	74.6527
5.8943	29	82.0000	74.7245
6.0976	30	83.0000	74.7964
6.3008	31	83.0000	74.8683
6.5041	32	84.0000	74.9401
6.7073	33	81.0000	75.0120
6.9106	34	81.0000	75.0838
7.1138	35	82.0000	75.1557
7.3171	36	85.0000	75.2275
7.5203	37	91.0000	75.2994
7.7236	38	93.0000	75.3713
7.9268	39	94.0000	75.4431
8.1301	40	92.0000	75.5150
8.3333	41	91.0000	75.5868
8.5366	42	91.0000	75.6587
8.7398	43	91.0000	75.7305
8.9431	44	89.0000	75.8024
9.1463	45	88.0000	75.8743
9.3496	46	87.0000	75.9461
9.5528	47	83.0000	76.0180
9.7561	48	83.0000	76.0898
9.9593	49	83.0000	76.1617
10.1626	50	82.0000	76.2335
10.3659	51	81.0000	76.3054
10.5691	52	80.0000	76.3772
10.7724	53	82.0000	76.4491
10.9756	54	80.0000	76.5210
11.1789	55	81.0000	76.5928
11.3821	56	80.0000	76.6647
11.5854	57	81.0000	76.7365
11.7886	58	81.0000	76.8084
11.9919	59	81.0000	76.8802
12.1951	60	81.0000	76.9521
12.3984	61	80.0000	77.0239
12.6016	62	80.0000	77.0958
12.8049	63	81.0000	77.1677
13.0081	64	80.0000	77.2395
13.2114	65	80.0000	77.3114
13.4146	66	78.0000	77.3832
13.6179	67	79.0000	77.4551
13.8211	68	79.0000	77.5269
14.0244	69	80.0000	77.5988
14.2276	70	79.0000	77.6707
14.4309	71	81.0000	77.7425
14.6341	72	81.0000	77.8144
14.8374	73	83.0000	77.8862
15.0407	74	84.0000	77.9581
15.2439	75	85.0000	78.0299
15.4472	76	84.0000	78.1018
15.6504	77	88.0000	78.1737
15.8537	78	88.0000	78.2455
16.0569	79	91.0000	78.3174
16.2602	80	92.0000	78.3892
16.4634	81	95.0000	78.4611
16.6667	82	100.0000	78.5329
16.8699	83	102.0000	78.6048
17.0732	84	104.0000	78.6766
17.2764	85	104.0000	78.7485
17.4797	86	107.0000	78.8204
17.6829	87	109.0000	78.8922
17.8862	88	113.0000	78.9641
18.0894	89	114.0000	79.0359
18.2927	90	119.0000	79.1078
18.4959	91	117.0000	79.1796
18.6992	92	118.0000	79.2515
18.9024	93	125.0000	79.3234
19.1057	94	124.0000	79.3952
19.3089	95	124.0000	79.4671
19.5122	96	126.0000	79.5389
19.7154	97	127.0000	79.6108
19.9187	98	124.0000	79.6826
20.1220	99	126.0000	79.7545
20.3252	100	125.0000	79.8263
20.5285	101	125.0000	79.8982
20.7317	102	124.0000	79.9701
20.9350	103	125.0000	80.0419
21.1382	104	125.0000	80.1138
21.3415	105	124.0000	80.1856
21.5447	106	123.0000	80.2575
21.7480	107	120.0000	80.3293
21.9512	108	123.0000	80.4012
22.1545	109	122.0000	80.4731
22.3577	110	120.0000	80.5449
22.5610	111	117.0000	80.6168
22.7642	112	118.0000	80.6886
22.9675	113	118.0000	80.7605
23.1707	114	115.0000	80.8323
23.3740	115	115.0000	80.9042
23.5772	116	114.0000	80.9761
23.7805	117	109.0000	81.0479
23.9837	118	112.0000	81.1198
24.1870	119	112.0000	81.1916
24.3902	120	111.0000	81.2635
24.5935	121	108.0000	81.3353
24.7967	122	108.0000	81.4072
25.0000	123	106.0000	81.4790
25.2033	124	107.0000	81.5509
25.4065	125	104.0000	81.6228
25.6098	126	104.0000	81.6946
25.8130	127	103.0000	81.7665
26.0163	128	104.0000	81.8383
26.2195	129	106.0000	81.9102
26.4228	130	103.0000	81.9820
26.6260	131	101.0000	82.0539
26.8293	132	102.0000	82.1257
27.0325	133	101.0000	82.1976
27.2358	134	100.0000	82.2695
27.4390	135	100.0000	82.3413
27.6423	136	100.0000	82.4132
27.8455	137	98.0000	82.4850
28.0488	138	98.0000	82.5569
28.2520	139	97.0000	82.6287
28.4553	140	97.0000	82.7006
28.6585	141	95.0000	82.7725
28.8618	142	96.0000	82.8443
29.0650	143	94.0000	82.9162
29.2683	144	94.0000	82.9880
29.4715	145	95.0000	83.0599
29.6748	146	93.0000	83.1317
29.8780	147	92.0000	83.2036
30.0813	148	93.0000	83.2755
30.2846	149	93.0000	83.3473
30.4878	150	94.0000	83.4192
30.6911	151	92.0000	83.4910
30.8943	152	91.0000	83.5629
31.0976	153	93.0000	83.6347
31.3008	154	92.0000	83.7066
31.5041	155	91.0000	83.7784
31.7073	156	90.0000	83.8503
31.9106	157	89.0000	83.9222
32.1138	158	89.0000	83.9940
32.3171	159	90.0000	84.0659
32.5203	160	88.0000	84.1377
32.7236	161	90.0000	84.2096
32.9268	162	87.0000	84.2814
33.1301	163	88.0000	84.3533
33.3333	164	88.0000	84.4251
33.5366	165	89.0000	84.4970
33.7398	166	87.0000	84.5689
33.9431	167	88.0000	84.6407
34.1463	168	87.0000	84.7126
34.3496	169	87.0000	84.7844
34.5528	170	87.0000	84.8563
34.7561	171	87.0000	84.9281
34.9593	172	85.0000	85.0000
35.1626	173	84.0000	84.9630
35.3659	174	86.0000	84.9259
35.5691	175	86.0000	84.8889
35.7724	176	86.0000	84.8519
35.9756	177	87.0000	84.8148
36.1789	178	85.0000	84.7778
36.3821	179	85.0000	84.7407
36.5854	180	83.0000	84.7037
36.7886	181	85.0000	84.6667
36.9919	182	86.0000	84.6296
37.1951	183	85.0000	84.5926
37.3984	184	87.0000	84.5556
37.6016	185	85.0000	84.5185
37.8049	186	83.0000	84.4815
38.0081	187	85.0000	84.4444
38.2114	188	85.0000	84.4074
38.4146	189	83.0000	84.3704
38.6179	190	83.0000	84.3333
38.8211	191	84.0000	84.2963
39.0244	192	83.0000	84.2593
39.2276	193	83.0000	84.2222
39.4309	194	83.0000	84.1852
39.6341	195	84.0000	84.1481
39.8374	196	82.0000	84.1111
40.0407	197	84.0000	84.0741
40.2439	198	84.0000	84.0370
40.4472	199	84.0000	84.0000
40.6504	200	82.0000	83.8571
40.8537	201	81.0000	83.7143
41.0569	202	81.0000	83.5714
41.2602	203	82.0000	83.4286
41.4634	204	84.0000	83.2857
41.6667	205	82.0000	83.1429
41.8699	206	82.0000	83.0000
42.0732	207	81.0000	82.8571
42.2764	208	82.0000	82.7143
42.4797	209	81.0000	82.5714
42.6829	210	82.0000	82.4286
42.8862	211	81.0000	82.2857
43.0894	212	81.0000	82.1429
43.2927	213	81.0000	82.0000
43.4959	214	81.0000	81.8571
43.6992	215	82.0000	81.7143
43.9024	216	81.0000	81.5714
44.1057	217	83.0000	81.4286
44.3089	218	80.0000	81.2857
44.5122	219	80.0000	81.1429
44.7154	220	80.0000	81.0000
44.9187	221	81.0000	80.8571
45.1220	222	81.0000	80.7143
45.3252	223	80.0000	80.5714
45.5285	224	78.0000	80.4286
45.7317	225	79.0000	80.2857
45.9350	226	79.0000	80.1429
46.1382	227	80.0000	80.0000
46.3415	228	80.0000	79.9167
46.5447	229	81.0000	79.8333
46.7480	230	81.0000	79.7500
46.9512	231	78.0000	79.6667
47.1545	232	78.0000	79.5833
47.3577	233	80.0000	79.5000
47.5610	234	79.0000	79.4167
47.7642	235	79.0000	79.3333
47.9675	236	80.0000	79.2500
48.1707	237	80.0000	79.1667
48.3740	238	79.0000	79.0833
48.5772	239	79.0000	79.0000
48.7805	240	79.0000	78.9167
48.9837	241	78.0000	78.8333
49.1870	242	81.0000	78.7500
49.3902	243	79.0000	78.6667
49.5935	244	79.0000	78.5833
49.7967	245	77.0000	78.5000
50.0000	246	77.0000	78.4167
50.2033	247	79.0000	78.3333
50.4065	248	78.0000	78.2500
50.6098	249	76.0000	78.1667
50.8130	250	78.0000	78.0833
51.0163	251	78.0000	78.0000
51.2195	252	76.0000	77.8966
51.4228	253	77.0000	77.7931
51.6260	254	76.0000	77.6897
51.8293	255	77.0000	77.5862
52.0325	256	78.0000	77.4828
52.2358	257	77.0000	77.3793
52.4390	258	77.0000	77.2759
52.6423	259	77.0000	77.1724
52.8455	260	77.0000	77.0690
53.0488	261	78.0000	76.9655
53.2520	262	77.0000	76.8621
53.4553	263	76.0000	76.7586
53.6585	264	77.0000	76.6552
53.8618	265	75.0000	76.5517
54.0650	266	77.0000	76.4483
54.2683	267	77.0000	76.3448
54.4715	268	76.0000	76.2414
54.6748	269	77.0000	76.1379
54.8780	270	76.0000	76.0345
55.0813	271	76.0000	75.9310
55.2846	272	76.0000	75.8276
55.4878	273	75.0000	75.7241
55.6911	274	75.0000	75.6207
55.8943	275	76.0000	75.5172
56.0976	276	75.0000	75.4138
56.3008	277	75.0000	75.3103
56.5041	278	75.0000	75.2069
56.7073	279	74.0000	75.1034
56.9106	280	75.0000	75.0000
57.1138	281	74.0000	74.9143
57.3171	282	76.0000	74.8286
57.5203	283	75.0000	74.7429
57.7236	284	76.0000	74.6571
57.9268	285	75.0000	74.5714
58.1301	286	75.0000	74.4857
58.3333	287	75.0000	74.4000
58.5366	288	74.0000	74.3143
58.7398	289	74.0000	74.2286
58.9431	290	75.0000	74.1429
59.1463	291	75.0000	74.0571
59.3496	292	75.0000	73.9714
59.5528	293	74.0000	73.8857
59.7561	294	75.0000	73.8000
59.9593	295	74.0000	73.7143
60.1626	296	73.0000	73.6286
60.3659	297	75.0000	73.5429
60.5691	298	75.0000	73.4571
60.7724	299	74.0000	73.3714
60.9756	300	74.0000	73.2857
61.1789	301	74.0000	73.2000
61.3821	302	75.0000	73.1143
61.5854	303	74.0000	73.0286
61.7886	304	75.0000	72.9429
61.9919	305	74.0000	72.8571
62.1951	306	74.0000	72.7714
62.3984	307	73.0000	72.6857
62.6016	308	74.0000	72.6000
62.8049	309	75.0000	72.5143
63.0081	310	75.0000	72.4286
63.2114	311	74.0000	72.3429
63.4146	312	73.0000	72.2571
63.6179	313	72.0000	72.1714
63.8211	314	73.0000	72.0857
64.0244	315	72.0000	72.0000
64.2276	316	73.0000	71.8400
64.4309	317	72.0000	71.6800
64.6341	318	72.0000	71.5200
64.8374	319	70.0000	71.3600
65.0407	320	71.0000	71.2000
65.2439	321	71.0000	71.0400
65.4472	322	71.0000	70.8800
65.6504	323	70.0000	70.7200
65.8537	324	71.0000	70.5600
66.0569	325	71.0000	70.4000
66.2602	326	70.0000	70.2400
66.4634	327	70.0000	70.0800
66.6667	328	70.0000	69.9200
66.8699	329	71.0000	69.7600
67.0732	330	70.0000	69.6000
67.2764	331	70.0000	69.4400
67.4797	332	70.0000	69.2800
67.6829	333	70.0000	69.1200
67.8862	334	70.0000	68.9600
68.0894	335	69.0000	68.8000
68.2927	336	69.0000	68.6400
68.4959	337	70.0000	68.4800
68.6992	338	69.0000	68.3200
68.9024	339	70.0000	68.1600
69.1057	340	68.0000	68.0000
69.3089	341	69.0000	68.0000
69.5122	342	69.0000	68.0000
69.7154	343	70.0000	68.0000
69.9187	344	71.0000	68.0000
70.1220	345	69.0000	68.0000
70.3252	346	69.0000	68.0000
70.5285	347	70.0000	68.0000
70.7317	348	68.0000	68.0000
70.9350	349	71.0000	68.0000
71.1382	350	69.0000	68.0000
71.3415	351	69.0000	68.0000
71.5447	352	69.0000	68.0000
71.7480	353	70.0000	68.0000
71.9512	354	70.0000	68.0000
72.1545	355	69.0000	68.0000
72.3577	356	69.0000	68.0000
72.5610	357	69.0000	68.0000
72.7642	358	69.0000	68.0000
72.9675	359	70.0000	68.0000
73.1707	360	68.0000	68.0000
73.3740	361	68.0000	68.0000
73.5772	362	70.0000	68.0323
73.7805	363	68.0000	68.0645
73.9837	364	70.0000	68.0968
74.1870	365	68.0000	68.1290
74.3902	366	69.0000	68.1613
74.5935	367	69.0000	68.1936
74.7967	368	70.0000	68.2258
75.0000	369	69.0000	68.2581
75.2033	370	69.0000	68.2903
75.4065	371	69.0000	68.3226
75.6098	372	68.0000	68.3548
75.8130	373	69.0000	68.3871
76.0163	374	69.0000	68.4194
76.2195	375	70.0000	68.4516
76.4228	376	70.0000	68.4839
76.6260	377	70.0000	68.5161
76.8293	378	69.0000	68.5484
77.0325	379	69.0000	68.5806
77.2358	380	69.0000	68.6129
77.4390	381	69.0000	68.6452
77.6423	382	69.0000	68.6774
77.8455	383	68.0000	68.7097
78.0488	384	69.0000	68.7419
78.2520	385	70.0000	68.7742
78.4553	386	69.0000	68.8064
78.6585	387	69.0000	68.8387
78.8618	388	68.0000	68.8710
79.0650	389	69.0000	68.9032
79.2683	390	69.0000	68.9355
79.4715	391	69.0000	68.9677
79.6748	392	69.0000	69.0000
79.8780	393	68.0000	68.9655
80.0813	394	69.0000	68.9310
80.2846	395	71.0000	68.8966
80.4878	396	68.0000	68.8621
80.6911	397	69.0000	68.8276
80.8943	398	69.0000	68.7931
81.0976	399	69.0000	68.7586
81.3008	400	70.0000	68.7241
81.5041	401	70.0000	68.6897
81.7073	402	69.0000	68.6552
81.9106	403	68.0000	68.6207
82.1138	404	69.0000	68.5862
82.3171	405	69.0000	68.5517
82.5203	406	69.0000	68.5172
82.7236	407	69.0000	68.4828
82.9268	408	69.0000	68.4483
83.1301	409	68.0000	68.4138
83.3333	410	69.0000	68.3793
83.5366	411	70.0000	68.3448
83.7398	412	70.0000	68.3103
83.9431	413	69.0000	68.2759
84.1463	414	69.0000	68.2414
84.3496	415	69.0000	68.2069
84.5528	416	70.0000	68.1724
84.7561	417	70.0000	68.1379
84.9593	418	70.0000	68.1034
85.1626	419	67.0000	68.0690
85.3659	420	69.0000	68.0345
85.5691	421	68.0000	68.0000
85.7724	422	69.0000	68.0370
85.9756	423	69.0000	68.0741
86.1789	424	68.0000	68.1111
86.3821	425	68.0000	68.1481
86.5854	426	69.0000	68.1852
86.7886	427	69.0000	68.2222
86.9919	428	69.0000	68.2593
87.1951	429	69.0000	68.2963
87.3984	430	69.0000	68.3333
87.6016	431	69.0000	68.3704
87.8049	432	68.0000	68.4074
88.0081	433	70.0000	68.4444
88.2114	434	69.0000	68.4815
88.4146	435	69.0000	68.5185
88.6179	436	69.0000	68.5556
88.8211	437	69.0000	68.5926
89.0244	438	68.0000	68.6296
89.2276	439	69.0000	68.6667
89.4309	440	70.0000	68.7037
89.6341	441	69.0000	68.7407
89.8374	442	69.0000	68.7778
90.0407	443	70.0000	68.8148
90.2439	444	71.0000	68.8519
90.4472	445	69.0000	68.8889
90.6504	446	69.0000	68.9259
90.8537	447	69.0000	68.9630
91.0569	448	69.0000	69.0000
91.2602	449	69.0000	69.0357
91.4634	450	68.0000	69.0714
91.6667	451	69.0000	69.1071
91.8699	452	69.0000	69.1429
92.0732	453	69.0000	69.1786
92.2764	454	69.0000	69.2143
92.4797	455	70.0000	69.2500
92.6829	456	68.0000	69.2857
92.8862	457	70.0000	69.3214
93.0894	458	69.0000	69.3571
93.2927	459	69.0000	69.3929
93.4959	460	69.0000	69.4286
93.6992	461	69.0000	69.4643
93.9024	462	69.0000	69.5000
94.1057	463	69.0000	69.5357
94.3089	464	69.0000	69.5714
94.5122	465	69.0000	69.6071
94.7154	466	69.0000	69.6429
94.9187	467	69.0000	69.6786
95.1220	468	69.0000	69.7143
95.3252	469	70.0000	69.7500
95.5285	470	70.0000	69.7857
95.7317	471	69.0000	69.8214
95.9350	472	68.0000	69.8571
96.1382	473	69.0000	69.8929
96.3415	474	70.0000	69.9286
96.5447	475	70.0000	69.9643
96.7480	476	70.0000	70.0000
96.9512	477	70.0000	70.0000
97.1545	478	70.0000	70.0000
97.3577	479	69.0000	70.0000
97.5610	480	68.0000	70.0000
97.7642	481	69.0000	70.0000
97.9675	482	70.0000	70.0000
98.1707	483	69.0000	70.0000
98.3740	484	70.0000	70.0000
98.5772	485	70.0000	70.0000
98.7805	486	70.0000	70.0000
98.9837	487	69.0000	70.0000
99.1870	488	70.0000	70.0000
99.3902	489	70.0000	70.0000
99.5935	490	69.0000	70.0000
99.7967	491	70.0000	70.0000
100.0000	492	70.0000	70.0000
---------- 3: r2a_a3 ----------
Offset(%)	Offset(pix)	Profile	Background
0.0000	0	73.0000	73.0000
0.2033	1	73.0000	72.7500
0.4065	2	72.0000	72.5000
0.6098	3	73.0000	72.2500
0.8130	4	73.0000	72.0000
1.0163	5	72.0000	71.7500
1.2195	6	73.0000	71.5000
1.4228	7	74.0000	71.2500
1.6260	8	73.0000	71.0000
1.8293	9	73.0000	70.7500
2.0325	10	73.0000	70.5000
2.2358	11	71.0000	70.2500
2.4390	12	72.0000	70.0000
2.6423	13	73.0000	69.7500
2.8455	14	73.0000	69.5000
3.0488	15	73.0000	69.2500
3.2520	16	72.0000	69.0000
3.4553	17	73.0000	68.7500
3.6585	18	72.0000	68.5000
3.8618	19	69.0000	68.2500
4.0650	20	68.0000	68.0000
4.2683	21	69.0000	68.2778
4.4715	22	72.0000	68.5556
4.6748	23	71.0000	68.8333
4.8780	24	72.0000	69.1111
5.0813	25	72.0000	69.3889
5.2846	26	74.0000	69.6667
5.4878	27	77.0000	69.9444
5.6911	28	78.0000	70.2222
5.8943	29	83.0000	70.5000
6.0976	30	89.0000	70.7778
6.3008	31	89.0000	71.0556
6.5041	32	87.0000	71.3333
6.7073	33	82.0000	71.6111
6.9106	34	82.0000	71.8889
7.1138	35	83.0000	72.1667
7.3171	36	89.0000	72.4444
7.5203	37	97.0000	72.7222
7.7236	38	99.0000	73.0000
7.9268	39	98.0000	73.2778
8.1301	40	96.0000	73.5556
8.3333	41	92.0000	73.8333
8.5366	42	89.0000	74.1111
8.7398	43	86.0000	74.3889
8.9431	44	86.0000	74.6667
9.1463	45	86.0000	74.9444
9.3496	46	84.0000	75.2222
9.5528	47	84.0000	75.5000
9.7561	48	83.0000	75.7778
9.9593	49	82.0000	76.0556
10.1626	50	82.0000	76.3333
10.3659	51	81.0000	76.6111
10.5691	52	80.0000	76.8889
10.7724	53	81.0000	77.1667
10.9756	54	79.0000	77.4444
11.1789	55	79.0000	77.7222
11.3821	56	78.0000	78.0000
11.5854	57	78.0000	77.6250
11.7886	58	78.0000	77.2500
11.9919	59	77.0000	76.8750
12.1951	60	77.0000	76.5000
12.3984	61	77.0000	76.1250
12.6016	62	77.0000	75.7500
12.8049	63	77.0000	75.3750
13.0081	64	75.0000	75.0000
13.2114	65	77.0000	75.2745
13.4146	66	77.0000	75.5490
13.6179	67	78.0000	75.8235
13.8211	68	76.0000	76.0980
14.0244	69	78.0000	76.3726
14.2276	70	77.0000	76.6471
14.4309	71	79.0000	76.9216
14.6341	72	77.0000	77.1961
14.8374	73	78.0000	77.4706
15.0407	74	80.0000	77.7451
15.2439	75	79.0000	78.0196
15.4472	76	79.0000	78.2941
15.6504	77	82.0000	78.5686
15.8537	78	81.0000	78.8431
16.0569	79	83.0000	79.1176
16.2602	80	82.0000	79.3922
16.4634	81	83.0000	79.6667
16.6667	82	87.0000	79.9412
16.8699	83	89.0000	80.2157
17.0732	84	89.0000	80.4902
17.2764	85	90.0000	80.7647
17.4797	86	91.0000	81.0392
17.6829	87	93.0000	81.3137
17.8862	88	91.0000	81.5882
18.0894	89	94.0000	81.8627
18.2927	90	95.0000	82.1373
18.4959	91	96.0000	82.4118
18.6992	92	98.0000	82.6863
18.9024	93	95.0000	82.9608
19.1057	94	97.0000	83.2353
19.3089	95	97.0000	83.5098
19.5122	96	95.0000	83.7843
19.7154	97	96.0000	84.0588
19.9187	98	96.0000	84.3333
20.1220	99	96.0000	84.6078
20.3252	100	95.0000	84.8824
20.5285	101	96.0000	85.1569
20.7317	102	96.0000	85.4314
20.9350	103	94.0000	85.7059
21.1382	104	94.0000	85.9804
21.3415	105	94.0000	86.2549
21.5447	106	93.0000	86.5294
21.7480	107	93.0000	86.8039
21.9512	108	92.0000	87.0784
22.1545	109	91.0000	87.3529
22.3577	110	93.0000	87.6274
22.5610	111	93.0000	87.9020
22.7642	112	92.0000	88.1765
22.9675	113	90.0000	88.4510
23.1707	114	91.0000	88.7255
23.3740	115	89.0000	89.0000
23.5772	116	90.0000	88.8077
23.7805	117	90.0000	88.6154
23.9837	118	87.0000	88.4231
24.1870	119	88.0000	88.2308
24.3902	120	90.0000	88.0385
24.5935	121	89.0000	87.8462
24.7967	122	88.0000	87.6538
25.0000	123	86.0000	87.4615
25.2033	124	88.0000	87.2692
25.4065	125	88.0000	87.0769
25.6098	126	88.0000	86.8846
25.8130	127	85.0000	86.6923
26.0163	128	86.0000	86.5000
26.2195	129	87.0000	86.3077
26.4228	130	87.0000	86.1154
26.6260	131	84.0000	85.9231
26.8293	132	84.0000	85.7308
27.0325	133	83.0000	85.5385
27.2358	134	83.0000	85.3462
27.4390	135	83.0000	85.1538
27.6423	136	84.0000	84.9615
27.8455	137	82.0000	84.7692
28.0488	138	83.0000	84.5769
28.2520	139	84.0000	84.3846
28.4553	140	84.0000	84.1923
28.6585	141	84.0000	84.0000
28.8618	142	83.0000	83.7500
29.0650	143	82.0000	83.5000
29.2683	144	82.0000	83.2500
29.4715	145	83.0000	83.0000
29.6748	146	84.0000	82.7500
29.8780	147	82.0000	82.5000
30.0813	148	82.0000	82.2500
30.2846	149	82.0000	82.0000
30.4878	150	82.0000	81.7500
30.6911	151	80.0000	81.5000
30.8943	152	82.0000	81.2500
31.0976	153	82.0000	81.0000
31.3008	154	81.0000	80.7500
31.5041	155	81.0000	80.5000
31.7073	156	79.0000	80.2500
31.9106	157	80.0000	80.0000
32.1138	158	80.0000	79.7500
32.3171	159	79.0000	79.5000
32.5203	160	81.0000	79.2500
32.7236	161	80.0000	79.0000
32.9268	162	79.0000	78.7500
33.1301	163	79.0000	78.5000
33.3333	164	80.0000	78.2500
33.5366	165	78.0000	78.0000
33.7398	166	80.0000	77.7500
33.9431	167	79.0000	77.5000
34.1463	168	79.0000	77.2500
34.3496	169	80.0000	77.0000
34.5528	170	78.0000	76.7500
34.7561	171	80.0000	76.5000
34.9593	172	78.0000	76.2500
35.1626	173	76.0000	76.0000
35.3659	174	78.0000	76.0476
35.5691	175	78.0000	76.0952
35.7724	176	78.0000	76.1429
35.9756	177	76.0000	76.1905
36.1789	178	79.0000	76.2381
36.3821	179	80.0000	76.2857
36.5854	180	78.0000	76.3333
36.7886	181	78.0000	76.3810
36.9919	182	77.0000	76.4286
37.1951	183	77.0000	76.4762
37.3984	184	77.0000	76.5238
37.6016	185	78.0000	76.5714
37.8049	186	75.0000	76.6190
38.0081	187	78.0000	76.6667
38.2114	188	76.0000	76.7143
38.4146	189	79.0000	76.7619
38.6179	190	76.0000	76.8095
38.8211	191	77.0000	76.8571
39.0244	192	77.0000	76.9048
39.2276	193	78.0000	76.9524
39.4309	194	77.0000	77.0000
39.6341	195	76.0000	76.8857
39.8374	196	77.0000	76.7714
40.0407	197	74.0000	76.6571
40.2439	198	77.0000	76.5429
40.4472	199	75.0000	76.4286
40.6504	200	76.0000	76.3143
40.8537	201	76.0000	76.2000
41.0569	202	78.0000	76.0857
41.2602	203	77.0000	75.9714
41.4634	204	77.0000	75.8571
41.6667	205	76.0000	75.7429
41.8699	206	75.0000	75.6286
42.0732	207	77.0000	75.5143
42.2764	208	76.0000	75.4000
42.4797	209	76.0000	75.2857
42.6829	210	76.0000	75.1714
42.8862	211	76.0000	75.0571
43.0894	212	78.0000	74.9429
43.2927	213	76.0000	74.8286
43.4959	214	76.0000	74.7143
43.6992	215	76.0000	74.6000
43.9024	216	76.0000	74.4857
44.1057	217	77.0000	74.3714
44.3089	218	74.0000	74.2571
44.5122	219	75.0000	74.1429
44.7154	220	76.0000	74.0286
44.9187	221	76.0000	73.9143
45.1220	222	76.0000	73.8000
45.3252	223	75.0000	73.6857
45.5285	224	74.0000	73.5714
45.7317	225	76.0000	73.4571
45.9350	226	75.0000	73.3429
46.1382	227	75.0000	73.2286
46.3415	228	74.0000	73.1143
46.5447	229	73.0000	73.0000
46.7480	230	76.0000	73.0909
46.9512	231	76.0000	73.1818
47.1545	232	76.0000	73.2727
47.3577	233	78.0000	73.3636
47.5610	234	74.0000	73.4545
47.7642	235	75.0000	73.5455
47.9675	236	74.0000	73.6364
48.1707	237	75.0000	73.7273
48.3740	238	74.0000	73.8182
48.5772	239	74.0000	73.9091
48.7805	240	75.0000	74.0000
48.9837	241	73.0000	74.0909
49.1870	242	77.0000	74.1818
49.3902	243	74.0000	74.2727
49.5935	244	73.0000	74.3636
49.7967	245	73.0000	74.4545
50.0000	246	73.0000	74.5455
50.2033	247	74.0000	74.6364
50.4065	248	74.0000	74.7273
50.6098	249	73.0000	74.8182
50.8130	250	75.0000	74.9091
51.0163	251	75.0000	75.0000
51.2195	252	74.0000	74.9310
51.4228	253	74.0000	74.8621
51.6260	254	73.0000	74.7931
51.8293	255	73.0000	74.7241
52.0325	256	73.0000	74.6552
52.2358	257	73.0000	74.5862
52.4390	258	73.0000	74.5172
52.6423	259	73.0000	74.4483
52.8455	260	75.0000	74.3793
53.0488	261	73.0000	74.3103
53.2520	262	73.0000	74.2414
53.4553	263	73.0000	74.1724
53.6585	264	73.0000	74.1034
53.8618	265	73.0000	74.0345
54.0650	266	73.0000	73.9655
54.2683	267	73.0000	73.8966
54.4715	268	73.0000	73.8276
54.6748	269	72.0000	73.7586
54.8780	270	73.0000	73.6897
55.0813	271	74.0000	73.6207
55.2846	272	72.0000	73.5517
55.4878	273	72.0000	73.4828
55.6911	274	71.0000	73.4138
55.8943	275	72.0000	73.3448
56.0976	276	72.0000	73.2759
56.3008	277	72.0000	73.2069
56.5041	278	71.0000	73.1379
56.7073	279	73.0000	73.0690
56.9106	280	73.0000	73.0000
57.1138	281	73.0000	72.9298
57.3171	282	71.0000	72.8596
57.5203	283	72.0000	72.7895
57.7236	284	73.0000	72.7193
57.9268	285	72.0000	72.6491
58.1301	286	70.0000	72.5789
58.3333	287	73.0000	72.5088
58.5366	288	73.0000	72.4386
58.7398	289	73.0000	72.3684
58.9431	290	73.0000	72.2982
59.1463	291	72.0000	72.2281
59.3496	292	71.0000	72.1579
59.5528	293	71.0000	72.0877
59.7561	294	71.0000	72.0175
59.9593	295	73.0000	71.9474
60.1626	296	72.0000	71.8772
60.3659	297	71.0000	71.8070
60.5691	298	72.0000	71.7368
60.7724	299	72.0000	71.6667
60.9756	300	72.0000	71.5965
61.1789	301	72.0000	71.5263
61.3821	302	71.0000	71.4561
61.5854	303	72.0000	71.3860
61.7886	304	73.0000	71.3158
61.9919	305	72.0000	71.2456
62.1951	306	71.0000	71.1754
62.3984	307	73.0000	71.1053
62.6016	308	74.0000	71.0351
62.8049	309	71.0000	70.9649
63.0081	310	71.0000	70.8947
63.2114	311	71.0000	70.8246
63.4146	312	71.0000	70.7544
63.6179	313	71.0000	70.6842
63.8211	314	70.0000	70.6140
64.0244	315	71.0000	70.5439
64.2276	316	70.0000	70.4737
64.4309	317	71.0000	70.4035
64.6341	318	71.0000	70.3333
64.8374	319	71.0000	70.2632
65.0407	320	70.0000	70.1930
65.2439	321	70.0000	70.1228
65.4472	322	71.0000	70.0526
65.6504	323	70.0000	69.9825
65.8537	324	72.0000	69.9123
66.0569	325	69.0000	69.8421
66.2602	326	70.0000	69.7719
66.4634	327	70.0000	69.7018
66.6667	328	70.0000	69.6316
66.8699	329	71.0000	69.5614
67.0732	330	70.0000	69.4912
67.2764	331	69.0000	69.4211
67.4797	332	70.0000	69.3509
67.6829	333	70.0000	69.2807
67.8862	334	70.0000	69.2105
68.0894	335	70.0000	69.1404
68.2927	336	70.0000	69.0702
68.4959	337	69.0000	69.0000
68.6992	338	70.0000	69.0385
68.9024	339	70.0000	69.0769
69.1057	340	69.0000	69.1154
69.3089	341	71.0000	69.1538
69.5122	342	70.0000	69.1923
69.7154	343	70.0000	69.2308
69.9187	344	70.0000	69.2692
70.1220	345	69.0000	69.3077
70.3252	346	69.0000	69.3462
70.5285	347	70.0000	69.3846
70.7317	348	70.0000	69.4231
70.9350	349	69.0000	69.4615
71.1382	350	69.0000	69.5000
71.3415	351	70.0000	69.5385
71.5447	352	70.0000	69.5769
71.7480	353	69.0000	69.6154
71.9512	354	68.0000	69.6538
72.1545	355	69.0000	69.6923
72.3577	356	69.0000	69.7308
72.5610	357	70.0000	69.7692
72.7642	358	71.0000	69.8077
72.9675	359	68.0000	69.8462
73.1707	360	69.0000	69.8846
73.3740	361	68.0000	69.9231
73.5772	362	70.0000	69.9615
73.7805	363	70.0000	70.0000
73.9837	364	69.0000	69.9091
74.1870	365	68.0000	69.8182
74.3902	366	69.0000	69.7273
74.5935	367	71.0000	69.6364
74.7967	368	70.0000	69.5455
75.0000	369	69.0000	69.4545
75.2033	370	68.0000	69.3636
75.4065	371	68.0000	69.2727
75.6098	372	70.0000	69.1818
75.8130	373	69.0000	69.0909
76.0163	374	69.0000	69.0000
76.2195	375	69.0000	68.9091
76.4228	376	69.0000	68.8182
76.6260	377	69.0000	68.7273
76.8293	378	69.0000	68.6364
77.0325	379	68.0000	68.5455
77.2358	380	69.0000	68.4545
77.4390	381	68.0000	68.3636
77.6423	382	69.0000	68.2727
77.8455	383	69.0000	68.1818
78.0488	384	69.0000	68.0909
78.2520	385	68.0000	68.0000
78.4553	386	69.0000	68.0513
78.6585	387	69.0000	68.1026
78.8618	388	69.0000	68.1538
79.0650	389	69.0000	68.2051
79.2683	390	68.0000	68.2564
79.4715	391	69.0000	68.3077
79.6748	392	69.0000	68.3590
79.8780	393	70.0000	68.4103
80.0813	394	68.0000	68.4615
80.2846	395	69.0000	68.5128
80.4878	396	69.0000	68.5641
80.6911	397	69.0000	68.6154
80.8943	398	69.0000	68.6667
81.0976	399	69.0000	68.7179
81.3008	400	69.0000	68.7692
81.5041	401	70.0000	68.8205
81.7073	402	71.0000	68.8718
81.9106	403	70.0000	68.9231
82.1138	404	70.0000	68.9744
82.3171	405	70.0000	69.0256
82.5203	406	70.0000	69.0769
82.7236	407	70.0000	69.1282
82.9268	408	69.0000	69.1795
83.1301	409	69.0000	69.2308
83.3333	410	69.0000	69.2821
83.5366	411	70.0000	69.3333
83.7398	412	69.0000	69.3846
83.9431	413	69.0000	69.4359
84.1463	414	69.0000	69.4872
84.3496	415	70.0000	69.5385
84.5528	416	68.0000	69.5897
84.7561	417	69.0000	69.6410
84.9593	418	68.0000	69.6923
85.1626	419	70.0000	69.7436
85.3659	420	69.0000	69.7949
85.5691	421	68.0000	69.8462
85.7724	422	70.0000	69.8974
85.9756	423	69.0000	69.9487
86.1789	424	70.0000	70.0000
86.3821	425	70.0000	69.9310
86.5854	426	69.0000	69.8621
86.7886	427	68.0000	69.7931
86.9919	428	68.0000	69.7241
87.1951	429	68.0000	69.6552
87.3984	430	70.0000	69.5862
87.6016	431	69.0000	69.5172
87.8049	432	69.0000	69.4483
88.0081	433	68.0000	69.3793
88.2114	434	70.0000	69.3103
88.4146	435	69.0000	69.2414
88.6179	436	70.0000	69.1724
88.8211	437	70.0000	69.1034
89.0244	438	69.0000	69.0345
89.2276	439	69.0000	68.9655
89.4309	440	69.0000	68.8966
89.6341	441	69.0000	68.8276
89.8374	442	70.0000	68.7586
90.0407	443	69.0000	68.6897
90.2439	444	70.0000	68.6207
90.4472	445	69.0000	68.5517
90.6504	446	67.0000	68.4828
90.8537	447	68.0000	68.4138
91.0569	448	69.0000	68.3448
91.2602	449	69.0000	68.2759
91.4634	450	69.0000	68.2069
91.6667	451	69.0000	68.1379
91.8699	452	68.0000	68.0690
92.0732	453	68.0000	68.0000
92.2764	454	69.0000	68.0400
92.4797	455	69.0000	68.0800
92.6829	456	68.0000	68.1200
92.8862	457	70.0000	68.1600
93.0894	458	68.0000	68.2000
93.2927	459	70.0000	68.2400
93.4959	460	69.0000	68.2800
93.6992	461	67.0000	68.3200
93.9024	462	69.0000	68.3600
94.1057	463	69.0000	68.4000
94.3089	464	69.0000	68.4400
94.5122	465	68.0000	68.4800
94.7154	466	69.0000	68.5200
94.9187	467	69.0000	68.5600
95.1220	468	69.0000	68.6000
95.3252	469	69.0000	68.6400
95.5285	470	70.0000	68.6800
95.7317	471	69.0000	68.7200
95.9350	472	69.0000	68.7600
96.1382	473	70.0000	68.8000
96.3415	474	69.0000	68.8400
96.5447	475	69.0000	68.8800
96.7480	476	69.0000	68.9200
96.9512	477	70.0000	68.9600
97.1545	478	69.0000	69.0000
97.3577	479	70.0000	69.0714
97.5610	480	70.0000	69.1429
97.7642	481	68.0000	69.2143
97.9675	482	69.0000	69.2857
98.1707	483	70.0000	69.3571
98.3740	484	70.0000	69.4286
98.5772	485	69.0000	69.5000
98.7805	486	70.0000	69.5714
98.9837	487	69.0000	69.6429
99.1870	488	70.0000	69.7143
99.3902	489	70.0000	69.7857
99.5935	490	68.0000	69.8571
99.7967	491	69.0000	69.9286
100.0000	492	70.0000	70.0000
---------- 4: r2a_a4 ----------
Offset(%)	Offset(pix)	Profile	Background
0.0000	0	77.0000	77.0000
0.2033	1	75.0000	77.0000
0.4065	2	76.0000	77.0000
0.6098	3	77.0000	77.0000
0.8130	4	77.0000	77.0000
1.0163	5	77.0000	77.0000
1.2195	6	76.0000	77.0000
1.4228	7	76.0000	77.0000
1.6260	8	78.0000	77.0000
1.8293	9	77.0000	77.0000
2.0325	10	77.0000	77.0000
2.2358	11	78.0000	77.0476
2.4390	12	77.0000	77.0952
2.6423	13	78.0000	77.1429
2.8455	14	78.0000	77.1905
3.0488	15	78.0000	77.2381
3.2520	16	78.0000	77.2857
3.4553	17	78.0000	77.3333
3.6585	18	78.0000	77.3810
3.8618	19	76.0000	77.4286
4.0650	20	75.0000	77.4762
4.2683	21	77.0000	77.5238
4.4715	22	79.0000	77.5714
4.6748	23	79.0000	77.6190
4.8780	24	79.0000	77.6667
5.0813	25	80.0000	77.7143
5.2846	26	79.0000	77.7619
5.4878	27	81.0000	77.8095
5.6911	28	84.0000	77.8571
5.8943	29	91.0000	77.9048
6.0976	30	112.0000	77.9524
6.3008	31	189.0000	78.0000
6.5041	32	278.0000	78.0476
6.7073	33	303.0000	78.0952
6.9106	34	265.0000	78.1429
7.1138	35	230.0000	78.1905
7.3171	36	204.0000	78.2381
7.5203	37	188.0000	78.2857
7.7236	38	182.0000	78.3333
7.9268	39	224.0000	78.3810
8.1301	40	260.0000	78.4286
8.3333	41	295.0000	78.4762
8.5366	42	285.0000	78.5238
8.7398	43	259.0000	78.5714
8.9431	44	218.0000	78.6190
9.1463	45	182.0000	78.6667
9.3496	46	155.0000	78.7143
9.5528	47	136.0000	78.7619
9.7561	48	129.0000	78.8095
9.9593	49	124.0000	78.8571
10.1626	50	123.0000	78.9048
10.3659	51	121.0000	78.9524
10.5691	52	119.0000	79.0000
10.7724	53	117.0000	79.0476
10.9756	54	114.0000	79.0952
11.1789	55	116.0000	79.1429
11.3821	56	114.0000	79.1905
11.5854	57	113.0000	79.2381
11.7886	58	111.0000	79.2857
11.9919	59	109.0000	79.3333
12.1951	60	107.0000	79.3810
12.3984	61	110.0000	79.4286
12.6016	62	108.0000	79.4762
12.8049	63	109.0000	79.5238
13.0081	64	107.0000	79.5714
13.2114	65	108.0000	79.6190
13.4146	66	106.0000	79.6667
13.6179	67	109.0000	79.7143
13.8211	68	107.0000	79.7619
14.0244	69	108.0000	79.8095
14.2276	70	107.0000	79.8571
14.4309	71	110.0000	79.9048
14.6341	72	111.0000	79.9524
14.8374	73	112.0000	80.0000
15.0407	74	113.0000	80.0476
15.2439	75	118.0000	80.0952
15.4472	76	125.0000	80.1429
15.6504	77	128.0000	80.1905
15.8537	78	136.0000	80.2381
16.0569	79	147.0000	80.2857
16.2602	80	159.0000	80.3333
16.4634	81	175.0000	80.3810
16.6667	82	200.0000	80.4286
16.8699	83	245.0000	80.4762
17.0732	84	282.0000	80.5238
17.2764	85	320.0000	80.5714
17.4797	86	343.0000	80.6190
17.6829	87	349.0000	80.6667
17.8862	88	327.0000	80.7143
18.0894	89	298.0000	80.7619
18.2927	90	265.0000	80.8095
18.4959	91	242.0000	80.8571
18.6992	92	208.0000	80.9048
18.9024	93	190.0000	80.9524
19.1057	94	172.0000	81.0000
19.3089	95	156.0000	81.0476
19.5122	96	149.0000	81.0952
19.7154	97	136.0000	81.1429
19.9187	98	129.0000	81.1905
20.1220	99	120.0000	81.2381
20.3252	100	117.0000	81.2857
20.5285	101	112.0000	81.3333
20.7317	102	105.0000	81.3810
20.9350	103	101.0000	81.4286
21.1382	104	100.0000	81.4762
21.3415	105	96.0000	81.5238
21.5447	106	94.0000	81.5714
21.7480	107	91.0000	81.6190
21.9512	108	90.0000	81.6667
22.1545	109	89.0000	81.7143
22.3577	110	86.0000	81.7619
22.5610	111	86.0000	81.8095
22.7642	112	84.0000	81.8571
22.9675	113	83.0000	81.9048
23.1707	114	84.0000	81.9524
23.3740	115	82.0000	82.0000
23.5772	116	81.0000	81.5385
23.7805	117	80.0000	81.0769
23.9837	118	81.0000	80.6154
24.1870	119	79.0000	80.1538
24.3902	120	79.0000	79.6923
24.5935	121	77.0000	79.2308
24.7967	122	78.0000	78.7692
25.0000	123	76.0000	78.3077
25.2033	124	76.0000	77.8462
25.4065	125	75.0000	77.3846
25.6098	126	76.0000	76.9231
25.8130	127	75.0000	76.4615
26.0163	128	75.0000	76.0000
26.2195	129	73.0000	75.5385
26.4228	130	73.0000	75.0769
26.6260	131	74.0000	74.6154
26.8293	132	72.0000	74.1538
27.0325	133	72.0000	73.6923
27.2358	134	73.0000	73.2308
27.4390	135	72.0000	72.7692
27.6423	136	72.0000	72.3077
27.8455	137	72.0000	71.8462
28.0488	138	72.0000	71.3846
28.2520	139	71.0000	70.9231
28.4553	140	70.0000	70.4615
28.6585	141	70.0000	70.0000
28.8618	142	70.0000	69.8636
29.0650	143	71.0000	69.7273
29.2683	144	70.0000	69.5909
29.4715	145	71.0000	69.4545
29.6748	146	70.0000	69.3182
29.8780	147	69.0000	69.1818
30.0813	148	70.0000	69.0455
30.2846	149	68.0000	68.9091
30.4878	150	69.0000	68.7727
30.6911	151	69.0000	68.6364
30.8943	152	70.0000	68.5000
31.0976	153	69.0000	68.3636
31.3008	154	69.0000	68.2273
31.5041	155	68.0000	68.0909
31.7073	156	68.0000	67.9545
31.9106	157	68.0000	67.8182
32.1138	158	69.0000	67.6818
32.3171	159	68.0000	67.5455
32.5203	160	68.0000	67.4091
32.7236	161	69.0000	67.2727
32.9268	162	69.0000	67.1364
33.1301	163	67.0000	67.0000
33.3333	164	68.0000	67.0435
33.5366	165	68.0000	67.0870
33.7398	166	69.0000	67.1304
33.9431	167	69.0000	67.1739
34.1463	168	69.0000	67.2174
34.3496	169	67.0000	67.2609
34.5528	170	67.0000	67.3043
34.7561	171	68.0000	67.3478
34.9593	172	68.0000	67.3913
35.1626	173	68.0000	67.4348
35.3659	174	68.0000	67.4783
35.5691	175	68.0000	67.5217
35.7724	176	68.0000	67.5652
35.9756	177	67.0000	67.6087
36.1789	178	69.0000	67.6522
36.3821	179	69.0000	67.6957
36.5854	180	68.0000	67.7391
36.7886	181	68.0000	67.7826
36.9919	182	67.0000	67.8261
37.1951	183	68.0000	67.8696
37.3984	184	68.0000	67.9130
37.6016	185	68.0000	67.9565
37.8049	186	68.0000	68.0000
38.0081	187	68.0000	68.0323
38.2114	188	69.0000	68.0645
38.4146	189	69.0000	68.0968
38.6179	190	68.0000	68.1290
38.8211	191	69.0000	68.1613
39.0244	192	68.0000	68.1936
39.2276	193	69.0000	68.2258
39.4309	194	68.0000	68.2581
39.6341	195	69.0000	68.2903
39.8374	196	68.0000	68.3226
40.0407	197	69.0000	68.3548
40.2439	198	68.0000	68.3871
40.4472	199	71.0000	68.4194
40.6504	200	68.0000	68.4516
40.8537	201	69.0000	68.4839
41.0569	202	68.0000	68.5161
41.2602	203	68.0000	68.5484
41.4634	204	69.0000	68.5806
41.6667	205	68.0000	68.6129
41.8699	206	69.0000	68.6452
42.0732	207	69.0000	68.6774
42.2764	208	69.0000	68.7097
42.4797	209	69.0000	68.7419
42.6829	210	68.0000	68.7742
42.8862	211	69.0000	68.8064
43.0894	212	69.0000	68.8387
43.2927	213	69.0000	68.8710
43.4959	214	69.0000	68.9032
43.6992	215	69.0000	68.9355
43.9024	216	68.0000	68.9677
44.1057	217	69.0000	69.0000
44.3089	218	70.0000	68.9655
44.5122	219	69.0000	68.9310
44.7154	220	68.0000	68.8966
44.9187	221	69.0000	68.8621
45.1220	222	69.0000	68.8276
45.3252	223	69.0000	68.7931
45.5285	224	69.0000	68.7586
45.7317	225	69.0000	68.7241
45.9350	226	70.0000	68.6897
46.1382	227	68.0000	68.6552
46.3415	228	68.0000	68.6207
46.5447	229	69.0000	68.5862
46.7480	230	68.0000	68.5517
46.9512	231	69.0000	68.5172
47.1545	232	68.0000	68.4828
47.3577	233	70.0000	68.4483
47.5610	234	67.0000	68.4138
47.7642	235	68.0000	68.3793
47.9675	236	68.0000	68.3448
48.1707	237	69.0000	68.3103
48.3740	238	69.0000	68.2759
48.5772	239	68.0000	68.2414
48.7805	240	69.0000	68.2069
48.9837	241	68.0000	68.1724
49.1870	242	68.0000	68.1379
49.3902	243	67.0000	68.1034
49.5935	244	67.0000	68.0690
49.7967	245	69.0000	68.0345
50.0000	246	68.0000	68.0000
50.2033	247	67.0000	68.0345
50.4065	248	68.0000	68.0690
50.6098	249	68.0000	68.1034
50.8130	250	67.0000	68.1379
51.0163	251	69.0000	68.1724
51.2195	252	68.0000	68.2069
51.4228	253	68.0000	68.2414
51.6260	254	68.0000	68.2759
51.8293	255	70.0000	68.3103
52.0325	256	69.0000	68.3448
52.2358	257	68.0000	68.3793
52.4390	258	67.0000	68.4138
52.6423	259	69.0000	68.4483
52.8455	260	68.0000	68.4828
53.0488	261	69.0000	68.5172
53.2520	262	68.0000	68.5517
53.4553	263	68.0000	68.5862
53.6585	264	69.0000	68.6207
53.8618	265	68.0000	68.6552
54.0650	266	67.0000	68.6897
54.2683	267	68.0000	68.7241
54.4715	268	68.0000	68.7586
54.6748	269	67.0000	68.7931
54.8780	270	68.0000	68.8276
55.0813	271	67.0000	68.8621
55.2846	272	67.0000	68.8966
55.4878	273	68.0000	68.9310
55.6911	274	68.0000	68.9655
55.8943	275	69.0000	69.0000
56.0976	276	68.0000	68.9655
56.3008	277	67.0000	68.9310
56.5041	278	68.0000	68.8966
56.7073	279	68.0000	68.8621
56.9106	280	68.0000	68.8276
57.1138	281	67.0000	68.7931
57.3171	282	67.0000	68.7586
57.5203	283	68.0000	68.7241
57.7236	284	68.0000	68.6897
57.9268	285	68.0000	68.6552
58.1301	286	68.0000	68.6207
58.3333	287	67.0000	68.5862
58.5366	288	68.0000	68.5517
58.7398	289	68.0000	68.5172
58.9431	290	68.0000	68.4828
59.1463	291	67.0000	68.4483
59.3496	292	67.0000	68.4138
59.5528	293	68.0000	68.3793
59.7561	294	67.0000	68.3448
59.9593	295	68.0000	68.3103
60.1626	296	67.0000	68.2759
60.3659	297	67.0000	68.2414
60.5691	298	68.0000	68.2069
60.7724	299	69.0000	68.1724
60.9756	300	68.0000	68.1379
61.1789	301	68.0000	68.1034
61.3821	302	67.0000	68.0690
61.5854	303	69.0000	68.0345
61.7886	304	68.0000	68.0000
61.9919	305	67.0000	67.9643
62.1951	306	68.0000	67.9286
62.3984	307	67.0000	67.8929
62.6016	308	69.0000	67.8571
62.8049	309	68.0000	67.8214
63.0081	310	67.0000	67.7857
63.2114	311	67.0000	67.7500
63.4146	312	67.0000	67.7143
63.6179	313	68.0000	67.6786
63.8211	314	67.0000	67.6429
64.0244	315	68.0000	67.6071
64.2276	316	68.0000	67.5714
64.4309	317	68.0000	67.5357
64.6341	318	67.0000	67.5000
64.8374	319	68.0000	67.4643
65.0407	320	68.0000	67.4286
65.2439	321	67.0000	67.3929
65.4472	322	67.0000	67.3571
65.6504	323	67.0000	67.3214
65.8537	324	69.0000	67.2857
66.0569	325	68.0000	67.2500
66.2602	326	68.0000	67.2143
66.4634	327	67.0000	67.1786
66.6667	328	68.0000	67.1429
66.8699	329	67.0000	67.1071
67.0732	330	68.0000	67.0714
67.2764	331	69.0000	67.0357
67.4797	332	67.0000	67.0000
67.6829	333	68.0000	67.0370
67.8862	334	67.0000	67.0741
68.0894	335	69.0000	67.1111
68.2927	336	69.0000	67.1481
68.4959	337	69.0000	67.1852
68.6992	338	67.0000	67.2222
68.9024	339	68.0000	67.2593
69.1057	340	68.0000	67.2963
69.3089	341	68.0000	67.3333
69.5122	342	68.0000	67.3704
69.7154	343	69.0000	67.4074
69.9187	344	67.0000	67.4444
70.1220	345	69.0000	67.4815
70.3252	346	67.0000	67.5185
70.5285	347	67.0000	67.5556
70.7317	348	68.0000	67.5926
70.9350	349	67.0000	67.6296
71.1382	350	67.0000	67.6667
71.3415	351	69.0000	67.7037
71.5447	352	69.0000	67.7407
71.7480	353	68.0000	67.7778
71.9512	354	68.0000	67.8148
72.1545	355	68.0000	67.8519
72.3577	356	69.0000	67.8889
72.5610	357	68.0000	67.9259
72.7642	358	68.0000	67.9630
72.9675	359	68.0000	68.0000
73.1707	360	68.0000	68.0303
73.3740	361	69.0000	68.0606
73.5772	362	70.0000	68.0909
73.7805	363	68.0000	68.1212
73.9837	364	69.0000	68.1515
74.1870	365	68.0000	68.1818
74.3902	366	70.0000	68.2121
74.5935	367	68.0000	68.2424
74.7967	368	68.0000	68.2727
75.0000	369	69.0000	68.3030
75.2033	370	69.0000	68.3333
75.4065	371	69.0000	68.3636
75.6098	372	68.0000	68.3939
75.8130	373	69.0000	68.4242
76.0163	374	69.0000	68.4545
76.2195	375	68.0000	68.4848
76.4228	376	69.0000	68.5152
76.6260	377	69.0000	68.5455
76.8293	378	67.0000	68.5758
77.0325	379	69.0000	68.6061
77.2358	380	69.0000	68.6364
77.4390	381	70.0000	68.6667
77.6423	382	69.0000	68.6970
77.8455	383	68.0000	68.7273
78.0488	384	69.0000	68.7576
78.2520	385	69.0000	68.7879
78.4553	386	68.0000	68.8182
78.6585	387	68.0000	68.8485
78.8618	388	68.0000	68.8788
79.0650	389	69.0000	68.9091
79.2683	390	69.0000	68.9394
79.4715	391	69.0000	68.9697
79.6748	392	69.0000	69.0000
79.8780	393	68.0000	69.0000
80.0813	394	69.0000	69.0000
80.2846	395	69.0000	69.0000
80.4878	396	68.0000	69.0000
80.6911	397	68.0000	69.0000
80.8943	398	68.0000	69.0000
81.0976	399	68.0000	69.0000
81.3008	400	69.0000	69.0000
81.5041	401	69.0000	69.0000
81.7073	402	69.0000	69.0000
81.9106	403	68.0000	69.0000
82.1138	404	70.0000	69.0000
82.3171	405	68.0000	69.0000
82.5203	406	69.0000	69.0000
82.7236	407	68.0000	69.0000
82.9268	408	68.0000	69.0000
83.1301	409	70.0000	69.0000
83.3333	410	69.0000	69.0000
83.5366	411	68.0000	69.0000
83.7398	412	70.0000	69.0000
83.9431	413	69.0000	69.0000
84.1463	414	68.0000	69.0000
84.3496	415	69.0000	69.0000
84.5528	416	68.0000	69.0286
84.7561	417	68.0000	69.0571
84.9593	418	69.0000	69.0857
85.1626	419	69.0000	69.1143
85.3659	420	68.0000	69.1429
85.5691	421	69.0000	69.1714
85.7724	422	68.0000	69.2000
85.9756	423	69.0000	69.2286
86.1789	424	69.0000	69.2571
86.3821	425	69.0000	69.2857
86.5854	426	68.0000	69.3143
86.7886	427	69.0000	69.3429
86.9919	428	70.0000	69.3714
87.1951	429	72.0000	69.4000
87.3984	430	71.0000	69.4286
87.6016	431	72.0000	69.4571
87.8049	432	69.0000	69.4857
88.0081	433	71.0000	69.5143
88.2114	434	72.0000	69.5429
88.4146	435	71.0000	69.5714
88.6179	436	71.0000	69.6000
88.8211	437	72.0000	69.6286
89.0244	438	71.0000	69.6571
89.2276	439	69.0000	69.6857
89.4309	440	71.0000	69.7143
89.6341	441	70.0000	69.7429
89.8374	442	69.0000	69.7714
90.0407	443	70.0000	69.8000
90.2439	444	68.0000	69.8286
90.4472	445	71.0000	69.8571
90.6504	446	69.0000	69.8857
90.8537	447	69.0000	69.9143
91.0569	448	69.0000	69.9429
91.2602	449	70.0000	69.9714
91.4634	450	70.0000	70.0000
91.6667	451	69.0000	70.0741
91.8699	452	69.0000	70.1481
92.0732	453	69.0000	70.2222
92.2764	454	69.0000	70.2963
92.4797	455	70.0000	70.3704
92.6829	456	68.0000	70.4444
92.8862	457	69.0000	70.5185
93.0894	458	69.0000	70.5926
93.2927	459	70.0000	70.6667
93.4959	460	70.0000	70.7407
93.6992	461	70.0000	70.8148
93.9024	462	70.0000	70.8889
94.1057	463	71.0000	70.9630
94.3089	464	70.0000	71.0370
94.5122	465	71.0000	71.1111
94.7154	466	69.0000	71.1852
94.9187	467	70.0000	71.2593
95.1220	468	70.0000	71.3333
95.3252	469	69.0000	71.4074
95.5285	470	70.0000	71.4815
95.7317	471	70.0000	71.5556
95.9350	472	70.0000	71.6296
96.1382	473	70.0000	71.7037
96.3415	474	70.0000	71.7778
96.5447	475	69.0000	71.8519
96.7480	476	69.0000	71.9259
96.9512	477	72.0000	72.0000
97.1545	478	71.0000	71.9333
97.3577	479	69.0000	71.8667
97.5610	480	70.0000	71.8000
97.7642	481	69.0000	71.7333
97.9675	482	70.0000	71.6667
98.1707	483	70.0000	71.6000
98.3740	484	70.0000	71.5333
98.5772	485	71.0000	71.4667
98.7805	486	69.0000	71.4000
98.9837	487	70.0000	71.3333
99.1870	488	70.0000	71.2667
99.3902	489	70.0000	71.2000
99.5935	490	70.0000	71.1333
99.7967	491	69.0000	71.0667
100.0000	492	71.0000	71.0000
---------- 5: r2a_a5 ----------
Offset(%)	Offset(pix)	Profile	Background
0.0000	0	74.0000	74.0000
0.2033	1	74.0000	74.0000
0.4065	2	73.0000	74.0000
0.6098	3	75.0000	74.0000
0.8130	4	74.0000	74.0000
1.0163	5	74.0000	74.0000
1.2195	6	74.0000	74.0000
1.4228	7	76.0000	74.0000
1.6260	8	74.0000	74.0000
1.8293	9	75.0000	74.0000
2.0325	10	74.0000	74.0000
2.2358	11	74.0000	74.0000
2.4390	12	75.0000	74.0000
2.6423	13	75.0000	74.0000
2.8455	14	74.0000	74.0000
3.0488	15	75.0000	74.0000
3.2520	16	76.0000	74.0000
3.4553	17	75.0000	74.0000
3.6585	18	74.0000	74.0000
3.8618	19	74.0000	74.0000
4.0650	20	74.0000	74.0000
4.2683	21	72.0000	74.0000
4.4715	22	72.0000	74.0000
4.6748	23	74.0000	74.0000
4.8780	24	74.0000	74.0460
5.0813	25	76.0000	74.0920
5.2846	26	76.0000	74.1379
5.4878	27	73.0000	74.1839
5.6911	28	72.0000	74.2299
5.8943	29	71.0000	74.2759
6.0976	30	71.0000	74.3218
6.3008	31	74.0000	74.3678
6.5041	32	82.0000	74.4138
6.7073	33	92.0000	74.4598
6.9106	34	93.0000	74.5057
7.1138	35	93.0000	74.5517
7.3171	36	95.0000	74.5977
7.5203	37	94.0000	74.6437
7.7236	38	96.0000	74.6897
7.9268	39	95.0000	74.7356
8.1301	40	90.0000	74.7816
8.3333	41	90.0000	74.8276
8.5366	42	90.0000	74.8736
8.7398	43	87.0000	74.9195
8.9431	44	86.0000	74.9655
9.1463	45	82.0000	75.0115
9.3496	46	82.0000	75.0575
9.5528	47	82.0000	75.1034
9.7561	48	81.0000	75.1494
9.9593	49	81.0000	75.1954
10.1626	50	82.0000	75.2414
10.3659	51	81.0000	75.2874
10.5691	52	81.0000	75.3333
10.7724	53	81.0000	75.3793
10.9756	54	82.0000	75.4253
11.1789	55	81.0000	75.4713
11.3821	56	83.0000	75.5172
11.5854	57	83.0000	75.5632
11.7886	58	80.0000	75.6092
11.9919	59	82.0000	75.6552
12.1951	60	79.0000	75.7011
12.3984	61	80.0000	75.7471
12.6016	62	82.0000	75.7931
12.8049	63	79.0000	75.8391
13.0081	64	81.0000	75.8851
13.2114	65	80.0000	75.9310
13.4146	66	81.0000	75.9770
13.6179	67	80.0000	76.0230
13.8211	68	80.0000	76.0690
14.0244	69	80.0000	76.1149
14.2276	70	79.0000	76.1609
14.4309	71	80.0000	76.2069
14.6341	72	80.0000	76.2529
14.8374	73	81.0000	76.2989
15.0407	74	81.0000	76.3448
15.2439	75	81.0000	76.3908
15.4472	76	83.0000	76.4368
15.6504	77	86.0000	76.4828
15.8537	78	86.0000	76.5287
16.0569	79	87.0000	76.5747
16.2602	80	89.0000	76.6207
16.4634	81	91.0000	76.6667
16.6667	82	93.0000	76.7126
16.8699	83	94.0000	76.7586
17.0732	84	99.0000	76.8046
17.2764	85	106.0000	76.8506
17.4797	86	110.0000	76.8966
17.6829	87	118.0000	76.9425
17.8862	88	124.0000	76.9885
18.0894	89	130.0000	77.0345
18.2927	90	137.0000	77.0805
18.4959	91	142.0000	77.1264
18.6992	92	147.0000	77.1724
18.9024	93	149.0000	77.2184
19.1057	94	155.0000	77.2644
19.3089	95	157.0000	77.3103
19.5122	96	156.0000	77.3563
19.7154	97	156.0000	77.4023
19.9187	98	159.0000	77.4483
20.1220	99	157.0000	77.4943
20.3252	100	157.0000	77.5402
20.5285	101	157.0000	77.5862
20.7317	102	152.0000	77.6322
20.9350	103	148.0000	77.6782
21.1382	104	149.0000	77.7241
21.3415	105	144.0000	77.7701
21.5447	106	146.0000	77.8161
21.7480	107	142.0000	77.8621
21.9512	108	141.0000	77.9080
22.1545	109	141.0000	77.9540
22.3577	110	137.0000	78.0000
22.5610	111	134.0000	78.0460
22.7642	112	132.0000	78.0920
22.9675	113	131.0000	78.1379
23.1707	114	127.0000	78.1839
23.3740	115	128.0000	78.2299
23.5772	116	126.0000	78.2759
23.7805	117	122.0000	78.3218
23.9837	118	120.0000	78.3678
24.1870	119	120.0000	78.4138
24.3902	120	119.0000	78.4598
24.5935	121	116.0000	78.5057
24.7967	122	114.0000	78.5517
25.0000	123	114.0000	78.5977
25.2033	124	113.0000	78.6437
25.4065	125	113.0000	78.6897
25.6098	126	109.0000	78.7356
25.8130	127	108.0000	78.7816
26.0163	128	107.0000	78.8276
26.2195	129	108.0000	78.8736
26.4228	130	105.0000	78.9195
26.6260	131	105.0000	78.9655
26.8293	132	106.0000	79.0115
27.0325	133	102.0000	79.0575
27.2358	134	102.0000	79.1034
27.4390	135	101.0000	79.1494
27.6423	136	100.0000	79.1954
27.8455	137	99.0000	79.2414
28.0488	138	99.0000	79.2874
28.2520	139	96.0000	79.3333
28.4553	140	98.0000	79.3793
28.6585	141	97.0000	79.4253
28.8618	142	96.0000	79.4713
29.0650	143	96.0000	79.5172
29.2683	144	94.0000	79.5632
29.4715	145	94.0000	79.6092
29.6748	146	93.0000	79.6552
29.8780	147	92.0000	79.7011
30.0813	148	93.0000	79.7471
30.2846	149	92.0000	79.7931
30.4878	150	91.0000	79.8391
30.6911	151	92.0000	79.8851
30.8943	152	91.0000	79.9310
31.0976	153	92.0000	79.9770
31.3008	154	90.0000	80.0230
31.5041	155	89.0000	80.0690
31.7073	156	90.0000	80.1149
31.9106	157	88.0000	80.1609
32.1138	158	90.0000	80.2069
32.3171	159	89.0000	80.2529
32.5203	160	86.0000	80.2989
32.7236	161	88.0000	80.3448
32.9268	162	87.0000	80.3908
33.1301	163	86.0000	80.4368
33.3333	164	86.0000	80.4828
33.5366	165	86.0000	80.5287
33.7398	166	85.0000	80.5747
33.9431	167	86.0000	80.6207
34.1463	168	85.0000	80.6667
34.3496	169	85.0000	80.7126
34.5528	170	84.0000	80.7586
34.7561	171	85.0000	80.8046
34.9593	172	82.0000	80.8506
35.1626	173	86.0000	80.8966
35.3659	174	84.0000	80.9425
35.5691	175	82.0000	80.9885
35.7724	176	83.0000	81.0345
35.9756	177	84.0000	81.0805
36.1789	178	85.0000	81.1264
36.3821	179	84.0000	81.1724
36.5854	180	82.0000	81.2184
36.7886	181	82.0000	81.2644
36.9919	182	84.0000	81.3103
37.1951	183	82.0000	81.3563
37.3984	184	82.0000	81.4023
37.6016	185	82.0000	81.4483
37.8049	186	81.0000	81.4943
38.0081	187	82.0000	81.5402
38.2114	188	82.0000	81.5862
38.4146	189	81.0000	81.6322
38.6179	190	80.0000	81.6782
38.8211	191	80.0000	81.7241
39.0244	192	81.0000	81.7701
39.2276	193	80.0000	81.8161
39.4309	194	81.0000	81.8621
39.6341	195	79.0000	81.9080
39.8374	196	82.0000	81.9540
40.0407	197	82.0000	82.0000
40.2439	198	80.0000	81.8077
40.4472	199	79.0000	81.6154
40.6504	200	81.0000	81.4231
40.8537	201	80.0000	81.2308
41.0569	202	80.0000	81.0385
41.2602	203	79.0000	80.8462
41.4634	204	79.0000	80.6538
41.6667	205	79.0000	80.4615
41.8699	206	79.0000	80.2692
42.0732	207	79.0000	80.0769
42.2764	208	78.0000	79.8846
42.4797	209	78.0000	79.6923
42.6829	210	79.0000	79.5000
42.8862	211	78.0000	79.3077
43.0894	212	78.0000	79.1154
43.2927	213	80.0000	78.9231
43.4959	214	78.0000	78.7308
43.6992	215	78.0000	78.5385
43.9024	216	79.0000	78.3462
44.1057	217	77.0000	78.1538
44.3089	218	77.0000	77.9615
44.5122	219	78.0000	77.7692
44.7154	220	76.0000	77.5769
44.9187	221	79.0000	77.3846
45.1220	222	76.0000	77.1923
45.3252	223	77.0000	77.0000
45.5285	224	78.0000	76.8857
45.7317	225	78.0000	76.7714
45.9350	226	77.0000	76.6571
46.1382	227	77.0000	76.5429
46.3415	228	76.0000	76.4286
46.5447	229	77.0000	76.3143
46.7480	230	77.0000	76.2000
46.9512	231	77.0000	76.0857
47.1545	232	76.0000	75.9714
47.3577	233	76.0000	75.8571
47.5610	234	76.0000	75.7429
47.7642	235	75.0000	75.6286
47.9675	236	76.0000	75.5143
48.1707	237	76.0000	75.4000
48.3740	238	76.0000	75.2857
48.5772	239	76.0000	75.1714
48.7805	240	76.0000	75.0571
48.9837	241	77.0000	74.9429
49.1870	242	75.0000	74.8286
49.3902	243	76.0000	74.7143
49.5935	244	74.0000	74.6000
49.7967	245	75.0000	74.4857
50.0000	246	76.0000	74.3714
50.2033	247	74.0000	74.2571
50.4065	248	75.0000	74.1429
50.6098	249	75.0000	74.0286
50.8130	250	76.0000	73.9143
51.0163	251	75.0000	73.8000
51.2195	252	74.0000	73.6857
51.4228	253	74.0000	73.5714
51.6260	254	75.0000	73.4571
51.8293	255	74.0000	73.3429
52.0325	256	73.0000	73.2286
52.2358	257	74.0000	73.1143
52.4390	258	73.0000	73.0000
52.6423	259	73.0000	72.9298
52.8455	260	73.0000	72.8596
53.0488	261	72.0000	72.7895
53.2520	262	73.0000	72.7193
53.4553	263	72.0000	72.6491
53.6585	264	74.0000	72.5789
53.8618	265	73.0000	72.5088
54.0650	266	74.0000	72.4386
54.2683	267	74.0000	72.3684
54.4715	268	73.0000	72.2982
54.6748	269	74.0000	72.2281
54.8780	270	73.0000	72.1579
55.0813	271	73.0000	72.0877
55.2846	272	73.0000	72.0175
55.4878	273	73.0000	71.9474
55.6911	274	73.0000	71.8772
55.8943	275	73.0000	71.8070
56.0976	276	72.0000	71.7368
56.3008	277	72.0000	71.6667
56.5041	278	73.0000	71.5965
56.7073	279	71.0000	71.5263
56.9106	280	73.0000	71.4561
57.1138	281	72.0000	71.3860
57.3171	282	72.0000	71.3158
57.5203	283	71.0000	71.2456
57.7236	284	72.0000	71.1754
57.9268	285	71.0000	71.1053
58.1301	286	72.0000	71.0351
58.3333	287	72.0000	70.9649
58.5366	288	72.0000	70.8947
58.7398	289	72.0000	70.8246
58.9431	290	73.0000	70.7544
59.1463	291	73.0000	70.6842
59.3496	292	71.0000	70.6140
59.5528	293	72.0000	70.5439
59.7561	294	71.0000	70.4737
59.9593	295	72.0000	70.4035
60.1626	296	73.0000	70.3333
60.3659	297	72.0000	70.2632
60.5691	298	73.0000	70.1930
60.7724	299	72.0000	70.1228
60.9756	300	71.0000	70.0526
61.1789	301	73.0000	69.9825
61.3821	302	72.0000	69.9123
61.5854	303	72.0000	69.8421
61.7886	304	71.0000	69.7719
61.9919	305	72.0000	69.7018
62.1951	306	72.0000	69.6316
62.3984	307	73.0000	69.5614
62.6016	308	71.0000	69.4912
62.8049	309	71.0000	69.4211
63.0081	310	71.0000	69.3509
63.2114	311	71.0000	69.2807
63.4146	312	71.0000	69.2105
63.6179	313	71.0000	69.1404
63.8211	314	71.0000	69.0702
64.0244	315	69.0000	69.0000
64.2276	316	70.0000	68.9524
64.4309	317	71.0000	68.9048
64.6341	318	70.0000	68.8571
64.8374	319	70.0000	68.8095
65.0407	320	71.0000	68.7619
65.2439	321	70.0000	68.7143
65.4472	322	69.0000	68.6667
65.6504	323	70.0000	68.6190
65.8537	324	69.0000	68.5714
66.0569	325	68.0000	68.5238
66.2602	326	69.0000	68.4762
66.4634	327	70.0000	68.4286
66.6667	328	70.0000	68.3810
66.8699	329	68.0000	68.3333
67.0732	330	68.0000	68.2857
67.2764	331	70.0000	68.2381
67.4797	332	70.0000	68.1905
67.6829	333	68.0000	68.1429
67.8862	334	70.0000	68.0952
68.0894	335	69.0000	68.0476
68.2927	336	68.0000	68.0000
68.4959	337	69.0000	68.0000
68.6992	338	68.0000	68.0000
68.9024	339	68.0000	68.0000
69.1057	340	68.0000	68.0000
69.3089	341	68.0000	68.0000
69.5122	342	71.0000	68.0000
69.7154	343	69.0000	68.0000
69.9187	344	69.0000	68.0000
70.1220	345	68.0000	68.0000
70.3252	346	69.0000	68.0000
70.5285	347	68.0000	68.0000
70.7317	348	67.0000	68.0000
70.9350	349	68.0000	68.0000
71.1382	350	69.0000	68.0000
71.3415	351	67.0000	68.0000
71.5447	352	68.0000	68.0000
71.7480	353	68.0000	68.0000
71.9512	354	69.0000	68.0000
72.1545	355	69.0000	68.0000
72.3577	356	70.0000	68.0000
72.5610	357	69.0000	68.0000
72.7642	358	68.0000	68.0000
72.9675	359	68.0000	68.0606
73.1707	360	69.0000	68.1212
73.3740	361	70.0000	68.1818
73.5772	362	68.0000	68.2424
73.7805	363	70.0000	68.3030
73.9837	364	69.0000	68.3636
74.1870	365	70.0000	68.4242
74.3902	366	69.0000	68.4848
74.5935	367	68.0000	68.5455
74.7967	368	68.0000	68.6061
75.0000	369	69.0000	68.6667
75.2033	370	69.0000	68.7273
75.4065	371	68.0000	68.7879
75.6098	372	69.0000	68.8485
75.8130	373	69.0000	68.9091
76.0163	374	69.0000	68.9697
76.2195	375	69.0000	69.0303
76.4228	376	69.0000	69.0909
76.6260	377	70.0000	69.1515
76.8293	378	69.0000	69.2121
77.0325	379	69.0000	69.2727
77.2358	380	69.0000	69.3333
77.4390	381	69.0000	69.3939
77.6423	382	68.0000	69.4545
77.8455	383	70.0000	69.5152
78.0488	384	70.0000	69.5758
78.2520	385	67.0000	69.6364
78.4553	386	71.0000	69.6970
78.6585	387	68.0000	69.7576
78.8618	388	69.0000	69.8182
79.0650	389	69.0000	69.8788
79.2683	390	68.0000	69.9394
79.4715	391	70.0000	70.0000
79.6748	392	68.0000	69.9667
79.8780	393	69.0000	69.9333
80.0813	394	68.0000	69.9000
80.2846	395	68.0000	69.8667
80.4878	396	70.0000	69.8333
80.6911	397	70.0000	69.8000
80.8943	398	69.0000	69.7667
81.0976	399	68.0000	69.7333
81.3008	400	69.0000	69.7000
81.5041	401	68.0000	69.6667
81.7073	402	69.0000	69.6333
81.9106	403	69.0000	69.6000
82.1138	404	69.0000	69.5667
82.3171	405	69.0000	69.5333
82.5203	406	69.0000	69.5000
82.7236	407	70.0000	69.4667
82.9268	408	69.0000	69.4333
83.1301	409	70.0000	69.4000
83.3333	410	70.0000	69.3667
83.5366	411	70.0000	69.3333
83.7398	412	70.0000	69.3000
83.9431	413	70.0000	69.2667
84.1463	414	70.0000	69.2333
84.3496	415	69.0000	69.2000
84.5528	416	69.0000	69.1667
84.7561	417	68.0000	69.1333
84.9593	418	70.0000	69.1000
85.1626	419	70.0000	69.0667
85.3659	420	70.0000	69.0333
85.5691	421	69.0000	69.0000
85.7724	422	70.0000	69.0370
85.9756	423	68.0000	69.0741
86.1789	424	69.0000	69.1111
86.3821	425	68.0000	69.1481
86.5854	426	70.0000	69.1852
86.7886	427	69.0000	69.2222
86.9919	428	69.0000	69.2593
87.1951	429	69.0000	69.2963
87.3984	430	70.0000	69.3333
87.6016	431	69.0000	69.3704
87.8049	432	70.0000	69.4074
88.0081	433	70.0000	69.4444
88.2114	434	69.0000	69.4815
88.4146	435	69.0000	69.5185
88.6179	436	68.0000	69.5556
88.8211	437	69.0000	69.5926
89.0244	438	69.0000	69.6296
89.2276	439	70.0000	69.6667
89.4309	440	69.0000	69.7037
89.6341	441	70.0000	69.7407
89.8374	442	70.0000	69.7778
90.0407	443	71.0000	69.8148
90.2439	444	70.0000	69.8519
90.4472	445	70.0000	69.8889
90.6504	446	70.0000	69.9259
90.8537	447	69.0000	69.9630
91.0569	448	70.0000	70.0000
91.2602	449	69.0000	70.0000
91.4634	450	70.0000	70.0000
91.6667	451	70.0000	70.0000
91.8699	452	70.0000	70.0000
92.0732	453	70.0000	70.0000
92.2764	454	69.0000	70.0000
92.4797	455	69.0000	70.0000
92.6829	456	69.0000	70.0000
92.8862	457	70.0000	70.0000
93.0894	458	69.0000	70.0000
93.2927	459	70.0000	70.0000
93.4959	460	69.0000	70.0000
93.6992	461	68.0000	70.0000
93.9024	462	69.0000	70.0000
94.1057	463	70.0000	70.0000
94.3089	464	70.0000	70.0000
94.5122	465	70.0000	70.0000
94.7154	466	70.0000	70.0000
94.9187	467	70.0000	70.0000
95.1220	468	69.0000	70.0000
95.3252	469	69.0000	70.0000
95.5285	470	69.0000	70.0000
95.7317	471	70.0000	70.0000
95.9350	472	70.0000	70.0000
96.1382	473	69.0000	70.0000
96.3415	474	70.0000	70.0000
96.5447	475	69.0000	70.0000
96.7480	476	70.0000	70.0000
96.9512	477	70.0000	70.0000
97.1545	478	70.0000	70.0000
97.3577	479	70.0000	70.0000
97.5610	480	70.0000	70.0000
97.7642	481	70.0000	70.0000
97.9675	482	71.0000	70.0000
98.1707	483	72.0000	70.0000
98.3740	484	70.0000	70.0000
98.5772	485	70.0000	70.0000
98.7805	486	71.0000	70.0000
98.9837	487	70.0000	70.0000
99.1870	488	70.0000	70.0000
99.3902	489	70.0000	70.0000
99.5935	490	70.0000	70.0000
99.7967	491	71.0000	70.0000
100.0000	492	70.0000	70.0000
---------- 6: r2a_a6 ----------
Offset(%)	Offset(pix)	Profile	Background
0.0000	0	75.0000	75.0000
0.2033	1	74.0000	74.8571
0.4065	2	74.0000	74.7143
0.6098	3	73.0000	74.5714
0.8130	4	74.0000	74.4286
1.0163	5	73.0000	74.2857
1.2195	6	75.0000	74.1429
1.4228	7	74.0000	74.0000
1.6260	8	74.0000	74.0061
1.8293	9	73.0000	74.0122
2.0325	10	73.0000	74.0183
2.2358	11	74.0000	74.0244
2.4390	12	73.0000	74.0305
2.6423	13	75.0000	74.0366
2.8455	14	74.0000	74.0427
3.0488	15	74.0000	74.0488
3.2520	16	75.0000	74.0549
3.4553	17	74.0000	74.0610
3.6585	18	75.0000	74.0671
3.8618	19	76.0000	74.0732
4.0650	20	76.0000	74.0793
4.2683	21	74.0000	74.0854
4.4715	22	74.0000	74.0915
4.6748	23	76.0000	74.0976
4.8780	24	79.0000	74.1037
5.0813	25	81.0000	74.1098
5.2846	26	80.0000	74.1159
5.4878	27	76.0000	74.1219
5.6911	28	76.0000	74.1281
5.8943	29	74.0000	74.1341
6.0976	30	73.0000	74.1402
6.3008	31	74.0000	74.1463
6.5041	32	84.0000	74.1524
6.7073	33	110.0000	74.1585
6.9106	34	128.0000	74.1646
7.1138	35	123.0000	74.1707
7.3171	36	109.0000	74.1768
7.5203	37	98.0000	74.1829
7.7236	38	98.0000	74.1890
7.9268	39	108.0000	74.1951
8.1301	40	129.0000	74.2012
8.3333	41	138.0000	74.2073
8.5366	42	143.0000	74.2134
8.7398	43	130.0000	74.2195
8.9431	44	110.0000	74.2256
9.1463	45	97.0000	74.2317
9.3496	46	90.0000	74.2378
9.5528	47	87.0000	74.2439
9.7561	48	86.0000	74.2500
9.9593	49	84.0000	74.2561
10.1626	50	86.0000	74.2622
10.3659	51	86.0000	74.2683
10.5691	52	83.0000	74.2744
10.7724	53	86.0000	74.2805
10.9756	54	84.0000	74.2866
11.1789	55	85.0000	74.2927
11.3821	56	86.0000	74.2988
11.5854	57	84.0000	74.3049
11.7886	58	86.0000	74.3110
11.9919	59	85.0000	74.3171
12.1951	60	85.0000	74.3232
12.3984	61	86.0000	74.3293
12.6016	62	85.0000	74.3354
12.8049	63	84.0000	74.3415
13.0081	64	84.0000	74.3476
13.2114	65	85.0000	74.3537
13.4146	66	84.0000	74.3598
13.6179	67	84.0000	74.3659
13.8211	68	85.0000	74.3719
14.0244	69	85.0000	74.3781
14.2276	70	84.0000	74.3841
14.4309	71	87.0000	74.3902
14.6341	72	85.0000	74.3963
14.8374	73	87.0000	74.4024
15.0407	74	87.0000	74.4085
15.2439	75	89.0000	74.4146
15.4472	76	90.0000	74.4207
15.6504	77	90.0000	74.4268
15.8537	78	93.0000	74.4329
16.0569	79	97.0000	74.4390
16.2602	80	101.0000	74.4451
16.4634	81	104.0000	74.4512
16.6667	82	108.0000	74.4573
16.8699	83	111.0000	74.4634
17.0732	84	117.0000	74.4695
17.2764	85	126.0000	74.4756
17.4797	86	141.0000	74.4817
17.6829	87	161.0000	74.4878
17.8862	88	176.0000	74.4939
18.0894	89	192.0000	74.5000
18.2927	90	203.0000	74.5061
18.4959	91	218.0000	74.5122
18.6992	92	215.0000	74.5183
18.9024	93	211.0000	74.5244
19.1057	94	207.0000	74.5305
19.3089	95	208.0000	74.5366
19.5122	96	204.0000	74.5427
19.7154	97	202.0000	74.5488
19.9187	98	195.0000	74.5549
20.1220	99	190.0000	74.5610
20.3252	100	187.0000	74.5671
20.5285	101	174.0000	74.5732
20.7317	102	172.0000	74.5793
20.9350	103	165.0000	74.5854
21.1382	104	161.0000	74.5915
21.3415	105	154.0000	74.5976
21.5447	106	147.0000	74.6037
21.7480	107	146.0000	74.6098
21.9512	108	138.0000	74.6159
22.1545	109	137.0000	74.6219
22.3577	110	132.0000	74.6281
22.5610	111	130.0000	74.6341
22.7642	112	128.0000	74.6402
22.9675	113	125.0000	74.6463
23.1707	114	121.0000	74.6524
23.3740	115	122.0000	74.6585
23.5772	116	115.0000	74.6646
23.7805	117	113.0000	74.6707
23.9837	118	112.0000	74.6768
24.1870	119	110.0000	74.6829
24.3902	120	107.0000	74.6890
24.5935	121	106.0000	74.6951
24.7967	122	105.0000	74.7012
25.0000	123	104.0000	74.7073
25.2033	124	104.0000	74.7134
25.4065	125	102.0000	74.7195
25.6098	126	98.0000	74.7256
25.8130	127	95.0000	74.7317
26.0163	128	98.0000	74.7378
26.2195	129	95.0000	74.7439
26.4228	130	94.0000	74.7500
26.6260	131	93.0000	74.7561
26.8293	132	93.0000	74.7622
27.0325	133	94.0000	74.7683
27.2358	134	91.0000	74.7744
27.4390	135	91.0000	74.7805
27.6423	136	90.0000	74.7866
27.8455	137	88.0000	74.7927
28.0488	138	88.0000	74.7988
28.2520	139	87.0000	74.8049
28.4553	140	86.0000	74.8110
28.6585	141	86.0000	74.8171
28.8618	142	85.0000	74.8232
29.0650	143	85.0000	74.8293
29.2683	144	84.0000	74.8354
29.4715	145	83.0000	74.8415
29.6748	146	82.0000	74.8476
29.8780	147	81.0000	74.8537
30.0813	148	82.0000	74.8598
30.2846	149	81.0000	74.8659
30.4878	150	81.0000	74.8719
30.6911	151	81.0000	74.8781
30.8943	152	82.0000	74.8841
31.0976	153	80.0000	74.8902
31.3008	154	80.0000	74.8963
31.5041	155	80.0000	74.9024
31.7073	156	78.0000	74.9085
31.9106	157	78.0000	74.9146
32.1138	158	79.0000	74.9207
32.3171	159	78.0000	74.9268
32.5203	160	78.0000	74.9329
32.7236	161	78.0000	74.9390
32.9268	162	77.0000	74.9451
33.1301	163	77.0000	74.9512
33.3333	164	77.0000	74.9573
33.5366	165	78.0000	74.9634
33.7398	166	77.0000	74.9695
33.9431	167	76.0000	74.9756
34.1463	168	76.0000	74.9817
34.3496	169	77.0000	74.9878
34.5528	170	76.0000	74.9939
34.7561	171	75.0000	75.0000
34.9593	172	76.0000	75.0000
35.1626	173	76.0000	75.0000
35.3659	174	76.0000	75.0000
35.5691	175	75.0000	75.0000
35.7724	176	76.0000	75.0000
35.9756	177	74.0000	75.0000
36.1789	178	74.0000	75.0000
36.3821	179	74.0000	75.0000
36.5854	180	74.0000	75.0000
36.7886	181	76.0000	75.0000
36.9919	182	74.0000	75.0000
37.1951	183	74.0000	75.0000
37.3984	184	73.0000	75.0000
37.6016	185	75.0000	75.0000
37.8049	186	75.0000	75.0000
38.0081	187	74.0000	75.0000
38.2114	188	74.0000	75.0000
38.4146	189	76.0000	75.0000
38.6179	190	73.0000	75.0000
38.8211	191	74.0000	75.0000
39.0244	192	72.0000	75.0000
39.2276	193	73.0000	75.0000
39.4309	194	72.0000	75.0000
39.6341	195	75.0000	75.0000
39.8374	196	73.0000	74.8571
40.0407	197	74.0000	74.7143
40.2439	198	74.0000	74.5714
40.4472	199	72.0000	74.4286
40.6504	200	73.0000	74.2857
40.8537	201	74.0000	74.1429
41.0569	202	73.0000	74.0000
41.2602	203	73.0000	73.8571
41.4634	204	73.0000	73.7143
41.6667	205	72.0000	73.5714
41.8699	206	73.0000	73.4286
42.0732	207	72.0000	73.2857
42.2764	208	73.0000	73.1429
42.4797	209	73.0000	73.0000
42.6829	210	72.0000	72.8571
42.8862	211	73.0000	72.7143
43.0894	212	73.0000	72.5714
43.2927	213	71.0000	72.4286
43.4959	214	72.0000	72.2857
43.6992	215	73.0000	72.1429
43.9024	216	71.0000	72.0000
44.1057	217	73.0000	71.8571
44.3089	218	72.0000	71.7143
44.5122	219	72.0000	71.5714
44.7154	220	73.0000	71.4286
44.9187	221	71.0000	71.2857
45.1220	222	72.0000	71.1429
45.3252	223	71.0000	71.0000
45.5285	224	72.0000	71.0000
45.7317	225	73.0000	71.0000
45.9350	226	71.0000	71.0000
46.1382	227	71.0000	71.0000
46.3415	228	71.0000	71.0000
46.5447	229	71.0000	71.0000
46.7480	230	72.0000	71.0000
46.9512	231	71.0000	71.0000
47.1545	232	71.0000	71.0000
47.3577	233	72.0000	71.0000
47.5610	234	71.0000	71.0000
47.7642	235	71.0000	71.0000
47.9675	236	71.0000	71.0000
48.1707	237	71.0000	71.0000
48.3740	238	71.0000	71.0000
48.5772	239	71.0000	71.0000
48.7805	240	71.0000	71.0000
48.9837	241	71.0000	71.0000
49.1870	242	70.0000	71.0000
49.3902	243	70.0000	71.0000
49.5935	244	71.0000	71.0000
49.7967	245	70.0000	71.0000
50.0000	246	71.0000	71.0000
50.2033	247	70.0000	71.0000
50.4065	248	69.0000	71.0000
50.6098	249	72.0000	71.0000
50.8130	250	70.0000	71.0000
51.0163	251	70.0000	71.0000
51.2195	252	71.0000	71.0000
51.4228	253	71.0000	71.0000
51.6260	254	70.0000	70.9091
51.8293	255	71.0000	70.8182
52.0325	256	70.0000	70.7273
52.2358	257	70.0000	70.6364
52.4390	258	69.0000	70.5455
52.6423	259	70.0000	70.4545
52.8455	260	70.0000	70.3636
53.0488	261	70.0000	70.2727
53.2520	262	70.0000	70.1818
53.4553	263	70.0000	70.0909
53.6585	264	70.0000	70.0000
53.8618	265	70.0000	69.9091
54.0650	266	70.0000	69.8182
54.2683	267	69.0000	69.7273
54.4715	268	70.0000	69.6364
54.6748	269	70.0000	69.5455
54.8780	270	70.0000	69.4545
55.0813	271	69.0000	69.3636
55.2846	272	70.0000	69.2727
55.4878	273	70.0000	69.1818
55.6911	274	70.0000	69.0909
55.8943	275	70.0000	69.0000
56.0976	276	69.0000	68.9091
56.3008	277	69.0000	68.8182
56.5041	278	70.0000	68.7273
56.7073	279	69.0000	68.6364
56.9106	280	70.0000	68.5455
57.1138	281	71.0000	68.4545
57.3171	282	69.0000	68.3636
57.5203	283	70.0000	68.2727
57.7236	284	71.0000	68.1818
57.9268	285	69.0000	68.0909
58.1301	286	68.0000	68.0000
58.3333	287	69.0000	68.0000
58.5366	288	70.0000	68.0000
58.7398	289	70.0000	68.0000
58.9431	290	70.0000	68.0000
59.1463	291	69.0000	68.0000
59.3496	292	70.0000	68.0000
59.5528	293	69.0000	68.0000
59.7561	294	70.0000	68.0000
59.9593	295	70.0000	68.0000
60.1626	296	69.0000	68.0000
60.3659	297	71.0000	68.0000
60.5691	298	70.0000	68.0000
60.7724	299	70.0000	68.0000
60.9756	300	70.0000	68.0000
61.1789	301	69.0000	68.0000
61.3821	302	70.0000	68.0000
61.5854	303	70.0000	68.0000
61.7886	304	69.0000	68.0000
61.9919	305	69.0000	68.0000
62.1951	306	68.0000	68.0000
62.3984	307	70.0000	68.0000
62.6016	308	69.0000	68.0000
62.8049	309	69.0000	68.0000
63.0081	310	69.0000	68.0000
63.2114	311	68.0000	68.0000
63.4146	312	70.0000	67.9130
63.6179	313	68.0000	67.8261
63.8211	314	68.0000	67.7391
64.0244	315	68.0000	67.6522
64.2276	316	69.0000	67.5652
64.4309	317	69.0000	67.4783
64.6341	318	70.0000	67.3913
64.8374	319	68.0000	67.3043
65.0407	320	68.0000	67.2174
65.2439	321	68.0000	67.1304
65.4472	322	69.0000	67.0435
65.6504	323	68.0000	66.9565
65.8537	324	69.0000	66.8696
66.0569	325	69.0000	66.7826
66.2602	326	68.0000	66.6957
66.4634	327	69.0000	66.6087
66.6667	328	67.0000	66.5217
66.8699	329	68.0000	66.4348
67.0732	330	69.0000	66.3478
67.2764	331	69.0000	66.2609
67.4797	332	68.0000	66.1739
67.6829	333	69.0000	66.0870
67.8862	334	66.0000	66.0000
68.0894	335	67.0000	66.1200
68.2927	336	69.0000	66.2400
68.4959	337	69.0000	66.3600
68.6992	338	68.0000	66.4800
68.9024	339	69.0000	66.6000
69.1057	340	68.0000	66.7200
69.3089	341	68.0000	66.8400
69.5122	342	69.0000	66.9600
69.7154	343	68.0000	67.0800
69.9187	344	68.0000	67.2000
70.1220	345	69.0000	67.3200
70.3252	346	70.0000	67.4400
70.5285	347	69.0000	67.5600
70.7317	348	69.0000	67.6800
70.9350	349	68.0000	67.8000
71.1382	350	68.0000	67.9200
71.3415	351	68.0000	68.0400
71.5447	352	68.0000	68.1600
71.7480	353	68.0000	68.2800
71.9512	354	69.0000	68.4000
72.1545	355	69.0000	68.5200
72.3577	356	69.0000	68.6400
72.5610	357	69.0000	68.7600
72.7642	358	68.0000	68.8800
72.9675	359	69.0000	69.0000
73.1707	360	69.0000	68.9565
73.3740	361	67.0000	68.9130
73.5772	362	70.0000	68.8696
73.7805	363	69.0000	68.8261
73.9837	364	69.0000	68.7826
74.1870	365	69.0000	68.7391
74.3902	366	69.0000	68.6957
74.5935	367	68.0000	68.6522
74.7967	368	69.0000	68.6087
75.0000	369	69.0000	68.5652
75.2033	370	70.0000	68.5217
75.4065	371	69.0000	68.4783
75.6098	372	69.0000	68.4348
75.8130	373	68.0000	68.3913
76.0163	374	69.0000	68.3478
76.2195	375	69.0000	68.3043
76.4228	376	68.0000	68.2609
76.6260	377	69.0000	68.2174
76.8293	378	69.0000	68.1739
77.0325	379	70.0000	68.1304
77.2358	380	68.0000	68.0870
77.4390	381	68.0000	68.0435
77.6423	382	68.0000	68.0000
77.8455	383	68.0000	68.0233
78.0488	384	70.0000	68.0465
78.2520	385	70.0000	68.0698
78.4553	386	70.0000	68.0930
78.6585	387	69.0000	68.1163
78.8618	388	68.0000	68.1395
79.0650	389	69.0000	68.1628
79.2683	390	71.0000	68.1860
79.4715	391	69.0000	68.2093
79.6748	392	69.0000	68.2326
79.8780	393	69.0000	68.2558
80.0813	394	69.0000	68.2791
80.2846	395	69.0000	68.3023
80.4878	396	70.0000	68.3256
80.6911	397	69.0000	68.3488
80.8943	398	69.0000	68.3721
81.0976	399	69.0000	68.3953
81.3008	400	69.0000	68.4186
81.5041	401	69.0000	68.4419
81.7073	402	69.0000	68.4651
81.9106	403	69.0000	68.4884
82.1138	404	69.0000	68.5116
82.3171	405	70.0000	68.5349
82.5203	406	69.0000	68.5581
82.7236	407	69.0000	68.5814
82.9268	408	69.0000	68.6047
83.1301	409	71.0000	68.6279
83.3333	410	69.0000	68.6512
83.5366	411	70.0000	68.6744
83.7398	412	69.0000	68.6977
83.9431	413	69.0000	68.7209
84.1463	414	69.0000	68.7442
84.3496	415	69.0000	68.7674
84.5528	416	67.0000	68.7907
84.7561	417	69.0000	68.8140
84.9593	418	69.0000	68.8372
85.1626	419	69.0000	68.8605
85.3659	420	69.0000	68.8837
85.5691	421	69.0000	68.9070
85.7724	422	69.0000	68.9302
85.9756	423	69.0000	68.9535
86.1789	424	68.0000	68.9767
86.3821	425	69.0000	69.0000
86.5854	426	70.0000	68.9655
86.7886	427	69.0000	68.9310
86.9919	428	69.0000	68.8966
87.1951	429	68.0000	68.8621
87.3984	430	69.0000	68.8276
87.6016	431	69.0000	68.7931
87.8049	432	70.0000	68.7586
88.0081	433	69.0000	68.7241
88.2114	434	68.0000	68.6897
88.4146	435	70.0000	68.6552
88.6179	436	69.0000	68.6207
88.8211	437	69.0000	68.5862
89.0244	438	70.0000	68.5517
89.2276	439	70.0000	68.5172
89.4309	440	69.0000	68.4828
89.6341	441	69.0000	68.4483
89.8374	442	70.0000	68.4138
90.0407	443	71.0000	68.3793
90.2439	444	69.0000	68.3448
90.4472	445	69.0000	68.3103
90.6504	446	71.0000	68.2759
90.8537	447	70.0000	68.2414
91.0569	448	69.0000	68.2069
91.2602	449	69.0000	68.1724
91.4634	450	69.0000	68.1379
91.6667	451	70.0000	68.1034
91.8699	452	70.0000	68.0690
92.0732	453	70.0000	68.0345
92.2764	454	68.0000	68.0000
92.4797	455	70.0000	68.1053
92.6829	456	71.0000	68.2105
92.8862	457	70.0000	68.3158
93.0894	458	70.0000	68.4211
93.2927	459	70.0000	68.5263
93.4959	460	69.0000	68.6316
93.6992	461	69.0000	68.7368
93.9024	462	70.0000	68.8421
94.1057	463	70.0000	68.9474
94.3089	464	69.0000	69.0526
94.5122	465	70.0000	69.1579
94.7154	466	70.0000	69.2632
94.9187	467	70.0000	69.3684
95.1220	468	71.0000	69.4737
95.3252	469	70.0000	69.5789
95.5285	470	69.0000	69.6842
95.7317	471	70.0000	69.7895
95.9350	472	69.0000	69.8947
96.1382	473	70.0000	70.0000
96.3415	474	70.0000	70.0526
96.5447	475	69.0000	70.1053
96.7480	476	72.0000	70.1579
96.9512	477	71.0000	70.2105
97.1545	478	70.0000	70.2632
97.3577	479	70.0000	70.3158
97.5610	480	70.0000	70.3684
97.7642	481	70.0000	70.4211
97.9675	482	71.0000	70.4737
98.1707	483	70.0000	70.5263
98.3740	484	70.0000	70.5789
98.5772	485	70.0000	70.6316
98.7805	486	71.0000	70.6842
98.9837	487	69.0000	70.7368
99.1870	488	71.0000	70.7895
99.3902	489	70.0000	70.8421
99.5935	490	71.0000	70.8947
99.7967	491	70.0000	70.9474
100.0000	492	71.0000	71.0000
