---------- 1: r1_c1 ----------
Offset(%)	Offset(pix)	Profile	Background
0.3534	1	286.0000	286.0000
0.7067	2	280.0000	282.0000
1.0601	3	255.0000	278.0000
1.4134	4	273.0000	274.0000
1.7668	5	309.0000	270.0000
2.1201	6	294.0000	266.0000
2.4735	7	271.0000	262.0000
2.8269	8	258.0000	258.0000
3.1802	9	256.0000	258.2490
3.5336	10	255.0000	258.4980
3.8869	11	261.0000	258.7470
4.2403	12	256.0000	258.9960
4.5936	13	258.0000	259.2450
4.9470	14	261.0000	259.4940
5.3004	15	261.0000	259.7430
5.6537	16	266.0000	259.9920
6.0071	17	266.0000	260.2410
6.3604	18	267.0000	260.4900
6.7138	19	271.0000	260.7390
7.0671	20	271.0000	260.9879
7.4205	21	276.0000	261.2369
7.7739	22	288.0000	261.4859
8.1272	23	280.0000	261.7350
8.4806	24	290.0000	261.9839
8.8339	25	291.0000	262.2329
9.1873	26	297.0000	262.4819
9.5406	27	301.0000	262.7309
9.8940	28	307.0000	262.9799
10.2473	29	304.0000	263.2289
10.6007	30	315.0000	263.4779
10.9541	31	315.0000	263.7269
11.3074	32	334.0000	263.9759
11.6608	33	359.0000	264.2249
12.0141	34	388.0000	264.4739
12.3675	35	420.0000	264.7229
12.7208	36	462.0000	264.9719
13.0742	37	508.0000	265.2209
13.4276	38	565.0000	265.4699
13.7809	39	639.0000	265.7189
14.1343	40	727.0000	265.9679
14.4876	41	787.0000	266.2169
14.8410	42	867.0000	266.4659
15.1943	43	937.0000	266.7148
15.5477	44	1001.0000	266.9639
15.9011	45	1023.0000	267.2129
16.2544	46	1023.0000	267.4619
16.6078	47	1023.0000	267.7108
16.9611	48	1023.0000	267.9598
17.3145	49	1023.0000	268.2088
17.6678	50	1023.0000	268.4578
18.0212	51	1023.0000	268.7068
18.3746	52	1023.0000	268.9558
18.7279	53	1023.0000	269.2048
19.0813	54	1023.0000	269.4538
19.4346	55	1023.0000	269.7028
19.7880	56	979.0000	269.9518
20.1413	57	951.0000	270.2008
20.4947	58	941.0000	270.4498
20.8481	59	927.0000	270.6988
21.2014	60	893.0000	270.9478
21.5548	61	869.0000	271.1968
21.9081	62	851.0000	271.4458
22.2615	63	854.0000	271.6948
22.6148	64	838.0000	271.9438
22.9682	65	811.0000	272.1928
23.3216	66	801.0000	272.4418
23.6749	67	776.0000	272.6908
24.0283	68	787.0000	272.9398
24.3816	69	760.0000	273.1888
24.7350	70	757.0000	273.4377
25.0883	71	757.0000	273.6867
25.4417	72	731.0000	273.9357
25.7951	73	734.0000	274.1848
26.1484	74	712.0000	274.4337
26.5018	75	711.0000	274.6827
26.8551	76	704.0000	274.9317
27.2085	77	699.0000	275.1807
27.5618	78	682.0000	275.4297
27.9152	79	690.0000	275.6787
28.2686	80	671.0000	275.9277
28.6219	81	677.0000	276.1767
28.9753	82	661.0000	276.4257
29.3286	83	664.0000	276.6747
29.6820	84	656.0000	276.9237
30.0353	85	635.0000	277.1727
30.3887	86	636.0000	277.4217
30.7420	87	629.0000	277.6707
31.0954	88	631.0000	277.9197
31.4488	89	625.0000	278.1687
31.8021	90	615.0000	278.4177
32.1555	91	605.0000	278.6667
32.5088	92	608.0000	278.9156
32.8622	93	599.0000	279.1647
33.2155	94	599.0000	279.4137
33.5689	95	593.0000	279.6627
33.9223	96	591.0000	279.9117
34.2756	97	586.0000	280.1606
34.6290	98	584.0000	280.4096
34.9823	99	571.0000	280.6586
35.3357	100	573.0000	280.9076
35.6890	101	564.0000	281.1566
36.0424	102	569.0000	281.4056
36.3958	103	562.0000	281.6546
36.7491	104	555.0000	281.9036
37.1025	105	557.0000	282.1526
37.4558	106	551.0000	282.4016
37.8092	107	545.0000	282.6506
38.1625	108	567.0000	282.8996
38.5159	109	555.0000	283.1486
38.8693	110	554.0000	283.3976
39.2226	111	546.0000	283.6466
39.5760	112	556.0000	283.8956
39.9293	113	543.0000	284.1446
40.2827	114	547.0000	284.3936
40.6360	115	545.0000	284.6426
40.9894	116	539.0000	284.8916
41.3428	117	542.0000	285.1406
41.6961	118	533.0000	285.3896
42.0495	119	534.0000	285.6385
42.4028	120	527.0000	285.8875
42.7562	121	533.0000	286.1365
43.1095	122	521.0000	286.3855
43.4629	123	523.0000	286.6346
43.8163	124	518.0000	286.8835
44.1696	125	524.0000	287.1325
44.5230	126	520.0000	287.3815
44.8763	127	515.0000	287.6305
45.2297	128	510.0000	287.8795
45.5830	129	508.0000	288.1285
45.9364	130	508.0000	288.3775
46.2898	131	518.0000	288.6265
46.6431	132	520.0000	288.8755
46.9965	133	514.0000	289.1245
47.3498	134	508.0000	289.3735
47.7032	135	511.0000	289.6225
48.0565	136	509.0000	289.8715
48.4099	137	498.0000	290.1205
48.7633	138	499.0000	290.3695
49.1166	139	494.0000	290.6185
49.4700	140	490.0000	290.8675
49.8233	141	488.0000	291.1165
50.1767	142	485.0000	291.3655
50.5300	143	481.0000	291.6144
50.8834	144	477.0000	291.8635
51.2367	145	480.0000	292.1125
51.5901	146	469.0000	292.3615
51.9435	147	472.0000	292.6104
52.2968	148	467.0000	292.8594
52.6502	149	466.0000	293.1084
53.0035	150	473.0000	293.3574
53.3569	151	470.0000	293.6064
53.7102	152	468.0000	293.8554
54.0636	153	467.0000	294.1044
54.4170	154	462.0000	294.3534
54.7703	155	473.0000	294.6024
55.1237	156	477.0000	294.8514
55.4770	157	470.0000	295.1004
55.8304	158	467.0000	295.3494
56.1837	159	469.0000	295.5984
56.5371	160	460.0000	295.8474
56.8905	161	457.0000	296.0964
57.2438	162	462.0000	296.3454
57.5972	163	469.0000	296.5944
57.9505	164	468.0000	296.8434
58.3039	165	474.0000	297.0924
58.6572	166	481.0000	297.3414
59.0106	167	486.0000	297.5904
59.3640	168	482.0000	297.8394
59.7173	169	487.0000	298.0883
60.0707	170	495.0000	298.3373
60.4240	171	491.0000	298.5863
60.7774	172	486.0000	298.8353
61.1307	173	481.0000	299.0844
61.4841	174	458.0000	299.3333
61.8375	175	446.0000	299.5823
62.1908	176	420.0000	299.8313
62.5442	177	407.0000	300.0803
62.8975	178	398.0000	300.3293
63.2509	179	385.0000	300.5783
63.6042	180	372.0000	300.8273
63.9576	181	363.0000	301.0763
64.3110	182	359.0000	301.3253
64.6643	183	351.0000	301.5743
65.0177	184	352.0000	301.8233
65.3710	185	350.0000	302.0723
65.7244	186	348.0000	302.3213
66.0777	187	349.0000	302.5703
66.4311	188	348.0000	302.8193
66.7845	189	340.0000	303.0683
67.1378	190	346.0000	303.3173
67.4912	191	346.0000	303.5663
67.8445	192	345.0000	303.8152
68.1979	193	344.0000	304.0643
68.5512	194	347.0000	304.3133
68.9046	195	338.0000	304.5623
69.2580	196	342.0000	304.8112
69.6113	197	335.0000	305.0602
69.9647	198	336.0000	305.3092
70.3180	199	339.0000	305.5582
70.6714	200	333.0000	305.8072
71.0247	201	328.0000	306.0562
71.3781	202	328.0000	306.3052
71.7314	203	327.0000	306.5542
72.0848	204	328.0000	306.8032
72.4382	205	331.0000	307.0522
72.7915	206	327.0000	307.3012
73.1449	207	325.0000	307.5502
73.4982	208	327.0000	307.7992
73.8516	209	327.0000	308.0482
74.2049	210	322.0000	308.2972
74.5583	211	323.0000	308.5462
74.9117	212	323.0000	308.7952
75.2650	213	324.0000	309.0442
75.6184	214	329.0000	309.2932
75.9717	215	323.0000	309.5422
76.3251	216	320.0000	309.7912
76.6784	217	324.0000	310.0402
77.0318	218	319.0000	310.2892
77.3852	219	321.0000	310.5381
77.7385	220	322.0000	310.7871
78.0919	221	321.0000	311.0361
78.4452	222	321.0000	311.2852
78.7986	223	321.0000	311.5341
79.1519	224	320.0000	311.7831
79.5053	225	319.0000	312.0321
79.8587	226	322.0000	312.2811
80.2120	227	325.0000	312.5301
80.5654	228	323.0000	312.7791
80.9187	229	322.0000	313.0281
81.2721	230	326.0000	313.2771
81.6254	231	331.0000	313.5261
81.9788	232	325.0000	313.7751
82.3322	233	327.0000	314.0241
82.6855	234	327.0000	314.2731
83.0389	235	326.0000	314.5221
83.3922	236	322.0000	314.7711
83.7456	237	328.0000	315.0201
84.0989	238	327.0000	315.2691
84.4523	239	321.0000	315.5181
84.8057	240	320.0000	315.7671
85.1590	241	324.0000	316.0161
85.5124	242	326.0000	316.2651
85.8657	243	321.0000	316.5141
86.2191	244	325.0000	316.7631
86.5724	245	317.0000	317.0121
86.9258	246	323.0000	317.2610
87.2792	247	320.0000	317.5100
87.6325	248	320.0000	317.7590
87.9859	249	320.0000	318.0080
88.3392	250	320.0000	318.2570
88.6926	251	316.0000	318.5060
89.0459	252	314.0000	318.7550
89.3993	253	319.0000	319.0040
89.7527	254	319.0000	319.2530
90.1060	255	320.0000	319.5020
90.4594	256	320.0000	319.7510
90.8127	257	320.0000	320.0000
91.1661	258	317.0000	319.8500
91.5194	259	319.0000	319.7000
91.8728	260	319.0000	319.5500
92.2261	261	320.0000	319.4000
92.5795	262	318.0000	319.2500
92.9329	263	314.0000	319.1000
93.2862	264	320.0000	318.9500
93.6396	265	315.0000	318.8000
93.9929	266	318.0000	318.6500
94.3463	267	320.0000	318.5000
94.6996	268	321.0000	318.3500
95.0530	269	320.0000	318.2000
95.4064	270	323.0000	318.0500
95.7597	271	320.0000	317.9000
96.1131	272	323.0000	317.7500
96.4664	273	320.0000	317.6000
96.8198	274	323.0000	317.4500
97.1731	275	322.0000	317.3000
97.5265	276	321.0000	317.1500
97.8799	277	317.0000	317.0000
98.2332	278	321.0000	317.6000
98.5866	279	324.0000	318.2000
98.9399	280	321.0000	318.8000
99.2933	281	322.0000	319.4000
99.6466	282	320.0000	320.0000
---------- 2: r1_c2 ----------
Offset(%)	Offset(pix)	Profile	Background
0.3534	1	257.0000	257.0000
0.7067	2	251.0000	256.0667
1.0601	3	242.0000	255.1333
1.4134	4	265.0000	254.2000
1.7668	5	267.0000	253.2667
2.1201	6	253.0000	252.3333
2.4735	7	248.0000	251.4000
2.8269	8	247.0000	250.4667
3.1802	9	244.0000	249.5333
3.5336	10	247.0000	248.6000
3.8869	11	246.0000	247.6667
4.2403	12	245.0000	246.7333
4.5936	13	244.0000	245.8000
4.9470	14	239.0000	244.8667
5.3004	15	244.0000	243.9333
5.6537	16	243.0000	243.0000
6.0071	17	244.0000	244.4545
6.3604	18	239.0000	245.9091
6.7138	19	244.0000	247.3636
7.0671	20	248.0000	248.8182
7.4205	21	248.0000	250.2727
7.7739	22	249.0000	251.7273
8.1272	23	248.0000	253.1818
8.4806	24	253.0000	254.6364
8.8339	25	248.0000	256.0909
9.1873	26	247.0000	257.5454
9.5406	27	249.0000	259.0000
9.8940	28	253.0000	260.4546
10.2473	29	254.0000	261.9091
10.6007	30	252.0000	263.3636
10.9541	31	256.0000	264.8182
11.3074	32	260.0000	266.2727
11.6608	33	261.0000	267.7273
12.0141	34	277.0000	269.1818
12.3675	35	299.0000	270.6364
12.7208	36	316.0000	272.0909
13.0742	37	333.0000	273.5454
13.4276	38	332.0000	275.0000
13.7809	39	346.0000	276.4545
14.1343	40	355.0000	277.9091
14.4876	41	377.0000	279.3636
14.8410	42	387.0000	280.8182
15.1943	43	413.0000	282.2727
15.5477	44	424.0000	283.7273
15.9011	45	444.0000	285.1818
16.2544	46	452.0000	286.6364
16.6078	47	452.0000	288.0909
16.9611	48	466.0000	289.5455
17.3145	49	467.0000	291.0000
17.6678	50	486.0000	292.4545
18.0212	51	469.0000	293.9091
18.3746	52	467.0000	295.3636
18.7279	53	470.0000	296.8182
19.0813	54	458.0000	298.2727
19.4346	55	476.0000	299.7273
19.7880	56	463.0000	301.1818
20.1413	57	459.0000	302.6364
20.4947	58	457.0000	304.0909
20.8481	59	449.0000	305.5455
21.2014	60	448.0000	307.0000
21.5548	61	445.0000	308.4545
21.9081	62	443.0000	309.9091
22.2615	63	434.0000	311.3636
22.6148	64	442.0000	312.8182
22.9682	65	440.0000	314.2727
23.3216	66	432.0000	315.7273
23.6749	67	425.0000	317.1818
24.0283	68	424.0000	318.6364
24.3816	69	415.0000	320.0909
24.7350	70	417.0000	321.5455
25.0883	71	416.0000	323.0000
25.4417	72	399.0000	324.4545
25.7951	73	405.0000	325.9091
26.1484	74	406.0000	327.3636
26.5018	75	401.0000	328.8182
26.8551	76	401.0000	330.2727
27.2085	77	396.0000	331.7273
27.5618	78	398.0000	333.1818
27.9152	79	388.0000	334.6364
28.2686	80	393.0000	336.0909
28.6219	81	397.0000	337.5455
28.9753	82	386.0000	339.0000
29.3286	83	382.0000	340.4545
29.6820	84	380.0000	341.9091
30.0353	85	378.0000	343.3636
30.3887	86	373.0000	344.8182
30.7420	87	375.0000	346.2727
31.0954	88	378.0000	347.7273
31.4488	89	388.0000	349.1818
31.8021	90	376.0000	350.6364
32.1555	91	375.0000	352.0909
32.5088	92	377.0000	353.5455
32.8622	93	371.0000	355.0000
33.2155	94	376.0000	356.4545
33.5689	95	374.0000	357.9091
33.9223	96	375.0000	359.3636
34.2756	97	367.0000	360.8182
34.6290	98	370.0000	362.2727
34.9823	99	366.0000	363.7273
35.3357	100	366.0000	365.1818
35.6890	101	363.0000	366.6364
36.0424	102	364.0000	368.0909
36.3958	103	371.0000	369.5455
36.7491	104	371.0000	371.0000
37.1025	105	368.0000	370.6304
37.4558	106	370.0000	370.2609
37.8092	107	368.0000	369.8913
38.1625	108	365.0000	369.5217
38.5159	109	369.0000	369.1522
38.8693	110	366.0000	368.7826
39.2226	111	367.0000	368.4131
39.5760	112	366.0000	368.0435
39.9293	113	368.0000	367.6739
40.2827	114	371.0000	367.3044
40.6360	115	362.0000	366.9348
40.9894	116	359.0000	366.5652
41.3428	117	365.0000	366.1956
41.6961	118	367.0000	365.8261
42.0495	119	360.0000	365.4565
42.4028	120	362.0000	365.0869
42.7562	121	367.0000	364.7174
43.1095	122	364.0000	364.3478
43.4629	123	363.0000	363.9783
43.8163	124	359.0000	363.6087
44.1696	125	361.0000	363.2391
44.5230	126	360.0000	362.8696
44.8763	127	358.0000	362.5000
45.2297	128	363.0000	362.1304
45.5830	129	364.0000	361.7609
45.9364	130	363.0000	361.3913
46.2898	131	360.0000	361.0217
46.6431	132	369.0000	360.6522
46.9965	133	366.0000	360.2826
47.3498	134	362.0000	359.9131
47.7032	135	357.0000	359.5435
48.0565	136	358.0000	359.1739
48.4099	137	354.0000	358.8044
48.7633	138	361.0000	358.4348
49.1166	139	357.0000	358.0652
49.4700	140	359.0000	357.6956
49.8233	141	356.0000	357.3261
50.1767	142	362.0000	356.9565
50.5300	143	358.0000	356.5869
50.8834	144	355.0000	356.2174
51.2367	145	360.0000	355.8478
51.5901	146	356.0000	355.4783
51.9435	147	356.0000	355.1087
52.2968	148	363.0000	354.7391
52.6502	149	351.0000	354.3696
53.0035	150	354.0000	354.0000
53.3569	151	353.0000	353.3548
53.7102	152	353.0000	352.7097
54.0636	153	362.0000	352.0645
54.4170	154	358.0000	351.4193
54.7703	155	359.0000	350.7742
55.1237	156	355.0000	350.1290
55.4770	157	353.0000	349.4839
55.8304	158	354.0000	348.8387
56.1837	159	353.0000	348.1935
56.5371	160	355.0000	347.5484
56.8905	161	356.0000	346.9032
57.2438	162	348.0000	346.2581
57.5972	163	355.0000	345.6129
57.9505	164	354.0000	344.9677
58.3039	165	360.0000	344.3226
58.6572	166	359.0000	343.6774
59.0106	167	357.0000	343.0323
59.3640	168	359.0000	342.3871
59.7173	169	357.0000	341.7419
60.0707	170	358.0000	341.0968
60.4240	171	363.0000	340.4516
60.7774	172	359.0000	339.8065
61.1307	173	363.0000	339.1613
61.4841	174	363.0000	338.5161
61.8375	175	357.0000	337.8710
62.1908	176	357.0000	337.2258
62.5442	177	350.0000	336.5807
62.8975	178	343.0000	335.9355
63.2509	179	341.0000	335.2903
63.6042	180	338.0000	334.6452
63.9576	181	332.0000	334.0000
64.3110	182	330.0000	333.3548
64.6643	183	327.0000	332.7097
65.0177	184	324.0000	332.0645
65.3710	185	322.0000	331.4193
65.7244	186	324.0000	330.7742
66.0777	187	316.0000	330.1290
66.4311	188	318.0000	329.4839
66.7845	189	320.0000	328.8387
67.1378	190	321.0000	328.1935
67.4912	191	317.0000	327.5484
67.8445	192	318.0000	326.9032
68.1979	193	317.0000	326.2581
68.5512	194	322.0000	325.6129
68.9046	195	317.0000	324.9677
69.2580	196	318.0000	324.3226
69.6113	197	318.0000	323.6774
69.9647	198	316.0000	323.0323
70.3180	199	313.0000	322.3871
70.6714	200	320.0000	321.7419
71.0247	201	317.0000	321.0968
71.3781	202	316.0000	320.4516
71.7314	203	317.0000	319.8065
72.0848	204	316.0000	319.1613
72.4382	205	319.0000	318.5161
72.7915	206	316.0000	317.8710
73.1449	207	316.0000	317.2258
73.4982	208	318.0000	316.5807
73.8516	209	320.0000	315.9355
74.2049	210	312.0000	315.2903
74.5583	211	317.0000	314.6452
74.9117	212	314.0000	314.0000
75.2650	213	312.0000	314.0000
75.6184	214	317.0000	314.0000
75.9717	215	315.0000	314.0000
76.3251	216	317.0000	314.0000
76.6784	217	320.0000	314.0000
77.0318	218	321.0000	314.0000
77.3852	219	317.0000	314.0000
77.7385	220	319.0000	314.0000
78.0919	221	317.0000	314.0000
78.4452	222	318.0000	314.0000
78.7986	223	316.0000	314.0000
79.1519	224	317.0000	314.0000
79.5053	225	317.0000	314.0000
79.8587	226	322.0000	314.0000
80.2120	227	314.0000	314.0000
80.5654	228	321.0000	314.0000
80.9187	229	318.0000	314.0000
81.2721	230	316.0000	314.0000
81.6254	231	319.0000	314.0000
81.9788	232	321.0000	314.0000
82.3322	233	323.0000	314.0000
82.6855	234	319.0000	314.0000
83.0389	235	319.0000	314.0000
83.3922	236	320.0000	314.0000
83.7456	237	317.0000	314.0000
84.0989	238	324.0000	314.0000
84.4523	239	319.0000	314.0000
84.8057	240	319.0000	314.0000
85.1590	241	314.0000	314.0000
85.5124	242	318.0000	314.0000
85.8657	243	322.0000	314.0000
86.2191	244	324.0000	314.0000
86.5724	245	321.0000	314.0000
86.9258	246	321.0000	314.0000
87.2792	247	321.0000	314.0000
87.6325	248	320.0000	314.0000
87.9859	249	321.0000	314.0000
88.3392	250	313.0000	314.0000
88.6926	251	314.0000	314.0000
89.0459	252	314.0000	314.0000
89.3993	253	315.0000	314.0000
89.7527	254	319.0000	314.0000
90.1060	255	320.0000	314.0000
90.4594	256	318.0000	314.0000
90.8127	257	317.0000	314.0000
91.1661	258	317.0000	314.0000
91.5194	259	318.0000	314.0000
91.8728	260	319.0000	314.0000
92.2261	261	318.0000	314.0000
92.5795	262	316.0000	314.0000
92.9329	263	315.0000	314.0000
93.2862	264	314.0000	314.0000
93.6396	265	316.0000	314.1667
93.9929	266	313.0000	314.3333
94.3463	267	316.0000	314.5000
94.6996	268	317.0000	314.6667
95.0530	269	320.0000	314.8333
95.4064	270	317.0000	315.0000
95.7597	271	312.0000	315.1667
96.1131	272	319.0000	315.3333
96.4664	273	317.0000	315.5000
96.8198	274	312.0000	315.6667
97.1731	275	314.0000	315.8333
97.5265	276	316.0000	316.0000
97.8799	277	315.0000	315.6667
98.2332	278	318.0000	315.3333
98.5866	279	317.0000	315.0000
98.9399	280	314.0000	314.6667
99.2933	281	315.0000	314.3333
99.6466	282	314.0000	314.0000
---------- 3: r1_c3 ----------
Offset(%)	Offset(pix)	Profile	Background
0.3534	1	247.0000	247.0000
0.7067	2	231.0000	231.0000
1.0601	3	248.0000	231.3333
1.4134	4	261.0000	231.6667
1.7668	5	270.0000	232.0000
2.1201	6	256.0000	232.3333
2.4735	7	260.0000	232.6667
2.8269	8	264.0000	233.0000
3.1802	9	263.0000	233.3333
3.5336	10	261.0000	233.6667
3.8869	11	260.0000	234.0000
4.2403	12	262.0000	234.3333
4.5936	13	263.0000	234.6667
4.9470	14	266.0000	235.0000
5.3004	15	266.0000	235.3333
5.6537	16	275.0000	235.6667
6.0071	17	277.0000	236.0000
6.3604	18	284.0000	236.3333
6.7138	19	290.0000	236.6667
7.0671	20	297.0000	237.0000
7.4205	21	303.0000	237.3333
7.7739	22	310.0000	237.6667
8.1272	23	314.0000	238.0000
8.4806	24	323.0000	238.3333
8.8339	25	333.0000	238.6667
9.1873	26	336.0000	239.0000
9.5406	27	348.0000	239.3333
9.8940	28	357.0000	239.6667
10.2473	29	356.0000	240.0000
10.6007	30	367.0000	240.3333
10.9541	31	372.0000	240.6667
11.3074	32	392.0000	241.0000
11.6608	33	439.0000	241.3333
12.0141	34	489.0000	241.6667
12.3675	35	547.0000	242.0000
12.7208	36	610.0000	242.3333
13.0742	37	640.0000	242.6667
13.4276	38	688.0000	243.0000
13.7809	39	752.0000	243.3333
14.1343	40	811.0000	243.6667
14.4876	41	844.0000	244.0000
14.8410	42	883.0000	244.3333
15.1943	43	934.0000	244.6667
15.5477	44	992.0000	245.0000
15.9011	45	1005.0000	245.3333
16.2544	46	1023.0000	245.6667
16.6078	47	1023.0000	246.0000
16.9611	48	1023.0000	246.3333
17.3145	49	1023.0000	246.6667
17.6678	50	1023.0000	247.0000
18.0212	51	1023.0000	247.3333
18.3746	52	1023.0000	247.6667
18.7279	53	1023.0000	248.0000
19.0813	54	1023.0000	248.3333
19.4346	55	1023.0000	248.6667
19.7880	56	1023.0000	249.0000
20.1413	57	1023.0000	249.3333
20.4947	58	1011.0000	249.6667
20.8481	59	961.0000	250.0000
21.2014	60	965.0000	250.3333
21.5548	61	931.0000	250.6667
21.9081	62	914.0000	251.0000
22.2615	63	942.0000	251.3333
22.6148	64	936.0000	251.6667
22.9682	65	890.0000	252.0000
23.3216	66	862.0000	252.3333
23.6749	67	855.0000	252.6667
24.0283	68	848.0000	253.0000
24.3816	69	830.0000	253.3333
24.7350	70	830.0000	253.6667
25.0883	71	826.0000	254.0000
25.4417	72	830.0000	254.3333
25.7951	73	804.0000	254.6667
26.1484	74	805.0000	255.0000
26.5018	75	812.0000	255.3333
26.8551	76	823.0000	255.6667
27.2085	77	814.0000	256.0000
27.5618	78	797.0000	256.3333
27.9152	79	789.0000	256.6667
28.2686	80	774.0000	257.0000
28.6219	81	763.0000	257.3333
28.9753	82	766.0000	257.6667
29.3286	83	753.0000	258.0000
29.6820	84	767.0000	258.3333
30.0353	85	735.0000	258.6667
30.3887	86	760.0000	259.0000
30.7420	87	735.0000	259.3333
31.0954	88	729.0000	259.6667
31.4488	89	760.0000	260.0000
31.8021	90	735.0000	260.3333
32.1555	91	722.0000	260.6667
32.5088	92	737.0000	261.0000
32.8622	93	695.0000	261.3333
33.2155	94	702.0000	261.6667
33.5689	95	705.0000	262.0000
33.9223	96	697.0000	262.3333
34.2756	97	721.0000	262.6667
34.6290	98	693.0000	263.0000
34.9823	99	698.0000	263.3333
35.3357	100	718.0000	263.6667
35.6890	101	704.0000	264.0000
36.0424	102	699.0000	264.3333
36.3958	103	684.0000	264.6667
36.7491	104	696.0000	265.0000
37.1025	105	692.0000	265.3333
37.4558	106	672.0000	265.6667
37.8092	107	678.0000	266.0000
38.1625	108	673.0000	266.3333
38.5159	109	675.0000	266.6667
38.8693	110	660.0000	267.0000
39.2226	111	666.0000	267.3333
39.5760	112	683.0000	267.6667
39.9293	113	676.0000	268.0000
40.2827	114	663.0000	268.3333
40.6360	115	663.0000	268.6667
40.9894	116	659.0000	269.0000
41.3428	117	665.0000	269.3333
41.6961	118	680.0000	269.6667
42.0495	119	676.0000	270.0000
42.4028	120	658.0000	270.3333
42.7562	121	662.0000	270.6667
43.1095	122	652.0000	271.0000
43.4629	123	643.0000	271.3333
43.8163	124	643.0000	271.6667
44.1696	125	651.0000	272.0000
44.5230	126	642.0000	272.3333
44.8763	127	657.0000	272.6667
45.2297	128	641.0000	273.0000
45.5830	129	625.0000	273.3333
45.9364	130	647.0000	273.6667
46.2898	131	636.0000	274.0000
46.6431	132	634.0000	274.3333
46.9965	133	628.0000	274.6667
47.3498	134	623.0000	275.0000
47.7032	135	603.0000	275.3333
48.0565	136	608.0000	275.6667
48.4099	137	614.0000	276.0000
48.7633	138	596.0000	276.3333
49.1166	139	588.0000	276.6667
49.4700	140	593.0000	277.0000
49.8233	141	577.0000	277.3333
50.1767	142	590.0000	277.6667
50.5300	143	590.0000	278.0000
50.8834	144	583.0000	278.3333
51.2367	145	589.0000	278.6667
51.5901	146	591.0000	279.0000
51.9435	147	581.0000	279.3333
52.2968	148	583.0000	279.6667
52.6502	149	575.0000	280.0000
53.0035	150	578.0000	280.3333
53.3569	151	569.0000	280.6667
53.7102	152	576.0000	281.0000
54.0636	153	573.0000	281.3333
54.4170	154	581.0000	281.6667
54.7703	155	565.0000	282.0000
55.1237	156	565.0000	282.3333
55.4770	157	570.0000	282.6667
55.8304	158	558.0000	283.0000
56.1837	159	556.0000	283.3333
56.5371	160	557.0000	283.6667
56.8905	161	559.0000	284.0000
57.2438	162	561.0000	284.3333
57.5972	163	560.0000	284.6667
57.9505	164	572.0000	285.0000
58.3039	165	567.0000	285.3333
58.6572	166	569.0000	285.6667
59.0106	167	573.0000	286.0000
59.3640	168	567.0000	286.3333
59.7173	169	581.0000	286.6667
60.0707	170	586.0000	287.0000
60.4240	171	596.0000	287.3333
60.7774	172	602.0000	287.6667
61.1307	173	612.0000	288.0000
61.4841	174	598.0000	288.3333
61.8375	175	605.0000	288.6667
62.1908	176	588.0000	289.0000
62.5442	177	572.0000	289.3333
62.8975	178	544.0000	289.6667
63.2509	179	526.0000	290.0000
63.6042	180	495.0000	290.3333
63.9576	181	485.0000	290.6667
64.3110	182	469.0000	291.0000
64.6643	183	456.0000	291.3333
65.0177	184	445.0000	291.6667
65.3710	185	431.0000	292.0000
65.7244	186	430.0000	292.3333
66.0777	187	423.0000	292.6667
66.4311	188	422.0000	293.0000
66.7845	189	417.0000	293.3333
67.1378	190	414.0000	293.6667
67.4912	191	414.0000	294.0000
67.8445	192	416.0000	294.3333
68.1979	193	414.0000	294.6667
68.5512	194	407.0000	295.0000
68.9046	195	401.0000	295.3333
69.2580	196	398.0000	295.6667
69.6113	197	390.0000	296.0000
69.9647	198	384.0000	296.3333
70.3180	199	384.0000	296.6667
70.6714	200	383.0000	297.0000
71.0247	201	382.0000	297.3333
71.3781	202	380.0000	297.6667
71.7314	203	377.0000	298.0000
72.0848	204	373.0000	298.3333
72.4382	205	375.0000	298.6667
72.7915	206	376.0000	299.0000
73.1449	207	369.0000	299.3333
73.4982	208	366.0000	299.6667
73.8516	209	367.0000	300.0000
74.2049	210	363.0000	300.3333
74.5583	211	360.0000	300.6667
74.9117	212	360.0000	301.0000
75.2650	213	354.0000	301.3333
75.6184	214	356.0000	301.6667
75.9717	215	355.0000	302.0000
76.3251	216	353.0000	302.3333
76.6784	217	347.0000	302.6667
77.0318	218	347.0000	303.0000
77.3852	219	346.0000	303.3333
77.7385	220	347.0000	303.6667
78.0919	221	343.0000	304.0000
78.4452	222	340.0000	304.3333
78.7986	223	341.0000	304.6667
79.1519	224	340.0000	305.0000
79.5053	225	344.0000	305.3333
79.8587	226	342.0000	305.6667
80.2120	227	335.0000	306.0000
80.5654	228	337.0000	306.3333
80.9187	229	340.0000	306.6667
81.2721	230	334.0000	307.0000
81.6254	231	336.0000	307.3333
81.9788	232	337.0000	307.6667
82.3322	233	335.0000	308.0000
82.6855	234	337.0000	308.3333
83.0389	235	333.0000	308.6667
83.3922	236	333.0000	309.0000
83.7456	237	332.0000	309.3333
84.0989	238	332.0000	309.6667
84.4523	239	332.0000	310.0000
84.8057	240	331.0000	310.3333
85.1590	241	332.0000	310.6667
85.5124	242	330.0000	311.0000
85.8657	243	329.0000	311.3333
86.2191	244	325.0000	311.6667
86.5724	245	330.0000	312.0000
86.9258	246	323.0000	312.3333
87.2792	247	325.0000	312.6667
87.6325	248	321.0000	313.0000
87.9859	249	327.0000	313.3333
88.3392	250	327.0000	313.6667
88.6926	251	325.0000	314.0000
89.0459	252	321.0000	314.3333
89.3993	253	320.0000	314.6667
89.7527	254	320.0000	315.0000
90.1060	255	321.0000	315.3333
90.4594	256	317.0000	315.6667
90.8127	257	319.0000	316.0000
91.1661	258	321.0000	316.3333
91.5194	259	318.0000	316.6667
91.8728	260	316.0000	317.0000
92.2261	261	321.0000	317.3333
92.5795	262	321.0000	317.6667
92.9329	263	318.0000	318.0000
93.2862	264	320.0000	318.3333
93.6396	265	322.0000	318.6667
93.9929	266	323.0000	319.0000
94.3463	267	322.0000	319.3333
94.6996	268	321.0000	319.6667
95.0530	269	321.0000	320.0000
95.4064	270	319.0000	320.3333
95.7597	271	317.0000	320.6667
96.1131	272	321.0000	321.0000
96.4664	273	322.0000	321.7000
96.8198	274	318.0000	322.4000
97.1731	275	320.0000	323.1000
97.5265	276	323.0000	323.8000
97.8799	277	322.0000	324.5000
98.2332	278	327.0000	325.2000
98.5866	279	324.0000	325.9000
98.9399	280	323.0000	326.6000
99.2933	281	320.0000	327.3000
99.6466	282	328.0000	328.0000
---------- 4: r1_c4 ----------
Offset(%)	Offset(pix)	Profile	Background
0.3534	1	259.0000	259.0000
0.7067	2	233.0000	233.0000
1.0601	3	244.0000	235.3704
1.4134	4	261.0000	237.7407
1.7668	5	260.0000	240.1111
2.1201	6	254.0000	242.4815
2.4735	7	254.0000	244.8519
2.8269	8	257.0000	247.2222
3.1802	9	255.0000	249.5926
3.5336	10	256.0000	251.9630
3.8869	11	253.0000	254.3333
4.2403	12	254.0000	256.7037
4.5936	13	257.0000	259.0741
4.9470	14	256.0000	261.4445
5.3004	15	259.0000	263.8148
5.6537	16	267.0000	266.1852
6.0071	17	271.0000	268.5555
6.3604	18	275.0000	270.9259
6.7138	19	276.0000	273.2963
7.0671	20	283.0000	275.6667
7.4205	21	277.0000	278.0370
7.7739	22	282.0000	280.4074
8.1272	23	287.0000	282.7778
8.4806	24	288.0000	285.1481
8.8339	25	296.0000	287.5185
9.1873	26	301.0000	289.8889
9.5406	27	307.0000	292.2592
9.8940	28	313.0000	294.6296
10.2473	29	316.0000	297.0000
10.6007	30	323.0000	299.3704
10.9541	31	329.0000	301.7407
11.3074	32	341.0000	304.1111
11.6608	33	350.0000	306.4815
12.0141	34	367.0000	308.8519
12.3675	35	377.0000	311.2222
12.7208	36	402.0000	313.5926
13.0742	37	416.0000	315.9630
13.4276	38	441.0000	318.3333
13.7809	39	458.0000	320.7037
14.1343	40	489.0000	323.0741
14.4876	41	504.0000	325.4445
14.8410	42	536.0000	327.8148
15.1943	43	569.0000	330.1852
15.5477	44	578.0000	332.5555
15.9011	45	592.0000	334.9259
16.2544	46	591.0000	337.2963
16.6078	47	610.0000	339.6667
16.9611	48	638.0000	342.0370
17.3145	49	628.0000	344.4074
17.6678	50	637.0000	346.7778
18.0212	51	624.0000	349.1481
18.3746	52	625.0000	351.5185
18.7279	53	618.0000	353.8889
19.0813	54	623.0000	356.2593
19.4346	55	631.0000	358.6296
19.7880	56	605.0000	361.0000
20.1413	57	616.0000	363.3704
20.4947	58	606.0000	365.7407
20.8481	59	592.0000	368.1111
21.2014	60	598.0000	370.4815
21.5548	61	589.0000	372.8519
21.9081	62	600.0000	375.2222
22.2615	63	580.0000	377.5926
22.6148	64	585.0000	379.9630
22.9682	65	596.0000	382.3333
23.3216	66	579.0000	384.7037
23.6749	67	568.0000	387.0741
24.0283	68	572.0000	389.4445
24.3816	69	567.0000	391.8148
24.7350	70	563.0000	394.1852
25.0883	71	549.0000	396.5555
25.4417	72	543.0000	398.9259
25.7951	73	556.0000	401.2963
26.1484	74	551.0000	403.6667
26.5018	75	544.0000	406.0370
26.8551	76	538.0000	408.4074
27.2085	77	538.0000	410.7778
27.5618	78	531.0000	413.1481
27.9152	79	540.0000	415.5185
28.2686	80	530.0000	417.8889
28.6219	81	527.0000	420.2593
28.9753	82	525.0000	422.6296
29.3286	83	515.0000	425.0000
29.6820	84	520.0000	427.3704
30.0353	85	510.0000	429.7407
30.3887	86	510.0000	432.1111
30.7420	87	510.0000	434.4815
31.0954	88	519.0000	436.8519
31.4488	89	513.0000	439.2222
31.8021	90	513.0000	441.5926
32.1555	91	507.0000	443.9630
32.5088	92	502.0000	446.3333
32.8622	93	508.0000	448.7037
33.2155	94	507.0000	451.0741
33.5689	95	498.0000	453.4445
33.9223	96	502.0000	455.8148
34.2756	97	504.0000	458.1852
34.6290	98	508.0000	460.5555
34.9823	99	508.0000	462.9259
35.3357	100	502.0000	465.2963
35.6890	101	505.0000	467.6667
36.0424	102	496.0000	470.0370
36.3958	103	498.0000	472.4074
36.7491	104	493.0000	474.7778
37.1025	105	499.0000	477.1481
37.4558	106	503.0000	479.5185
37.8092	107	502.0000	481.8889
38.1625	108	499.0000	484.2593
38.5159	109	504.0000	486.6296
38.8693	110	489.0000	489.0000
39.2226	111	494.0000	487.9622
39.5760	112	493.0000	486.9245
39.9293	113	492.0000	485.8868
40.2827	114	493.0000	484.8491
40.6360	115	496.0000	483.8113
40.9894	116	490.0000	482.7736
41.3428	117	495.0000	481.7358
41.6961	118	492.0000	480.6981
42.0495	119	496.0000	479.6604
42.4028	120	486.0000	478.6227
42.7562	121	498.0000	477.5849
43.1095	122	489.0000	476.5472
43.4629	123	485.0000	475.5094
43.8163	124	490.0000	474.4717
44.1696	125	485.0000	473.4340
44.5230	126	490.0000	472.3962
44.8763	127	490.0000	471.3585
45.2297	128	491.0000	470.3207
45.5830	129	489.0000	469.2830
45.9364	130	487.0000	468.2453
46.2898	131	487.0000	467.2076
46.6431	132	491.0000	466.1698
46.9965	133	487.0000	465.1321
47.3498	134	485.0000	464.0943
47.7032	135	484.0000	463.0566
48.0565	136	487.0000	462.0189
48.4099	137	484.0000	460.9811
48.7633	138	480.0000	459.9434
49.1166	139	478.0000	458.9057
49.4700	140	478.0000	457.8679
49.8233	141	478.0000	456.8302
50.1767	142	477.0000	455.7924
50.5300	143	485.0000	454.7547
50.8834	144	482.0000	453.7170
51.2367	145	482.0000	452.6793
51.5901	146	479.0000	451.6415
51.9435	147	482.0000	450.6038
52.2968	148	478.0000	449.5660
52.6502	149	477.0000	448.5283
53.0035	150	485.0000	447.4906
53.3569	151	478.0000	446.4528
53.7102	152	483.0000	445.4151
54.0636	153	480.0000	444.3773
54.4170	154	477.0000	443.3396
54.7703	155	492.0000	442.3019
55.1237	156	487.0000	441.2642
55.4770	157	486.0000	440.2264
55.8304	158	481.0000	439.1887
56.1837	159	483.0000	438.1509
56.5371	160	487.0000	437.1132
56.8905	161	485.0000	436.0755
57.2438	162	492.0000	435.0377
57.5972	163	490.0000	434.0000
57.9505	164	489.0000	432.9623
58.3039	165	493.0000	431.9245
58.6572	166	496.0000	430.8868
59.0106	167	492.0000	429.8491
59.3640	168	504.0000	428.8113
59.7173	169	500.0000	427.7736
60.0707	170	511.0000	426.7358
60.4240	171	512.0000	425.6981
60.7774	172	525.0000	424.6604
61.1307	173	530.0000	423.6227
61.4841	174	537.0000	422.5849
61.8375	175	540.0000	421.5472
62.1908	176	546.0000	420.5094
62.5442	177	543.0000	419.4717
62.8975	178	535.0000	418.4340
63.2509	179	528.0000	417.3962
63.6042	180	520.0000	416.3585
63.9576	181	506.0000	415.3207
64.3110	182	502.0000	414.2830
64.6643	183	501.0000	413.2453
65.0177	184	495.0000	412.2076
65.3710	185	493.0000	411.1698
65.7244	186	490.0000	410.1321
66.0777	187	486.0000	409.0943
66.4311	188	481.0000	408.0566
66.7845	189	481.0000	407.0189
67.1378	190	483.0000	405.9811
67.4912	191	487.0000	404.9434
67.8445	192	484.0000	403.9057
68.1979	193	490.0000	402.8679
68.5512	194	489.0000	401.8302
68.9046	195	480.0000	400.7924
69.2580	196	484.0000	399.7547
69.6113	197	481.0000	398.7170
69.9647	198	481.0000	397.6793
70.3180	199	481.0000	396.6415
70.6714	200	480.0000	395.6038
71.0247	201	477.0000	394.5660
71.3781	202	476.0000	393.5283
71.7314	203	474.0000	392.4906
72.0848	204	474.0000	391.4528
72.4382	205	467.0000	390.4151
72.7915	206	472.0000	389.3773
73.1449	207	459.0000	388.3396
73.4982	208	455.0000	387.3019
73.8516	209	453.0000	386.2642
74.2049	210	448.0000	385.2264
74.5583	211	445.0000	384.1887
74.9117	212	436.0000	383.1509
75.2650	213	438.0000	382.1132
75.6184	214	432.0000	381.0755
75.9717	215	427.0000	380.0377
76.3251	216	422.0000	379.0000
76.6784	217	427.0000	377.9623
77.0318	218	410.0000	376.9245
77.3852	219	408.0000	375.8868
77.7385	220	410.0000	374.8491
78.0919	221	401.0000	373.8113
78.4452	222	399.0000	372.7736
78.7986	223	392.0000	371.7358
79.1519	224	387.0000	370.6981
79.5053	225	383.0000	369.6604
79.8587	226	393.0000	368.6227
80.2120	227	385.0000	367.5849
80.5654	228	383.0000	366.5472
80.9187	229	382.0000	365.5094
81.2721	230	377.0000	364.4717
81.6254	231	377.0000	363.4340
81.9788	232	377.0000	362.3962
82.3322	233	370.0000	361.3585
82.6855	234	373.0000	360.3207
83.0389	235	362.0000	359.2830
83.3922	236	365.0000	358.2453
83.7456	237	357.0000	357.2076
84.0989	238	357.0000	356.1698
84.4523	239	352.0000	355.1321
84.8057	240	354.0000	354.0944
85.1590	241	351.0000	353.0566
85.5124	242	349.0000	352.0189
85.8657	243	345.0000	350.9811
86.2191	244	343.0000	349.9434
86.5724	245	343.0000	348.9056
86.9258	246	341.0000	347.8679
87.2792	247	340.0000	346.8302
87.6325	248	342.0000	345.7924
87.9859	249	342.0000	344.7547
88.3392	250	339.0000	343.7170
88.6926	251	339.0000	342.6793
89.0459	252	339.0000	341.6415
89.3993	253	331.0000	340.6038
89.7527	254	337.0000	339.5660
90.1060	255	329.0000	338.5283
90.4594	256	334.0000	337.4906
90.8127	257	333.0000	336.4528
91.1661	258	331.0000	335.4151
91.5194	259	330.0000	334.3774
91.8728	260	328.0000	333.3396
92.2261	261	328.0000	332.3019
92.5795	262	326.0000	331.2642
92.9329	263	327.0000	330.2264
93.2862	264	325.0000	329.1887
93.6396	265	326.0000	328.1509
93.9929	266	325.0000	327.1132
94.3463	267	326.0000	326.0755
94.6996	268	325.0000	325.0377
95.0530	269	324.0000	324.0000
95.4064	270	325.0000	324.3077
95.7597	271	326.0000	324.6154
96.1131	272	327.0000	324.9231
96.4664	273	325.0000	325.2308
96.8198	274	327.0000	325.5385
97.1731	275	325.0000	325.8462
97.5265	276	326.0000	326.1538
97.8799	277	327.0000	326.4615
98.2332	278	330.0000	326.7692
98.5866	279	335.0000	327.0769
98.9399	280	331.0000	327.3846
99.2933	281	331.0000	327.6923
99.6466	282	328.0000	328.0000
---------- 5: r1_c5 ----------
Offset(%)	Offset(pix)	Profile	Background
0.3534	1	259.0000	259.0000
0.7067	2	238.0000	246.5000
1.0601	3	234.0000	234.0000
1.4134	4	247.0000	235.5809
1.7668	5	249.0000	237.1618
2.1201	6	250.0000	238.7426
2.4735	7	247.0000	240.3235
2.8269	8	252.0000	241.9044
3.1802	9	248.0000	243.4853
3.5336	10	250.0000	245.0662
3.8869	11	246.0000	246.6471
4.2403	12	251.0000	248.2279
4.5936	13	251.0000	249.8088
4.9470	14	253.0000	251.3897
5.3004	15	256.0000	252.9706
5.6537	16	256.0000	254.5515
6.0071	17	256.0000	256.1324
6.3604	18	260.0000	257.7132
6.7138	19	264.0000	259.2941
7.0671	20	264.0000	260.8750
7.4205	21	267.0000	262.4559
7.7739	22	263.0000	264.0368
8.1272	23	267.0000	265.6176
8.4806	24	266.0000	267.1985
8.8339	25	269.0000	268.7794
9.1873	26	272.0000	270.3603
9.5406	27	273.0000	271.9412
9.8940	28	277.0000	273.5221
10.2473	29	281.0000	275.1029
10.6007	30	283.0000	276.6838
10.9541	31	300.0000	278.2647
11.3074	32	311.0000	279.8456
11.6608	33	321.0000	281.4265
12.0141	34	335.0000	283.0074
12.3675	35	341.0000	284.5882
12.7208	36	367.0000	286.1691
13.0742	37	366.0000	287.7500
13.4276	38	396.0000	289.3309
13.7809	39	418.0000	290.9118
14.1343	40	426.0000	292.4926
14.4876	41	457.0000	294.0735
14.8410	42	481.0000	295.6544
15.1943	43	500.0000	297.2353
15.5477	44	516.0000	298.8162
15.9011	45	533.0000	300.3971
16.2544	46	531.0000	301.9779
16.6078	47	556.0000	303.5588
16.9611	48	545.0000	305.1397
17.3145	49	548.0000	306.7206
17.6678	50	541.0000	308.3015
18.0212	51	536.0000	309.8824
18.3746	52	532.0000	311.4632
18.7279	53	536.0000	313.0441
19.0813	54	534.0000	314.6250
19.4346	55	544.0000	316.2059
19.7880	56	536.0000	317.7868
20.1413	57	531.0000	319.3676
20.4947	58	526.0000	320.9485
20.8481	59	521.0000	322.5294
21.2014	60	519.0000	324.1103
21.5548	61	526.0000	325.6912
21.9081	62	515.0000	327.2721
22.2615	63	520.0000	328.8529
22.6148	64	522.0000	330.4338
22.9682	65	512.0000	332.0147
23.3216	66	512.0000	333.5956
23.6749	67	512.0000	335.1765
24.0283	68	501.0000	336.7574
24.3816	69	518.0000	338.3382
24.7350	70	490.0000	339.9191
25.0883	71	489.0000	341.5000
25.4417	72	488.0000	343.0809
25.7951	73	486.0000	344.6618
26.1484	74	487.0000	346.2426
26.5018	75	472.0000	347.8235
26.8551	76	484.0000	349.4044
27.2085	77	476.0000	350.9853
27.5618	78	473.0000	352.5662
27.9152	79	456.0000	354.1471
28.2686	80	464.0000	355.7279
28.6219	81	457.0000	357.3088
28.9753	82	458.0000	358.8897
29.3286	83	450.0000	360.4706
29.6820	84	455.0000	362.0515
30.0353	85	460.0000	363.6324
30.3887	86	455.0000	365.2133
30.7420	87	459.0000	366.7941
31.0954	88	453.0000	368.3750
31.4488	89	451.0000	369.9559
31.8021	90	453.0000	371.5367
32.1555	91	455.0000	373.1176
32.5088	92	451.0000	374.6985
32.8622	93	451.0000	376.2794
33.2155	94	450.0000	377.8603
33.5689	95	457.0000	379.4412
33.9223	96	457.0000	381.0221
34.2756	97	453.0000	382.6029
34.6290	98	446.0000	384.1838
34.9823	99	454.0000	385.7647
35.3357	100	439.0000	387.3456
35.6890	101	458.0000	388.9265
36.0424	102	455.0000	390.5074
36.3958	103	463.0000	392.0883
36.7491	104	459.0000	393.6691
37.1025	105	453.0000	395.2500
37.4558	106	449.0000	396.8309
37.8092	107	450.0000	398.4117
38.1625	108	462.0000	399.9926
38.5159	109	461.0000	401.5735
38.8693	110	458.0000	403.1544
39.2226	111	462.0000	404.7353
39.5760	112	451.0000	406.3162
39.9293	113	452.0000	407.8971
40.2827	114	464.0000	409.4779
40.6360	115	461.0000	411.0588
40.9894	116	453.0000	412.6397
41.3428	117	450.0000	414.2206
41.6961	118	456.0000	415.8015
42.0495	119	467.0000	417.3824
42.4028	120	457.0000	418.9633
42.7562	121	448.0000	420.5441
43.1095	122	458.0000	422.1250
43.4629	123	454.0000	423.7059
43.8163	124	455.0000	425.2867
44.1696	125	460.0000	426.8676
44.5230	126	460.0000	428.4485
44.8763	127	456.0000	430.0294
45.2297	128	460.0000	431.6103
45.5830	129	454.0000	433.1912
45.9364	130	452.0000	434.7721
46.2898	131	458.0000	436.3529
46.6431	132	460.0000	437.9338
46.9965	133	455.0000	439.5147
47.3498	134	453.0000	441.0956
47.7032	135	457.0000	442.6765
48.0565	136	454.0000	444.2574
48.4099	137	450.0000	445.8383
48.7633	138	457.0000	447.4191
49.1166	139	449.0000	449.0000
49.4700	140	453.0000	447.9766
49.8233	141	455.0000	446.9531
50.1767	142	453.0000	445.9297
50.5300	143	452.0000	444.9063
50.8834	144	454.0000	443.8828
51.2367	145	447.0000	442.8594
51.5901	146	448.0000	441.8359
51.9435	147	449.0000	440.8125
52.2968	148	450.0000	439.7891
52.6502	149	451.0000	438.7656
53.0035	150	453.0000	437.7422
53.3569	151	450.0000	436.7188
53.7102	152	454.0000	435.6953
54.0636	153	454.0000	434.6719
54.4170	154	452.0000	433.6484
54.7703	155	457.0000	432.6250
55.1237	156	455.0000	431.6016
55.4770	157	462.0000	430.5781
55.8304	158	463.0000	429.5547
56.1837	159	459.0000	428.5313
56.5371	160	460.0000	427.5078
56.8905	161	456.0000	426.4844
57.2438	162	463.0000	425.4609
57.5972	163	460.0000	424.4375
57.9505	164	458.0000	423.4141
58.3039	165	461.0000	422.3906
58.6572	166	462.0000	421.3672
59.0106	167	464.0000	420.3438
59.3640	168	467.0000	419.3203
59.7173	169	473.0000	418.2969
60.0707	170	475.0000	417.2734
60.4240	171	472.0000	416.2500
60.7774	172	478.0000	415.2266
61.1307	173	484.0000	414.2031
61.4841	174	493.0000	413.1797
61.8375	175	495.0000	412.1563
62.1908	176	497.0000	411.1328
62.5442	177	502.0000	410.1094
62.8975	178	498.0000	409.0859
63.2509	179	507.0000	408.0625
63.6042	180	487.0000	407.0391
63.9576	181	488.0000	406.0156
64.3110	182	475.0000	404.9922
64.6643	183	463.0000	403.9688
65.0177	184	444.0000	402.9453
65.3710	185	423.0000	401.9219
65.7244	186	427.0000	400.8984
66.0777	187	397.0000	399.8750
66.4311	188	404.0000	398.8516
66.7845	189	401.0000	397.8281
67.1378	190	404.0000	396.8047
67.4912	191	390.0000	395.7813
67.8445	192	398.0000	394.7578
68.1979	193	381.0000	393.7344
68.5512	194	385.0000	392.7109
68.9046	195	384.0000	391.6875
69.2580	196	374.0000	390.6641
69.6113	197	380.0000	389.6406
69.9647	198	377.0000	388.6172
70.3180	199	374.0000	387.5938
70.6714	200	380.0000	386.5703
71.0247	201	371.0000	385.5469
71.3781	202	369.0000	384.5234
71.7314	203	372.0000	383.5000
72.0848	204	363.0000	382.4766
72.4382	205	365.0000	381.4531
72.7915	206	364.0000	380.4297
73.1449	207	360.0000	379.4063
73.4982	208	367.0000	378.3828
73.8516	209	365.0000	377.3594
74.2049	210	352.0000	376.3359
74.5583	211	355.0000	375.3125
74.9117	212	348.0000	374.2891
75.2650	213	358.0000	373.2656
75.6184	214	356.0000	372.2422
75.9717	215	350.0000	371.2188
76.3251	216	351.0000	370.1953
76.6784	217	348.0000	369.1719
77.0318	218	349.0000	368.1484
77.3852	219	347.0000	367.1250
77.7385	220	345.0000	366.1016
78.0919	221	344.0000	365.0781
78.4452	222	343.0000	364.0547
78.7986	223	344.0000	363.0313
79.1519	224	345.0000	362.0078
79.5053	225	342.0000	360.9844
79.8587	226	338.0000	359.9609
80.2120	227	342.0000	358.9375
80.5654	228	345.0000	357.9141
80.9187	229	343.0000	356.8906
81.2721	230	345.0000	355.8672
81.6254	231	344.0000	354.8438
81.9788	232	347.0000	353.8203
82.3322	233	343.0000	352.7969
82.6855	234	338.0000	351.7734
83.0389	235	344.0000	350.7500
83.3922	236	337.0000	349.7266
83.7456	237	337.0000	348.7031
84.0989	238	338.0000	347.6797
84.4523	239	336.0000	346.6563
84.8057	240	335.0000	345.6328
85.1590	241	333.0000	344.6094
85.5124	242	329.0000	343.5859
85.8657	243	334.0000	342.5625
86.2191	244	333.0000	341.5391
86.5724	245	331.0000	340.5156
86.9258	246	327.0000	339.4922
87.2792	247	327.0000	338.4688
87.6325	248	330.0000	337.4453
87.9859	249	326.0000	336.4219
88.3392	250	332.0000	335.3984
88.6926	251	329.0000	334.3750
89.0459	252	328.0000	333.3516
89.3993	253	328.0000	332.3281
89.7527	254	323.0000	331.3047
90.1060	255	323.0000	330.2813
90.4594	256	323.0000	329.2578
90.8127	257	326.0000	328.2344
91.1661	258	325.0000	327.2109
91.5194	259	322.0000	326.1875
91.8728	260	319.0000	325.1641
92.2261	261	324.0000	324.1406
92.5795	262	319.0000	323.1172
92.9329	263	324.0000	322.0938
93.2862	264	317.0000	321.0703
93.6396	265	321.0000	320.0469
93.9929	266	319.0000	319.0234
94.3463	267	318.0000	318.0000
94.6996	268	322.0000	318.8667
95.0530	269	324.0000	319.7333
95.4064	270	321.0000	320.6000
95.7597	271	322.0000	321.4667
96.1131	272	322.0000	322.3333
96.4664	273	327.0000	323.2000
96.8198	274	324.0000	324.0667
97.1731	275	328.0000	324.9333
97.5265	276	328.0000	325.8000
97.8799	277	323.0000	326.6667
98.2332	278	327.0000	327.5333
98.5866	279	326.0000	328.4000
98.9399	280	327.0000	329.2667
99.2933	281	327.0000	330.1333
99.6466	282	331.0000	331.0000
---------- 6: r1_c6 ----------
Offset(%)	Offset(pix)	Profile	Background
0.3534	1	246.0000	246.0000
0.7067	2	249.0000	245.5000
1.0601	3	258.0000	245.0000
1.4134	4	260.0000	244.5000
1.7668	5	255.0000	244.0000
2.1201	6	250.0000	243.5000
2.4735	7	243.0000	243.0000
2.8269	8	245.0000	243.5882
3.1802	9	249.0000	244.1765
3.5336	10	251.0000	244.7647
3.8869	11	249.0000	245.3529
4.2403	12	245.0000	245.9412
4.5936	13	252.0000	246.5294
4.9470	14	254.0000	247.1176
5.3004	15	252.0000	247.7059
5.6537	16	261.0000	248.2941
6.0071	17	263.0000	248.8824
6.3604	18	265.0000	249.4706
6.7138	19	267.0000	250.0588
7.0671	20	264.0000	250.6471
7.4205	21	265.0000	251.2353
7.7739	22	276.0000	251.8235
8.1272	23	278.0000	252.4118
8.4806	24	285.0000	253.0000
8.8339	25	282.0000	253.5882
9.1873	26	287.0000	254.1765
9.5406	27	295.0000	254.7647
9.8940	28	301.0000	255.3529
10.2473	29	313.0000	255.9412
10.6007	30	321.0000	256.5294
10.9541	31	330.0000	257.1176
11.3074	32	339.0000	257.7059
11.6608	33	354.0000	258.2941
12.0141	34	349.0000	258.8824
12.3675	35	355.0000	259.4706
12.7208	36	372.0000	260.0588
13.0742	37	382.0000	260.6471
13.4276	38	383.0000	261.2353
13.7809	39	402.0000	261.8235
14.1343	40	412.0000	262.4118
14.4876	41	427.0000	263.0000
14.8410	42	434.0000	263.5882
15.1943	43	457.0000	264.1765
15.5477	44	459.0000	264.7647
15.9011	45	461.0000	265.3529
16.2544	46	493.0000	265.9412
16.6078	47	515.0000	266.5294
16.9611	48	495.0000	267.1176
17.3145	49	498.0000	267.7059
17.6678	50	492.0000	268.2941
18.0212	51	502.0000	268.8824
18.3746	52	502.0000	269.4706
18.7279	53	508.0000	270.0588
19.0813	54	509.0000	270.6471
19.4346	55	520.0000	271.2353
19.7880	56	522.0000	271.8235
20.1413	57	508.0000	272.4118
20.4947	58	503.0000	273.0000
20.8481	59	513.0000	273.5882
21.2014	60	500.0000	274.1765
21.5548	61	507.0000	274.7647
21.9081	62	518.0000	275.3529
22.2615	63	515.0000	275.9412
22.6148	64	515.0000	276.5294
22.9682	65	499.0000	277.1176
23.3216	66	511.0000	277.7059
23.6749	67	489.0000	278.2941
24.0283	68	507.0000	278.8824
24.3816	69	505.0000	279.4706
24.7350	70	507.0000	280.0588
25.0883	71	498.0000	280.6471
25.4417	72	489.0000	281.2353
25.7951	73	495.0000	281.8235
26.1484	74	503.0000	282.4118
26.5018	75	490.0000	283.0000
26.8551	76	490.0000	283.5882
27.2085	77	491.0000	284.1765
27.5618	78	494.0000	284.7647
27.9152	79	483.0000	285.3529
28.2686	80	482.0000	285.9412
28.6219	81	491.0000	286.5294
28.9753	82	492.0000	287.1176
29.3286	83	479.0000	287.7059
29.6820	84	485.0000	288.2941
30.0353	85	482.0000	288.8824
30.3887	86	485.0000	289.4706
30.7420	87	484.0000	290.0588
31.0954	88	481.0000	290.6471
31.4488	89	476.0000	291.2353
31.8021	90	491.0000	291.8235
32.1555	91	492.0000	292.4118
32.5088	92	480.0000	293.0000
32.8622	93	495.0000	293.5882
33.2155	94	489.0000	294.1765
33.5689	95	503.0000	294.7647
33.9223	96	490.0000	295.3529
34.2756	97	503.0000	295.9412
34.6290	98	496.0000	296.5294
34.9823	99	501.0000	297.1176
35.3357	100	508.0000	297.7059
35.6890	101	507.0000	298.2941
36.0424	102	504.0000	298.8824
36.3958	103	501.0000	299.4706
36.7491	104	508.0000	300.0588
37.1025	105	501.0000	300.6471
37.4558	106	512.0000	301.2353
37.8092	107	508.0000	301.8235
38.1625	108	512.0000	302.4118
38.5159	109	505.0000	303.0000
38.8693	110	508.0000	303.5882
39.2226	111	510.0000	304.1765
39.5760	112	524.0000	304.7647
39.9293	113	525.0000	305.3529
40.2827	114	509.0000	305.9412
40.6360	115	510.0000	306.5294
40.9894	116	518.0000	307.1176
41.3428	117	519.0000	307.7059
41.6961	118	500.0000	308.2941
42.0495	119	514.0000	308.8824
42.4028	120	520.0000	309.4706
42.7562	121	518.0000	310.0588
43.1095	122	520.0000	310.6471
43.4629	123	508.0000	311.2353
43.8163	124	524.0000	311.8235
44.1696	125	522.0000	312.4118
44.5230	126	517.0000	313.0000
44.8763	127	513.0000	313.5882
45.2297	128	522.0000	314.1765
45.5830	129	525.0000	314.7647
45.9364	130	516.0000	315.3529
46.2898	131	529.0000	315.9412
46.6431	132	527.0000	316.5294
46.9965	133	526.0000	317.1176
47.3498	134	531.0000	317.7059
47.7032	135	541.0000	318.2941
48.0565	136	532.0000	318.8824
48.4099	137	519.0000	319.4706
48.7633	138	520.0000	320.0588
49.1166	139	521.0000	320.6471
49.4700	140	528.0000	321.2353
49.8233	141	523.0000	321.8235
50.1767	142	529.0000	322.4118
50.5300	143	523.0000	323.0000
50.8834	144	527.0000	323.5882
51.2367	145	523.0000	324.1765
51.5901	146	512.0000	324.7647
51.9435	147	519.0000	325.3529
52.2968	148	522.0000	325.9412
52.6502	149	534.0000	326.5294
53.0035	150	538.0000	327.1176
53.3569	151	524.0000	327.7059
53.7102	152	523.0000	328.2941
54.0636	153	528.0000	328.8824
54.4170	154	529.0000	329.4706
54.7703	155	534.0000	330.0588
55.1237	156	538.0000	330.6471
55.4770	157	538.0000	331.2353
55.8304	158	531.0000	331.8235
56.1837	159	535.0000	332.4118
56.5371	160	536.0000	333.0000
56.8905	161	530.0000	333.5882
57.2438	162	534.0000	334.1765
57.5972	163	537.0000	334.7647
57.9505	164	546.0000	335.3529
58.3039	165	545.0000	335.9412
58.6572	166	547.0000	336.5294
59.0106	167	545.0000	337.1176
59.3640	168	540.0000	337.7059
59.7173	169	534.0000	338.2941
60.0707	170	546.0000	338.8824
60.4240	171	548.0000	339.4706
60.7774	172	549.0000	340.0588
61.1307	173	574.0000	340.6471
61.4841	174	564.0000	341.2353
61.8375	175	562.0000	341.8235
62.1908	176	581.0000	342.4118
62.5442	177	597.0000	343.0000
62.8975	178	600.0000	343.5882
63.2509	179	598.0000	344.1765
63.6042	180	614.0000	344.7647
63.9576	181	617.0000	345.3529
64.3110	182	600.0000	345.9412
64.6643	183	611.0000	346.5294
65.0177	184	617.0000	347.1176
65.3710	185	606.0000	347.7059
65.7244	186	599.0000	348.2941
66.0777	187	589.0000	348.8824
66.4311	188	588.0000	349.4706
66.7845	189	571.0000	350.0588
67.1378	190	564.0000	350.6471
67.4912	191	559.0000	351.2353
67.8445	192	558.0000	351.8235
68.1979	193	560.0000	352.4118
68.5512	194	542.0000	353.0000
68.9046	195	546.0000	353.5882
69.2580	196	532.0000	354.1765
69.6113	197	524.0000	354.7647
69.9647	198	530.0000	355.3529
70.3180	199	520.0000	355.9412
70.6714	200	525.0000	356.5294
71.0247	201	516.0000	357.1176
71.3781	202	509.0000	357.7059
71.7314	203	503.0000	358.2941
72.0848	204	501.0000	358.8824
72.4382	205	498.0000	359.4706
72.7915	206	486.0000	360.0588
73.1449	207	485.0000	360.6471
73.4982	208	478.0000	361.2353
73.8516	209	469.0000	361.8235
74.2049	210	469.0000	362.4118
74.5583	211	460.0000	363.0000
74.9117	212	454.0000	363.5882
75.2650	213	446.0000	364.1765
75.6184	214	438.0000	364.7647
75.9717	215	430.0000	365.3529
76.3251	216	438.0000	365.9412
76.6784	217	425.0000	366.5294
77.0318	218	415.0000	367.1176
77.3852	219	413.0000	367.7059
77.7385	220	408.0000	368.2941
78.0919	221	399.0000	368.8824
78.4452	222	401.0000	369.4706
78.7986	223	390.0000	370.0588
79.1519	224	394.0000	370.6471
79.5053	225	390.0000	371.2353
79.8587	226	387.0000	371.8235
80.2120	227	383.0000	372.4117
80.5654	228	373.0000	373.0000
80.9187	229	377.0000	371.8750
81.2721	230	366.0000	370.7500
81.6254	231	374.0000	369.6250
81.9788	232	376.0000	368.5000
82.3322	233	364.0000	367.3750
82.6855	234	365.0000	366.2500
83.0389	235	364.0000	365.1250
83.3922	236	365.0000	364.0000
83.7456	237	357.0000	362.8750
84.0989	238	355.0000	361.7500
84.4523	239	353.0000	360.6250
84.8057	240	350.0000	359.5000
85.1590	241	353.0000	358.3750
85.5124	242	341.0000	357.2500
85.8657	243	343.0000	356.1250
86.2191	244	338.0000	355.0000
86.5724	245	345.0000	353.8750
86.9258	246	343.0000	352.7500
87.2792	247	342.0000	351.6250
87.6325	248	340.0000	350.5000
87.9859	249	335.0000	349.3750
88.3392	250	337.0000	348.2500
88.6926	251	341.0000	347.1250
89.0459	252	337.0000	346.0000
89.3993	253	333.0000	344.8750
89.7527	254	335.0000	343.7500
90.1060	255	338.0000	342.6250
90.4594	256	329.0000	341.5000
90.8127	257	333.0000	340.3750
91.1661	258	330.0000	339.2500
91.5194	259	328.0000	338.1250
91.8728	260	332.0000	337.0000
92.2261	261	327.0000	335.8750
92.5795	262	334.0000	334.7500
92.9329	263	332.0000	333.6250
93.2862	264	328.0000	332.5000
93.6396	265	329.0000	331.3750
93.9929	266	327.0000	330.2500
94.3463	267	327.0000	329.1250
94.6996	268	328.0000	328.0000
95.0530	269	328.0000	327.0000
95.4064	270	326.0000	326.0000
95.7597	271	325.0000	325.0000
96.1131	272	328.0000	326.3636
96.4664	273	330.0000	327.7273
96.8198	274	329.0000	329.0909
97.1731	275	332.0000	330.4546
97.5265	276	329.0000	331.8182
97.8799	277	326.0000	333.1818
98.2332	278	328.0000	334.5454
98.5866	279	332.0000	335.9091
98.9399	280	328.0000	337.2727
99.2933	281	333.0000	338.6364
99.6466	282	340.0000	340.0000
---------- 7: r1_c7 ----------
Offset(%)	Offset(pix)	Profile	Background
0.3534	1	238.0000	238.0000
0.7067	2	251.0000	238.3345
1.0601	3	255.0000	238.6691
1.4134	4	252.0000	239.0036
1.7668	5	254.0000	239.3382
2.1201	6	250.0000	239.6727
2.4735	7	252.0000	240.0073
2.8269	8	250.0000	240.3418
3.1802	9	252.0000	240.6764
3.5336	10	248.0000	241.0109
3.8869	11	247.0000	241.3455
4.2403	12	241.0000	241.6800
4.5936	13	252.0000	242.0145
4.9470	14	250.0000	242.3491
5.3004	15	248.0000	242.6836
5.6537	16	249.0000	243.0182
6.0071	17	256.0000	243.3527
6.3604	18	257.0000	243.6873
6.7138	19	246.0000	244.0218
7.0671	20	249.0000	244.3564
7.4205	21	247.0000	244.6909
7.7739	22	250.0000	245.0255
8.1272	23	247.0000	245.3600
8.4806	24	247.0000	245.6945
8.8339	25	250.0000	246.0291
9.1873	26	254.0000	246.3636
9.5406	27	253.0000	246.6982
9.8940	28	262.0000	247.0327
10.2473	29	262.0000	247.3673
10.6007	30	264.0000	247.7018
10.9541	31	265.0000	248.0364
11.3074	32	264.0000	248.3709
11.6608	33	265.0000	248.7055
12.0141	34	268.0000	249.0400
12.3675	35	278.0000	249.3745
12.7208	36	279.0000	249.7091
13.0742	37	280.0000	250.0436
13.4276	38	286.0000	250.3782
13.7809	39	287.0000	250.7127
14.1343	40	306.0000	251.0473
14.4876	41	296.0000	251.3818
14.8410	42	298.0000	251.7164
15.1943	43	308.0000	252.0509
15.5477	44	298.0000	252.3855
15.9011	45	305.0000	252.7200
16.2544	46	309.0000	253.0546
16.6078	47	312.0000	253.3891
16.9611	48	318.0000	253.7236
17.3145	49	329.0000	254.0582
17.6678	50	305.0000	254.3927
18.0212	51	312.0000	254.7273
18.3746	52	303.0000	255.0618
18.7279	53	311.0000	255.3964
19.0813	54	320.0000	255.7309
19.4346	55	303.0000	256.0655
19.7880	56	312.0000	256.4000
20.1413	57	314.0000	256.7346
20.4947	58	310.0000	257.0691
20.8481	59	315.0000	257.4036
21.2014	60	320.0000	257.7382
21.5548	61	313.0000	258.0727
21.9081	62	312.0000	258.4073
22.2615	63	314.0000	258.7418
22.6148	64	313.0000	259.0764
22.9682	65	311.0000	259.4109
23.3216	66	311.0000	259.7455
23.6749	67	309.0000	260.0800
24.0283	68	309.0000	260.4146
24.3816	69	303.0000	260.7491
24.7350	70	302.0000	261.0836
25.0883	71	321.0000	261.4182
25.4417	72	314.0000	261.7527
25.7951	73	304.0000	262.0873
26.1484	74	301.0000	262.4218
26.5018	75	298.0000	262.7563
26.8551	76	316.0000	263.0909
27.2085	77	303.0000	263.4254
27.5618	78	310.0000	263.7600
27.9152	79	325.0000	264.0945
28.2686	80	321.0000	264.4291
28.6219	81	318.0000	264.7636
28.9753	82	323.0000	265.0982
29.3286	83	315.0000	265.4327
29.6820	84	321.0000	265.7673
30.0353	85	324.0000	266.1018
30.3887	86	327.0000	266.4364
30.7420	87	321.0000	266.7709
31.0954	88	311.0000	267.1055
31.4488	89	323.0000	267.4400
31.8021	90	321.0000	267.7745
32.1555	91	319.0000	268.1091
32.5088	92	332.0000	268.4436
32.8622	93	318.0000	268.7782
33.2155	94	335.0000	269.1127
33.5689	95	326.0000	269.4473
33.9223	96	329.0000	269.7818
34.2756	97	326.0000	270.1164
34.6290	98	342.0000	270.4509
34.9823	99	347.0000	270.7855
35.3357	100	332.0000	271.1200
35.6890	101	342.0000	271.4545
36.0424	102	345.0000	271.7891
36.3958	103	345.0000	272.1236
36.7491	104	338.0000	272.4582
37.1025	105	340.0000	272.7927
37.4558	106	344.0000	273.1273
37.8092	107	338.0000	273.4618
38.1625	108	338.0000	273.7964
38.5159	109	345.0000	274.1309
38.8693	110	353.0000	274.4655
39.2226	111	348.0000	274.8000
39.5760	112	353.0000	275.1346
39.9293	113	356.0000	275.4691
40.2827	114	349.0000	275.8036
40.6360	115	353.0000	276.1382
40.9894	116	354.0000	276.4727
41.3428	117	343.0000	276.8073
41.6961	118	359.0000	277.1418
42.0495	119	351.0000	277.4764
42.4028	120	357.0000	277.8109
42.7562	121	363.0000	278.1454
43.1095	122	359.0000	278.4800
43.4629	123	369.0000	278.8145
43.8163	124	362.0000	279.1491
44.1696	125	357.0000	279.4836
44.5230	126	369.0000	279.8182
44.8763	127	361.0000	280.1527
45.2297	128	359.0000	280.4873
45.5830	129	362.0000	280.8218
45.9364	130	361.0000	281.1564
46.2898	131	359.0000	281.4909
46.6431	132	359.0000	281.8254
46.9965	133	366.0000	282.1600
47.3498	134	371.0000	282.4945
47.7032	135	371.0000	282.8291
48.0565	136	373.0000	283.1636
48.4099	137	368.0000	283.4982
48.7633	138	371.0000	283.8327
49.1166	139	374.0000	284.1673
49.4700	140	369.0000	284.5018
49.8233	141	377.0000	284.8364
50.1767	142	380.0000	285.1709
50.5300	143	368.0000	285.5055
50.8834	144	376.0000	285.8400
51.2367	145	377.0000	286.1746
51.5901	146	371.0000	286.5091
51.9435	147	371.0000	286.8436
52.2968	148	364.0000	287.1782
52.6502	149	376.0000	287.5127
53.0035	150	376.0000	287.8473
53.3569	151	371.0000	288.1818
53.7102	152	367.0000	288.5164
54.0636	153	375.0000	288.8509
54.4170	154	377.0000	289.1855
54.7703	155	373.0000	289.5200
55.1237	156	370.0000	289.8546
55.4770	157	378.0000	290.1891
55.8304	158	379.0000	290.5236
56.1837	159	372.0000	290.8582
56.5371	160	366.0000	291.1927
56.8905	161	373.0000	291.5273
57.2438	162	381.0000	291.8618
57.5972	163	374.0000	292.1964
57.9505	164	383.0000	292.5309
58.3039	165	379.0000	292.8654
58.6572	166	373.0000	293.2000
59.0106	167	379.0000	293.5345
59.3640	168	386.0000	293.8691
59.7173	169	375.0000	294.2036
60.0707	170	389.0000	294.5382
60.4240	171	376.0000	294.8727
60.7774	172	381.0000	295.2073
61.1307	173	392.0000	295.5418
61.4841	174	386.0000	295.8764
61.8375	175	393.0000	296.2109
62.1908	176	393.0000	296.5455
62.5442	177	391.0000	296.8800
62.8975	178	394.0000	297.2145
63.2509	179	393.0000	297.5491
63.6042	180	406.0000	297.8836
63.9576	181	407.0000	298.2182
64.3110	182	407.0000	298.5527
64.6643	183	415.0000	298.8873
65.0177	184	420.0000	299.2218
65.3710	185	428.0000	299.5564
65.7244	186	436.0000	299.8909
66.0777	187	432.0000	300.2255
66.4311	188	438.0000	300.5600
66.7845	189	438.0000	300.8945
67.1378	190	434.0000	301.2291
67.4912	191	432.0000	301.5636
67.8445	192	443.0000	301.8982
68.1979	193	445.0000	302.2327
68.5512	194	437.0000	302.5673
68.9046	195	445.0000	302.9018
69.2580	196	451.0000	303.2364
69.6113	197	447.0000	303.5709
69.9647	198	443.0000	303.9055
70.3180	199	441.0000	304.2400
70.6714	200	448.0000	304.5746
71.0247	201	450.0000	304.9091
71.3781	202	444.0000	305.2437
71.7314	203	448.0000	305.5782
72.0848	204	451.0000	305.9127
72.4382	205	446.0000	306.2473
72.7915	206	445.0000	306.5818
73.1449	207	445.0000	306.9164
73.4982	208	439.0000	307.2509
73.8516	209	445.0000	307.5854
74.2049	210	442.0000	307.9200
74.5583	211	443.0000	308.2545
74.9117	212	442.0000	308.5891
75.2650	213	437.0000	308.9236
75.6184	214	443.0000	309.2582
75.9717	215	435.0000	309.5927
76.3251	216	439.0000	309.9273
76.6784	217	438.0000	310.2618
77.0318	218	431.0000	310.5964
77.3852	219	428.0000	310.9309
77.7385	220	423.0000	311.2654
78.0919	221	421.0000	311.6000
78.4452	222	417.0000	311.9345
78.7986	223	414.0000	312.2691
79.1519	224	416.0000	312.6036
79.5053	225	409.0000	312.9382
79.8587	226	409.0000	313.2727
80.2120	227	413.0000	313.6073
80.5654	228	405.0000	313.9418
80.9187	229	404.0000	314.2764
81.2721	230	399.0000	314.6109
81.6254	231	400.0000	314.9455
81.9788	232	393.0000	315.2800
82.3322	233	395.0000	315.6146
82.6855	234	385.0000	315.9491
83.0389	235	386.0000	316.2836
83.3922	236	378.0000	316.6182
83.7456	237	376.0000	316.9527
84.0989	238	383.0000	317.2873
84.4523	239	367.0000	317.6218
84.8057	240	373.0000	317.9564
85.1590	241	370.0000	318.2909
85.5124	242	361.0000	318.6255
85.8657	243	359.0000	318.9600
86.2191	244	362.0000	319.2946
86.5724	245	361.0000	319.6291
86.9258	246	369.0000	319.9636
87.2792	247	359.0000	320.2982
87.6325	248	359.0000	320.6327
87.9859	249	354.0000	320.9673
88.3392	250	353.0000	321.3018
88.6926	251	357.0000	321.6364
89.0459	252	349.0000	321.9709
89.3993	253	346.0000	322.3055
89.7527	254	348.0000	322.6400
90.1060	255	350.0000	322.9745
90.4594	256	348.0000	323.3091
90.8127	257	344.0000	323.6436
91.1661	258	341.0000	323.9782
91.5194	259	344.0000	324.3127
91.8728	260	342.0000	324.6473
92.2261	261	339.0000	324.9818
92.5795	262	340.0000	325.3163
92.9329	263	340.0000	325.6509
93.2862	264	338.0000	325.9854
93.6396	265	339.0000	326.3200
93.9929	266	336.0000	326.6545
94.3463	267	336.0000	326.9891
94.6996	268	335.0000	327.3236
95.0530	269	333.0000	327.6582
95.4064	270	332.0000	327.9927
95.7597	271	339.0000	328.3273
96.1131	272	337.0000	328.6618
96.4664	273	334.0000	328.9964
96.8198	274	334.0000	329.3309
97.1731	275	333.0000	329.6655
97.5265	276	330.0000	330.0000
97.8799	277	334.0000	330.1667
98.2332	278	331.0000	330.3333
98.5866	279	333.0000	330.5000
98.9399	280	333.0000	330.6667
99.2933	281	331.0000	330.8333
99.6466	282	331.0000	331.0000
---------- 8: r1_c8 ----------
Offset(%)	Offset(pix)	Profile	Background
0.3534	1	237.0000	237.0000
0.7067	2	254.0000	237.9072
1.0601	3	264.0000	238.8143
1.4134	4	263.0000	239.7214
1.7668	5	260.0000	240.6286
2.1201	6	263.0000	241.5357
2.4735	7	265.0000	242.4429
2.8269	8	266.0000	243.3500
3.1802	9	268.0000	244.2571
3.5336	10	264.0000	245.1643
3.8869	11	264.0000	246.0714
4.2403	12	269.0000	246.9786
4.5936	13	267.0000	247.8857
4.9470	14	268.0000	248.7929
5.3004	15	268.0000	249.7000
5.6537	16	268.0000	250.6071
6.0071	17	271.0000	251.5143
6.3604	18	271.0000	252.4214
6.7138	19	270.0000	253.3286
7.0671	20	267.0000	254.2357
7.4205	21	272.0000	255.1429
7.7739	22	270.0000	256.0500
8.1272	23	270.0000	256.9572
8.4806	24	273.0000	257.8643
8.8339	25	273.0000	258.7714
9.1873	26	274.0000	259.6786
9.5406	27	280.0000	260.5857
9.8940	28	283.0000	261.4929
10.2473	29	286.0000	262.4000
10.6007	30	295.0000	263.3071
10.9541	31	303.0000	264.2143
11.3074	32	314.0000	265.1214
11.6608	33	318.0000	266.0286
12.0141	34	336.0000	266.9357
12.3675	35	339.0000	267.8429
12.7208	36	348.0000	268.7500
13.0742	37	371.0000	269.6571
13.4276	38	385.0000	270.5643
13.7809	39	398.0000	271.4714
14.1343	40	410.0000	272.3786
14.4876	41	432.0000	273.2857
14.8410	42	452.0000	274.1929
15.1943	43	463.0000	275.1000
15.5477	44	467.0000	276.0071
15.9011	45	477.0000	276.9143
16.2544	46	480.0000	277.8214
16.6078	47	485.0000	278.7286
16.9611	48	492.0000	279.6357
17.3145	49	483.0000	280.5428
17.6678	50	486.0000	281.4500
18.0212	51	486.0000	282.3571
18.3746	52	486.0000	283.2643
18.7279	53	476.0000	284.1714
19.0813	54	472.0000	285.0786
19.4346	55	466.0000	285.9857
19.7880	56	461.0000	286.8929
20.1413	57	463.0000	287.8000
20.4947	58	456.0000	288.7072
20.8481	59	448.0000	289.6143
21.2014	60	451.0000	290.5214
21.5548	61	435.0000	291.4286
21.9081	62	433.0000	292.3357
22.2615	63	431.0000	293.2429
22.6148	64	419.0000	294.1500
22.9682	65	428.0000	295.0571
23.3216	66	421.0000	295.9643
23.6749	67	423.0000	296.8714
24.0283	68	420.0000	297.7786
24.3816	69	417.0000	298.6857
24.7350	70	412.0000	299.5929
25.0883	71	419.0000	300.5000
25.4417	72	419.0000	301.4071
25.7951	73	411.0000	302.3143
26.1484	74	417.0000	303.2214
26.5018	75	405.0000	304.1286
26.8551	76	407.0000	305.0357
27.2085	77	403.0000	305.9429
27.5618	78	399.0000	306.8500
27.9152	79	401.0000	307.7571
28.2686	80	397.0000	308.6643
28.6219	81	391.0000	309.5714
28.9753	82	392.0000	310.4786
29.3286	83	386.0000	311.3857
29.6820	84	386.0000	312.2928
30.0353	85	391.0000	313.2000
30.3887	86	388.0000	314.1071
30.7420	87	391.0000	315.0143
31.0954	88	383.0000	315.9214
31.4488	89	382.0000	316.8286
31.8021	90	386.0000	317.7357
32.1555	91	383.0000	318.6429
32.5088	92	382.0000	319.5500
32.8622	93	379.0000	320.4572
33.2155	94	382.0000	321.3643
33.5689	95	386.0000	322.2714
33.9223	96	387.0000	323.1786
34.2756	97	371.0000	324.0857
34.6290	98	383.0000	324.9929
34.9823	99	384.0000	325.9000
35.3357	100	382.0000	326.8071
35.6890	101	387.0000	327.7143
36.0424	102	381.0000	328.6214
36.3958	103	376.0000	329.5286
36.7491	104	380.0000	330.4357
37.1025	105	382.0000	331.3429
37.4558	106	384.0000	332.2500
37.8092	107	382.0000	333.1571
38.1625	108	385.0000	334.0643
38.5159	109	385.0000	334.9714
38.8693	110	382.0000	335.8786
39.2226	111	381.0000	336.7857
39.5760	112	381.0000	337.6929
39.9293	113	382.0000	338.6000
40.2827	114	380.0000	339.5071
40.6360	115	383.0000	340.4143
40.9894	116	381.0000	341.3214
41.3428	117	377.0000	342.2286
41.6961	118	385.0000	343.1357
42.0495	119	376.0000	344.0428
42.4028	120	377.0000	344.9500
42.7562	121	379.0000	345.8571
43.1095	122	376.0000	346.7643
43.4629	123	379.0000	347.6714
43.8163	124	380.0000	348.5786
44.1696	125	377.0000	349.4857
44.5230	126	381.0000	350.3929
44.8763	127	375.0000	351.3000
45.2297	128	380.0000	352.2072
45.5830	129	375.0000	353.1143
45.9364	130	378.0000	354.0214
46.2898	131	374.0000	354.9286
46.6431	132	373.0000	355.8357
46.9965	133	377.0000	356.7429
47.3498	134	371.0000	357.6500
47.7032	135	377.0000	358.5571
48.0565	136	381.0000	359.4643
48.4099	137	371.0000	360.3714
48.7633	138	377.0000	361.2786
49.1166	139	379.0000	362.1857
49.4700	140	372.0000	363.0929
49.8233	141	364.0000	364.0000
50.1767	142	373.0000	364.2941
50.5300	143	373.0000	364.5882
50.8834	144	377.0000	364.8824
51.2367	145	371.0000	365.1765
51.5901	146	377.0000	365.4706
51.9435	147	369.0000	365.7647
52.2968	148	371.0000	366.0588
52.6502	149	378.0000	366.3529
53.0035	150	373.0000	366.6471
53.3569	151	373.0000	366.9412
53.7102	152	375.0000	367.2353
54.0636	153	373.0000	367.5294
54.4170	154	369.0000	367.8235
54.7703	155	370.0000	368.1176
55.1237	156	369.0000	368.4118
55.4770	157	366.0000	368.7059
55.8304	158	367.0000	369.0000
56.1837	159	363.0000	369.2941
56.5371	160	366.0000	369.5882
56.8905	161	360.0000	369.8824
57.2438	162	363.0000	370.1765
57.5972	163	363.0000	370.4706
57.9505	164	361.0000	370.7647
58.3039	165	364.0000	371.0588
58.6572	166	361.0000	371.3529
59.0106	167	360.0000	371.6471
59.3640	168	362.0000	371.9412
59.7173	169	356.0000	372.2353
60.0707	170	366.0000	372.5294
60.4240	171	360.0000	372.8235
60.7774	172	362.0000	373.1176
61.1307	173	362.0000	373.4118
61.4841	174	357.0000	373.7059
61.8375	175	362.0000	374.0000
62.1908	176	364.0000	374.2941
62.5442	177	357.0000	374.5882
62.8975	178	355.0000	374.8824
63.2509	179	361.0000	375.1765
63.6042	180	364.0000	375.4706
63.9576	181	358.0000	375.7647
64.3110	182	361.0000	376.0588
64.6643	183	366.0000	376.3529
65.0177	184	364.0000	376.6471
65.3710	185	363.0000	376.9412
65.7244	186	369.0000	377.2353
66.0777	187	372.0000	377.5294
66.4311	188	379.0000	377.8235
66.7845	189	376.0000	378.1176
67.1378	190	378.0000	378.4118
67.4912	191	375.0000	378.7059
67.8445	192	379.0000	379.0000
68.1979	193	375.0000	378.5432
68.5512	194	378.0000	378.0864
68.9046	195	384.0000	377.6296
69.2580	196	386.0000	377.1729
69.6113	197	377.0000	376.7161
69.9647	198	393.0000	376.2592
70.3180	199	389.0000	375.8025
70.6714	200	391.0000	375.3457
71.0247	201	393.0000	374.8889
71.3781	202	387.0000	374.4321
71.7314	203	401.0000	373.9753
72.0848	204	393.0000	373.5185
72.4382	205	392.0000	373.0617
72.7915	206	399.0000	372.6049
73.1449	207	406.0000	372.1482
73.4982	208	398.0000	371.6913
73.8516	209	392.0000	371.2346
74.2049	210	399.0000	370.7778
74.5583	211	386.0000	370.3210
74.9117	212	384.0000	369.8642
75.2650	213	387.0000	369.4074
75.6184	214	401.0000	368.9506
75.9717	215	395.0000	368.4938
76.3251	216	386.0000	368.0370
76.6784	217	389.0000	367.5803
77.0318	218	393.0000	367.1234
77.3852	219	388.0000	366.6667
77.7385	220	391.0000	366.2099
78.0919	221	389.0000	365.7531
78.4452	222	385.0000	365.2963
78.7986	223	395.0000	364.8395
79.1519	224	389.0000	364.3827
79.5053	225	393.0000	363.9259
79.8587	226	386.0000	363.4691
80.2120	227	389.0000	363.0124
80.5654	228	385.0000	362.5555
80.9187	229	384.0000	362.0988
81.2721	230	382.0000	361.6420
81.6254	231	380.0000	361.1852
81.9788	232	384.0000	360.7284
82.3322	233	373.0000	360.2716
82.6855	234	380.0000	359.8148
83.0389	235	373.0000	359.3580
83.3922	236	367.0000	358.9012
83.7456	237	366.0000	358.4445
84.0989	238	371.0000	357.9876
84.4523	239	369.0000	357.5309
84.8057	240	371.0000	357.0741
85.1590	241	364.0000	356.6173
85.5124	242	367.0000	356.1605
85.8657	243	363.0000	355.7037
86.2191	244	363.0000	355.2469
86.5724	245	359.0000	354.7901
86.9258	246	362.0000	354.3333
87.2792	247	362.0000	353.8766
87.6325	248	361.0000	353.4197
87.9859	249	361.0000	352.9630
88.3392	250	362.0000	352.5062
88.6926	251	356.0000	352.0494
89.0459	252	361.0000	351.5926
89.3993	253	354.0000	351.1358
89.7527	254	353.0000	350.6790
90.1060	255	357.0000	350.2222
90.4594	256	352.0000	349.7654
90.8127	257	351.0000	349.3087
91.1661	258	351.0000	348.8519
91.5194	259	351.0000	348.3951
91.8728	260	344.0000	347.9383
92.2261	261	348.0000	347.4815
92.5795	262	346.0000	347.0247
92.9329	263	346.0000	346.5679
93.2862	264	346.0000	346.1111
93.6396	265	342.0000	345.6543
93.9929	266	340.0000	345.1975
94.3463	267	341.0000	344.7408
94.6996	268	344.0000	344.2839
95.0530	269	341.0000	343.8271
95.4064	270	338.0000	343.3704
95.7597	271	332.0000	342.9136
96.1131	272	334.0000	342.4568
96.4664	273	342.0000	342.0000
96.8198	274	337.0000	342.1111
97.1731	275	338.0000	342.2222
97.5265	276	338.0000	342.3333
97.8799	277	337.0000	342.4445
98.2332	278	332.0000	342.5555
98.5866	279	336.0000	342.6667
98.9399	280	336.0000	342.7778
99.2933	281	338.0000	342.8889
99.6466	282	343.0000	343.0000
