---------- 1: r2a_d1 ----------
Offset(%)	Offset(pix)	Profile	Background
0.0000	0	75.0000	75.0000
0.2041	1	75.0000	74.9048
0.4082	2	76.0000	74.8095
0.6122	3	76.0000	74.7143
0.8163	4	76.0000	74.6190
1.0204	5	75.0000	74.5238
1.2245	6	76.0000	74.4286
1.4286	7	76.0000	74.3333
1.6327	8	76.0000	74.2381
1.8367	9	75.0000	74.1429
2.0408	10	75.0000	74.0476
2.2449	11	75.0000	73.9524
2.4490	12	76.0000	73.8571
2.6531	13	77.0000	73.7619
2.8571	14	77.0000	73.6667
3.0612	15	77.0000	73.5714
3.2653	16	77.0000	73.4762
3.4694	17	76.0000	73.3810
3.6735	18	78.0000	73.2857
3.8776	19	75.0000	73.1905
4.0816	20	74.0000	73.0952
4.2857	21	73.0000	73.0000
4.4898	22	75.0000	73.5000
4.6939	23	77.0000	74.0000
4.8980	24	83.0000	74.5000
5.1020	25	84.0000	75.0000
5.3061	26	81.0000	75.5000
5.5102	27	80.0000	76.0000
5.7143	28	79.0000	76.5000
5.9184	29	78.0000	77.0000
6.1224	30	75.0000	77.5000
6.3265	31	75.0000	78.0000
6.5306	32	74.0000	78.5000
6.7347	33	75.0000	79.0000
6.9388	34	77.0000	79.5000
7.1429	35	88.0000	80.0000
7.3469	36	110.0000	80.5000
7.5510	37	121.0000	81.0000
7.7551	38	100.0000	81.5000
7.9592	39	83.0000	82.0000
8.1633	40	80.0000	82.5000
8.3673	41	81.0000	83.0000
8.5714	42	84.0000	83.5000
8.7755	43	91.0000	84.0000
8.9796	44	98.0000	84.5000
9.1837	45	100.0000	85.0000
9.3878	46	101.0000	85.5000
9.5918	47	97.0000	86.0000
9.7959	48	96.0000	86.5000
10.0000	49	93.0000	87.0000
10.2041	50	91.0000	87.5000
10.4082	51	91.0000	88.0000
10.6122	52	92.0000	88.5000
10.8163	53	91.0000	89.0000
11.0204	54	91.0000	89.5000
11.2245	55	91.0000	90.0000
11.4286	56	91.0000	90.5000
11.6327	57	91.0000	91.0000
11.8367	58	92.0000	91.5000
12.0408	59	92.0000	92.0000
12.2449	60	93.0000	92.5000
12.4490	61	93.0000	93.0000
12.6531	62	92.0000	92.8625
12.8571	63	94.0000	92.7250
13.0612	64	94.0000	92.5875
13.2653	65	92.0000	92.4500
13.4694	66	94.0000	92.3125
13.6735	67	95.0000	92.1750
13.8776	68	94.0000	92.0375
14.0816	69	94.0000	91.9000
14.2857	70	95.0000	91.7625
14.4898	71	96.0000	91.6250
14.6939	72	97.0000	91.4875
14.8980	73	96.0000	91.3500
15.1020	74	98.0000	91.2125
15.3061	75	101.0000	91.0750
15.5102	76	99.0000	90.9375
15.7143	77	102.0000	90.8000
15.9184	78	102.0000	90.6625
16.1224	79	108.0000	90.5250
16.3265	80	110.0000	90.3875
16.5306	81	113.0000	90.2500
16.7347	82	114.0000	90.1125
16.9388	83	121.0000	89.9750
17.1429	84	126.0000	89.8375
17.3469	85	135.0000	89.7000
17.5510	86	145.0000	89.5625
17.7551	87	149.0000	89.4250
17.9592	88	168.0000	89.2875
18.1633	89	187.0000	89.1500
18.3673	90	205.0000	89.0125
18.5714	91	210.0000	88.8750
18.7755	92	227.0000	88.7375
18.9796	93	223.0000	88.6000
19.1837	94	214.0000	88.4625
19.3878	95	205.0000	88.3250
19.5918	96	206.0000	88.1875
19.7959	97	193.0000	88.0500
20.0000	98	184.0000	87.9125
20.2041	99	174.0000	87.7750
20.4082	100	169.0000	87.6375
20.6122	101	158.0000	87.5000
20.8163	102	153.0000	87.3625
21.0204	103	148.0000	87.2250
21.2245	104	139.0000	87.0875
21.4286	105	136.0000	86.9500
21.6327	106	128.0000	86.8125
21.8367	107	128.0000	86.6750
22.0408	108	123.0000	86.5375
22.2449	109	119.0000	86.4000
22.4490	110	115.0000	86.2625
22.6531	111	111.0000	86.1250
22.8571	112	110.0000	85.9875
23.0612	113	108.0000	85.8500
23.2653	114	106.0000	85.7125
23.4694	115	101.0000	85.5750
23.6735	116	101.0000	85.4375
23.8776	117	100.0000	85.3000
24.0816	118	98.0000	85.1625
24.2857	119	95.0000	85.0250
24.4898	120	96.0000	84.8875
24.6939	121	95.0000	84.7500
24.8980	122	93.0000	84.6125
25.1020	123	92.0000	84.4750
25.3061	124	91.0000	84.3375
25.5102	125	93.0000	84.2000
25.7143	126	89.0000	84.0625
25.9184	127	88.0000	83.9250
26.1224	128	87.0000	83.7875
26.3265	129	88.0000	83.6500
26.5306	130	86.0000	83.5125
26.7347	131	89.0000	83.3750
26.9388	132	87.0000	83.2375
27.1429	133	86.0000	83.1000
27.3469	134	84.0000	82.9625
27.5510	135	84.0000	82.8250
27.7551	136	83.0000	82.6875
27.9592	137	84.0000	82.5500
28.1633	138	82.0000	82.4125
28.3673	139	82.0000	82.2750
28.5714	140	82.0000	82.1375
28.7755	141	82.0000	82.0000
28.9796	142	81.0000	81.7692
29.1837	143	82.0000	81.5385
29.3878	144	81.0000	81.3077
29.5918	145	80.0000	81.0769
29.7959	146	80.0000	80.8462
30.0000	147	79.0000	80.6154
30.2041	148	78.0000	80.3846
30.4082	149	80.0000	80.1538
30.6122	150	78.0000	79.9231
30.8163	151	79.0000	79.6923
31.0204	152	78.0000	79.4615
31.2245	153	79.0000	79.2308
31.4286	154	79.0000	79.0000
31.6327	155	76.0000	78.7692
31.8367	156	77.0000	78.5385
32.0408	157	77.0000	78.3077
32.2449	158	78.0000	78.0769
32.4490	159	77.0000	77.8462
32.6531	160	75.0000	77.6154
32.8571	161	77.0000	77.3846
33.0612	162	77.0000	77.1538
33.2653	163	75.0000	76.9231
33.4694	164	76.0000	76.6923
33.6735	165	77.0000	76.4615
33.8776	166	75.0000	76.2308
34.0816	167	76.0000	76.0000
34.2857	168	77.0000	76.0000
34.4898	169	74.0000	76.0000
34.6939	170	75.0000	76.0000
34.8980	171	76.0000	76.0000
35.1020	172	75.0000	76.0000
35.3061	173	75.0000	76.0000
35.5102	174	75.0000	76.0000
35.7143	175	76.0000	76.0000
35.9184	176	75.0000	76.0000
36.1224	177	76.0000	76.0000
36.3265	178	75.0000	76.0000
36.5306	179	75.0000	76.0000
36.7347	180	73.0000	76.0000
36.9388	181	77.0000	76.0000
37.1429	182	74.0000	76.0000
37.3469	183	76.0000	76.0000
37.5510	184	76.0000	76.0000
37.7551	185	74.0000	76.0000
37.9592	186	73.0000	76.0000
38.1633	187	76.0000	76.0000
38.3673	188	75.0000	75.9355
38.5714	189	75.0000	75.8710
38.7755	190	73.0000	75.8064
38.9796	191	74.0000	75.7419
39.1837	192	75.0000	75.6774
39.3878	193	75.0000	75.6129
39.5918	194	73.0000	75.5484
39.7959	195	74.0000	75.4839
40.0000	196	75.0000	75.4194
40.2041	197	75.0000	75.3548
40.4082	198	74.0000	75.2903
40.6122	199	75.0000	75.2258
40.8163	200	75.0000	75.1613
41.0204	201	74.0000	75.0968
41.2245	202	77.0000	75.0323
41.4286	203	74.0000	74.9677
41.6327	204	74.0000	74.9032
41.8367	205	75.0000	74.8387
42.0408	206	74.0000	74.7742
42.2449	207	75.0000	74.7097
42.4490	208	75.0000	74.6452
42.6531	209	74.0000	74.5806
42.8571	210	74.0000	74.5161
43.0612	211	75.0000	74.4516
43.2653	212	73.0000	74.3871
43.4694	213	74.0000	74.3226
43.6735	214	76.0000	74.2581
43.8776	215	76.0000	74.1936
44.0816	216	74.0000	74.1290
44.2857	217	74.0000	74.0645
44.4898	218	74.0000	74.0000
44.6939	219	75.0000	74.0294
44.8980	220	73.0000	74.0588
45.1020	221	74.0000	74.0882
45.3061	222	74.0000	74.1176
45.5102	223	74.0000	74.1471
45.7143	224	73.0000	74.1765
45.9184	225	75.0000	74.2059
46.1224	226	75.0000	74.2353
46.3265	227	75.0000	74.2647
46.5306	228	74.0000	74.2941
46.7347	229	75.0000	74.3235
46.9388	230	74.0000	74.3529
47.1429	231	76.0000	74.3824
47.3469	232	74.0000	74.4118
47.5510	233	76.0000	74.4412
47.7551	234	76.0000	74.4706
47.9592	235	74.0000	74.5000
48.1633	236	75.0000	74.5294
48.3673	237	75.0000	74.5588
48.5714	238	75.0000	74.5882
48.7755	239	74.0000	74.6176
48.9796	240	75.0000	74.6471
49.1837	241	75.0000	74.6765
49.3878	242	75.0000	74.7059
49.5918	243	74.0000	74.7353
49.7959	244	73.0000	74.7647
50.0000	245	75.0000	74.7941
50.2041	246	75.0000	74.8235
50.4082	247	74.0000	74.8529
50.6122	248	73.0000	74.8824
50.8163	249	75.0000	74.9118
51.0204	250	74.0000	74.9412
51.2245	251	73.0000	74.9706
51.4286	252	75.0000	75.0000
51.6327	253	74.0000	74.9643
51.8367	254	73.0000	74.9286
52.0408	255	75.0000	74.8929
52.2449	256	73.0000	74.8571
52.4490	257	74.0000	74.8214
52.6531	258	74.0000	74.7857
52.8571	259	74.0000	74.7500
53.0612	260	73.0000	74.7143
53.2653	261	75.0000	74.6786
53.4694	262	74.0000	74.6429
53.6735	263	75.0000	74.6071
53.8776	264	74.0000	74.5714
54.0816	265	73.0000	74.5357
54.2857	266	73.0000	74.5000
54.4898	267	75.0000	74.4643
54.6939	268	73.0000	74.4286
54.8980	269	73.0000	74.3929
55.1020	270	73.0000	74.3571
55.3061	271	73.0000	74.3214
55.5102	272	74.0000	74.2857
55.7143	273	74.0000	74.2500
55.9184	274	75.0000	74.2143
56.1224	275	73.0000	74.1786
56.3265	276	72.0000	74.1429
56.5306	277	73.0000	74.1071
56.7347	278	73.0000	74.0714
56.9388	279	73.0000	74.0357
57.1429	280	74.0000	74.0000
57.3469	281	74.0000	73.9167
57.5510	282	74.0000	73.8333
57.7551	283	73.0000	73.7500
57.9592	284	72.0000	73.6667
58.1633	285	73.0000	73.5833
58.3673	286	74.0000	73.5000
58.5714	287	74.0000	73.4167
58.7755	288	75.0000	73.3333
58.9796	289	74.0000	73.2500
59.1837	290	74.0000	73.1667
59.3878	291	74.0000	73.0833
59.5918	292	74.0000	73.0000
59.7959	293	73.0000	72.9167
60.0000	294	75.0000	72.8333
60.2041	295	74.0000	72.7500
60.4082	296	73.0000	72.6667
60.6122	297	73.0000	72.5833
60.8163	298	73.0000	72.5000
61.0204	299	73.0000	72.4167
61.2245	300	75.0000	72.3333
61.4286	301	75.0000	72.2500
61.6327	302	74.0000	72.1667
61.8367	303	74.0000	72.0833
62.0408	304	72.0000	72.0000
62.2449	305	74.0000	72.0000
62.4490	306	74.0000	72.0000
62.6531	307	74.0000	72.0000
62.8571	308	75.0000	72.0000
63.0612	309	74.0000	72.0000
63.2653	310	74.0000	72.0000
63.4694	311	73.0000	72.0000
63.6735	312	76.0000	72.0000
63.8776	313	74.0000	72.0000
64.0816	314	75.0000	72.0000
64.2857	315	74.0000	72.0000
64.4898	316	74.0000	72.0000
64.6939	317	73.0000	72.0000
64.8980	318	74.0000	72.0000
65.1020	319	75.0000	72.0000
65.3061	320	73.0000	72.0000
65.5102	321	74.0000	72.0000
65.7143	322	73.0000	72.0000
65.9184	323	74.0000	72.0000
66.1224	324	73.0000	72.0000
66.3265	325	73.0000	72.0000
66.5306	326	73.0000	72.0000
66.7347	327	75.0000	72.0000
66.9388	328	73.0000	72.0000
67.1429	329	73.0000	72.0000
67.3469	330	73.0000	72.0000
67.5510	331	74.0000	72.0000
67.7551	332	74.0000	72.0000
67.9592	333	73.0000	72.0000
68.1633	334	73.0000	72.0000
68.3673	335	74.0000	72.0000
68.5714	336	73.0000	72.0000
68.7755	337	73.0000	72.0000
68.9796	338	73.0000	72.0000
69.1837	339	73.0000	72.0000
69.3878	340	73.0000	72.0000
69.5918	341	73.0000	72.0000
69.7959	342	73.0000	72.0000
70.0000	343	72.0000	72.0000
70.2041	344	74.0000	72.0500
70.4082	345	73.0000	72.1000
70.6122	346	74.0000	72.1500
70.8163	347	74.0000	72.2000
71.0204	348	74.0000	72.2500
71.2245	349	73.0000	72.3000
71.4286	350	72.0000	72.3500
71.6327	351	73.0000	72.4000
71.8367	352	75.0000	72.4500
72.0408	353	74.0000	72.5000
72.2449	354	72.0000	72.5500
72.4490	355	72.0000	72.6000
72.6531	356	73.0000	72.6500
72.8571	357	73.0000	72.7000
73.0612	358	73.0000	72.7500
73.2653	359	73.0000	72.8000
73.4694	360	72.0000	72.8500
73.6735	361	73.0000	72.9000
73.8776	362	73.0000	72.9500
74.0816	363	73.0000	73.0000
74.2857	364	73.0000	72.9565
74.4898	365	72.0000	72.9130
74.6939	366	73.0000	72.8696
74.8980	367	73.0000	72.8261
75.1020	368	73.0000	72.7826
75.3061	369	73.0000	72.7391
75.5102	370	73.0000	72.6957
75.7143	371	72.0000	72.6522
75.9184	372	72.0000	72.6087
76.1224	373	72.0000	72.5652
76.3265	374	73.0000	72.5217
76.5306	375	72.0000	72.4783
76.7347	376	73.0000	72.4348
76.9388	377	73.0000	72.3913
77.1429	378	73.0000	72.3478
77.3469	379	72.0000	72.3043
77.5510	380	73.0000	72.2609
77.7551	381	75.0000	72.2174
77.9592	382	73.0000	72.1739
78.1633	383	72.0000	72.1304
78.3673	384	72.0000	72.0870
78.5714	385	73.0000	72.0435
78.7755	386	72.0000	72.0000
78.9796	387	73.0000	72.0238
79.1837	388	74.0000	72.0476
79.3878	389	73.0000	72.0714
79.5918	390	74.0000	72.0952
79.7959	391	73.0000	72.1190
80.0000	392	72.0000	72.1429
80.2041	393	73.0000	72.1667
80.4082	394	75.0000	72.1905
80.6122	395	74.0000	72.2143
80.8163	396	72.0000	72.2381
81.0204	397	73.0000	72.2619
81.2245	398	75.0000	72.2857
81.4286	399	73.0000	72.3095
81.6327	400	73.0000	72.3333
81.8367	401	74.0000	72.3571
82.0408	402	73.0000	72.3810
82.2449	403	74.0000	72.4048
82.4490	404	74.0000	72.4286
82.6531	405	74.0000	72.4524
82.8571	406	73.0000	72.4762
83.0612	407	74.0000	72.5000
83.2653	408	75.0000	72.5238
83.4694	409	75.0000	72.5476
83.6735	410	74.0000	72.5714
83.8776	411	74.0000	72.5952
84.0816	412	75.0000	72.6190
84.2857	413	74.0000	72.6429
84.4898	414	74.0000	72.6667
84.6939	415	74.0000	72.6905
84.8980	416	74.0000	72.7143
85.1020	417	74.0000	72.7381
85.3061	418	75.0000	72.7619
85.5102	419	75.0000	72.7857
85.7143	420	73.0000	72.8095
85.9184	421	72.0000	72.8333
86.1224	422	73.0000	72.8571
86.3265	423	73.0000	72.8810
86.5306	424	75.0000	72.9048
86.7347	425	73.0000	72.9286
86.9388	426	73.0000	72.9524
87.1429	427	74.0000	72.9762
87.3469	428	73.0000	73.0000
87.5510	429	72.0000	72.9231
87.7551	430	73.0000	72.8462
87.9592	431	72.0000	72.7692
88.1633	432	73.0000	72.6923
88.3673	433	73.0000	72.6154
88.5714	434	72.0000	72.5385
88.7755	435	73.0000	72.4615
88.9796	436	73.0000	72.3846
89.1837	437	72.0000	72.3077
89.3878	438	73.0000	72.2308
89.5918	439	73.0000	72.1538
89.7959	440	73.0000	72.0769
90.0000	441	72.0000	72.0000
90.2041	442	72.0000	71.9231
90.4082	443	71.0000	71.8462
90.6122	444	71.0000	71.7692
90.8163	445	71.0000	71.6923
91.0204	446	71.0000	71.6154
91.2245	447	72.0000	71.5385
91.4286	448	72.0000	71.4615
91.6327	449	72.0000	71.3846
91.8367	450	71.0000	71.3077
92.0408	451	73.0000	71.2308
92.2449	452	71.0000	71.1538
92.4490	453	71.0000	71.0769
92.6531	454	70.0000	71.0000
92.8571	455	73.0000	70.9231
93.0612	456	70.0000	70.8462
93.2653	457	70.0000	70.7692
93.4694	458	72.0000	70.6923
93.6735	459	72.0000	70.6154
93.8776	460	72.0000	70.5385
94.0816	461	71.0000	70.4615
94.2857	462	72.0000	70.3846
94.4898	463	71.0000	70.3077
94.6939	464	70.0000	70.2308
94.8980	465	70.0000	70.1538
95.1020	466	70.0000	70.0769
95.3061	467	71.0000	70.0000
95.5102	468	71.0000	69.9231
95.7143	469	71.0000	69.8462
95.9184	470	71.0000	69.7692
96.1224	471	69.0000	69.6923
96.3265	472	71.0000	69.6154
96.5306	473	71.0000	69.5385
96.7347	474	71.0000	69.4615
96.9388	475	71.0000	69.3846
97.1429	476	71.0000	69.3077
97.3469	477	70.0000	69.2308
97.5510	478	70.0000	69.1538
97.7551	479	70.0000	69.0769
97.9592	480	69.0000	69.0000
98.1633	481	70.0000	69.0000
98.3673	482	70.0000	69.0000
98.5714	483	71.0000	69.0000
98.7755	484	70.0000	69.0000
98.9796	485	71.0000	69.0000
99.1837	486	71.0000	69.0000
99.3878	487	70.0000	69.0000
99.5918	488	71.0000	69.0000
99.7959	489	70.0000	69.0000
100.0000	490	69.0000	69.0000
---------- 2: r2a_d2 ----------
Offset(%)	Offset(pix)	Profile	Background
0.0000	0	75.0000	75.0000
0.2041	1	76.0000	74.8636
0.4082	2	76.0000	74.7273
0.6122	3	76.0000	74.5909
0.8163	4	75.0000	74.4545
1.0204	5	76.0000	74.3182
1.2245	6	76.0000	74.1818
1.4286	7	75.0000	74.0455
1.6327	8	76.0000	73.9091
1.8367	9	74.0000	73.7727
2.0408	10	75.0000	73.6364
2.2449	11	75.0000	73.5000
2.4490	12	75.0000	73.3636
2.6531	13	76.0000	73.2273
2.8571	14	76.0000	73.0909
3.0612	15	74.0000	72.9545
3.2653	16	74.0000	72.8182
3.4694	17	75.0000	72.6818
3.6735	18	77.0000	72.5455
3.8776	19	76.0000	72.4091
4.0816	20	74.0000	72.2727
4.2857	21	73.0000	72.1364
4.4898	22	72.0000	72.0000
4.6939	23	74.0000	72.0698
4.8980	24	80.0000	72.1395
5.1020	25	82.0000	72.2093
5.3061	26	79.0000	72.2791
5.5102	27	77.0000	72.3488
5.7143	28	77.0000	72.4186
5.9184	29	75.0000	72.4884
6.1224	30	72.0000	72.5581
6.3265	31	72.0000	72.6279
6.5306	32	73.0000	72.6977
6.7347	33	73.0000	72.7674
6.9388	34	74.0000	72.8372
7.1429	35	79.0000	72.9070
7.3469	36	90.0000	72.9767
7.5510	37	99.0000	73.0465
7.7551	38	91.0000	73.1163
7.9592	39	84.0000	73.1860
8.1633	40	80.0000	73.2558
8.3673	41	79.0000	73.3256
8.5714	42	78.0000	73.3953
8.7755	43	79.0000	73.4651
8.9796	44	78.0000	73.5349
9.1837	45	79.0000	73.6047
9.3878	46	78.0000	73.6744
9.5918	47	76.0000	73.7442
9.7959	48	75.0000	73.8140
10.0000	49	75.0000	73.8837
10.2041	50	75.0000	73.9535
10.4082	51	74.0000	74.0233
10.6122	52	75.0000	74.0930
10.8163	53	75.0000	74.1628
11.0204	54	74.0000	74.2326
11.2245	55	74.0000	74.3023
11.4286	56	74.0000	74.3721
11.6327	57	75.0000	74.4419
11.8367	58	76.0000	74.5116
12.0408	59	75.0000	74.5814
12.2449	60	75.0000	74.6512
12.4490	61	75.0000	74.7209
12.6531	62	74.0000	74.7907
12.8571	63	75.0000	74.8605
13.0612	64	75.0000	74.9302
13.2653	65	75.0000	75.0000
13.4694	66	75.0000	75.2273
13.6735	67	76.0000	75.4545
13.8776	68	75.0000	75.6818
14.0816	69	75.0000	75.9091
14.2857	70	75.0000	76.1364
14.4898	71	76.0000	76.3636
14.6939	72	76.0000	76.5909
14.8980	73	75.0000	76.8182
15.1020	74	76.0000	77.0455
15.3061	75	76.0000	77.2727
15.5102	76	76.0000	77.5000
15.7143	77	77.0000	77.7273
15.9184	78	77.0000	77.9545
16.1224	79	76.0000	78.1818
16.3265	80	76.0000	78.4091
16.5306	81	78.0000	78.6364
16.7347	82	77.0000	78.8636
16.9388	83	78.0000	79.0909
17.1429	84	79.0000	79.3182
17.3469	85	81.0000	79.5455
17.5510	86	80.0000	79.7727
17.7551	87	80.0000	80.0000
17.9592	88	82.0000	80.2545
18.1633	89	82.0000	80.5091
18.3673	90	83.0000	80.7636
18.5714	91	85.0000	81.0182
18.7755	92	86.0000	81.2727
18.9796	93	89.0000	81.5273
19.1837	94	90.0000	81.7818
19.3878	95	92.0000	82.0364
19.5918	96	93.0000	82.2909
19.7959	97	97.0000	82.5455
20.0000	98	96.0000	82.8000
20.2041	99	100.0000	83.0545
20.4082	100	105.0000	83.3091
20.6122	101	103.0000	83.5636
20.8163	102	105.0000	83.8182
21.0204	103	104.0000	84.0727
21.2245	104	106.0000	84.3273
21.4286	105	105.0000	84.5818
21.6327	106	107.0000	84.8364
21.8367	107	106.0000	85.0909
22.0408	108	107.0000	85.3455
22.2449	109	107.0000	85.6000
22.4490	110	107.0000	85.8545
22.6531	111	106.0000	86.1091
22.8571	112	109.0000	86.3636
23.0612	113	105.0000	86.6182
23.2653	114	105.0000	86.8727
23.4694	115	111.0000	87.1273
23.6735	116	104.0000	87.3818
23.8776	117	105.0000	87.6364
24.0816	118	104.0000	87.8909
24.2857	119	105.0000	88.1455
24.4898	120	105.0000	88.4000
24.6939	121	106.0000	88.6545
24.8980	122	105.0000	88.9091
25.1020	123	103.0000	89.1636
25.3061	124	103.0000	89.4182
25.5102	125	103.0000	89.6727
25.7143	126	102.0000	89.9273
25.9184	127	103.0000	90.1818
26.1224	128	104.0000	90.4364
26.3265	129	103.0000	90.6909
26.5306	130	103.0000	90.9455
26.7347	131	101.0000	91.2000
26.9388	132	100.0000	91.4545
27.1429	133	100.0000	91.7091
27.3469	134	100.0000	91.9636
27.5510	135	98.0000	92.2182
27.7551	136	99.0000	92.4727
27.9592	137	98.0000	92.7273
28.1633	138	99.0000	92.9818
28.3673	139	99.0000	93.2364
28.5714	140	96.0000	93.4909
28.7755	141	96.0000	93.7455
28.9796	142	94.0000	94.0000
29.1837	143	96.0000	93.7407
29.3878	144	96.0000	93.4815
29.5918	145	95.0000	93.2222
29.7959	146	95.0000	92.9630
30.0000	147	92.0000	92.7037
30.2041	148	94.0000	92.4444
30.4082	149	92.0000	92.1852
30.6122	150	95.0000	91.9259
30.8163	151	93.0000	91.6667
31.0204	152	92.0000	91.4074
31.2245	153	93.0000	91.1481
31.4286	154	95.0000	90.8889
31.6327	155	93.0000	90.6296
31.8367	156	92.0000	90.3704
32.0408	157	93.0000	90.1111
32.2449	158	91.0000	89.8519
32.4490	159	92.0000	89.5926
32.6531	160	91.0000	89.3333
32.8571	161	90.0000	89.0741
33.0612	162	90.0000	88.8148
33.2653	163	90.0000	88.5556
33.4694	164	92.0000	88.2963
33.6735	165	91.0000	88.0370
33.8776	166	90.0000	87.7778
34.0816	167	89.0000	87.5185
34.2857	168	91.0000	87.2593
34.4898	169	87.0000	87.0000
34.6939	170	90.0000	86.8889
34.8980	171	88.0000	86.7778
35.1020	172	89.0000	86.6667
35.3061	173	88.0000	86.5556
35.5102	174	89.0000	86.4444
35.7143	175	90.0000	86.3333
35.9184	176	87.0000	86.2222
36.1224	177	87.0000	86.1111
36.3265	178	89.0000	86.0000
36.5306	179	88.0000	85.8889
36.7347	180	86.0000	85.7778
36.9388	181	88.0000	85.6667
37.1429	182	88.0000	85.5556
37.3469	183	90.0000	85.4444
37.5510	184	86.0000	85.3333
37.7551	185	87.0000	85.2222
37.9592	186	88.0000	85.1111
38.1633	187	85.0000	85.0000
38.3673	188	88.0000	84.9744
38.5714	189	87.0000	84.9487
38.7755	190	88.0000	84.9231
38.9796	191	88.0000	84.8974
39.1837	192	86.0000	84.8718
39.3878	193	88.0000	84.8462
39.5918	194	87.0000	84.8205
39.7959	195	87.0000	84.7949
40.0000	196	88.0000	84.7692
40.2041	197	86.0000	84.7436
40.4082	198	86.0000	84.7179
40.6122	199	86.0000	84.6923
40.8163	200	88.0000	84.6667
41.0204	201	86.0000	84.6410
41.2245	202	86.0000	84.6154
41.4286	203	86.0000	84.5897
41.6327	204	86.0000	84.5641
41.8367	205	87.0000	84.5385
42.0408	206	87.0000	84.5128
42.2449	207	86.0000	84.4872
42.4490	208	86.0000	84.4615
42.6531	209	84.0000	84.4359
42.8571	210	85.0000	84.4103
43.0612	211	87.0000	84.3846
43.2653	212	86.0000	84.3590
43.4694	213	84.0000	84.3333
43.6735	214	86.0000	84.3077
43.8776	215	85.0000	84.2821
44.0816	216	85.0000	84.2564
44.2857	217	86.0000	84.2308
44.4898	218	85.0000	84.2051
44.6939	219	85.0000	84.1795
44.8980	220	84.0000	84.1538
45.1020	221	84.0000	84.1282
45.3061	222	84.0000	84.1026
45.5102	223	83.0000	84.0769
45.7143	224	83.0000	84.0513
45.9184	225	84.0000	84.0256
46.1224	226	84.0000	84.0000
46.3265	227	85.0000	83.9286
46.5306	228	85.0000	83.8571
46.7347	229	83.0000	83.7857
46.9388	230	83.0000	83.7143
47.1429	231	84.0000	83.6429
47.3469	232	83.0000	83.5714
47.5510	233	84.0000	83.5000
47.7551	234	85.0000	83.4286
47.9592	235	85.0000	83.3571
48.1633	236	84.0000	83.2857
48.3673	237	86.0000	83.2143
48.5714	238	85.0000	83.1429
48.7755	239	87.0000	83.0714
48.9796	240	87.0000	83.0000
49.1837	241	87.0000	82.9286
49.3878	242	83.0000	82.8571
49.5918	243	86.0000	82.7857
49.7959	244	87.0000	82.7143
50.0000	245	87.0000	82.6429
50.2041	246	83.0000	82.5714
50.4082	247	83.0000	82.5000
50.6122	248	83.0000	82.4286
50.8163	249	81.0000	82.3571
51.0204	250	83.0000	82.2857
51.2245	251	82.0000	82.2143
51.4286	252	82.0000	82.1429
51.6327	253	82.0000	82.0714
51.8367	254	82.0000	82.0000
52.0408	255	83.0000	81.8519
52.2449	256	82.0000	81.7037
52.4490	257	82.0000	81.5556
52.6531	258	82.0000	81.4074
52.8571	259	82.0000	81.2593
53.0612	260	81.0000	81.1111
53.2653	261	82.0000	80.9630
53.4694	262	81.0000	80.8148
53.6735	263	82.0000	80.6667
53.8776	264	80.0000	80.5185
54.0816	265	82.0000	80.3704
54.2857	266	80.0000	80.2222
54.4898	267	79.0000	80.0741
54.6939	268	81.0000	79.9259
54.8980	269	81.0000	79.7778
55.1020	270	82.0000	79.6296
55.3061	271	81.0000	79.4815
55.5102	272	81.0000	79.3333
55.7143	273	80.0000	79.1852
55.9184	274	81.0000	79.0370
56.1224	275	82.0000	78.8889
56.3265	276	80.0000	78.7407
56.5306	277	80.0000	78.5926
56.7347	278	81.0000	78.4444
56.9388	279	81.0000	78.2963
57.1429	280	81.0000	78.1481
57.3469	281	78.0000	78.0000
57.5510	282	80.0000	78.0000
57.7551	283	79.0000	78.0000
57.9592	284	80.0000	78.0000
58.1633	285	79.0000	78.0000
58.3673	286	80.0000	78.0000
58.5714	287	81.0000	78.0000
58.7755	288	79.0000	78.0000
58.9796	289	79.0000	78.0000
59.1837	290	77.0000	78.0000
59.3878	291	79.0000	78.0000
59.5918	292	78.0000	78.0000
59.7959	293	80.0000	78.0000
60.0000	294	78.0000	78.0000
60.2041	295	78.0000	78.0000
60.4082	296	79.0000	78.0000
60.6122	297	79.0000	78.0000
60.8163	298	80.0000	78.0000
61.0204	299	79.0000	78.0000
61.2245	300	79.0000	78.0000
61.4286	301	78.0000	78.0000
61.6327	302	78.0000	77.9302
61.8367	303	78.0000	77.8605
62.0408	304	80.0000	77.7907
62.2449	305	78.0000	77.7209
62.4490	306	78.0000	77.6512
62.6531	307	78.0000	77.5814
62.8571	308	79.0000	77.5116
63.0612	309	78.0000	77.4419
63.2653	310	80.0000	77.3721
63.4694	311	79.0000	77.3023
63.6735	312	79.0000	77.2326
63.8776	313	78.0000	77.1628
64.0816	314	79.0000	77.0930
64.2857	315	79.0000	77.0233
64.4898	316	79.0000	76.9535
64.6939	317	79.0000	76.8837
64.8980	318	80.0000	76.8140
65.1020	319	78.0000	76.7442
65.3061	320	79.0000	76.6744
65.5102	321	78.0000	76.6047
65.7143	322	79.0000	76.5349
65.9184	323	79.0000	76.4651
66.1224	324	80.0000	76.3953
66.3265	325	80.0000	76.3256
66.5306	326	80.0000	76.2558
66.7347	327	79.0000	76.1860
66.9388	328	79.0000	76.1163
67.1429	329	79.0000	76.0465
67.3469	330	76.0000	75.9767
67.5510	331	77.0000	75.9070
67.7551	332	79.0000	75.8372
67.9592	333	79.0000	75.7674
68.1633	334	78.0000	75.6977
68.3673	335	77.0000	75.6279
68.5714	336	78.0000	75.5581
68.7755	337	78.0000	75.4884
68.9796	338	76.0000	75.4186
69.1837	339	76.0000	75.3488
69.3878	340	76.0000	75.2791
69.5918	341	78.0000	75.2093
69.7959	342	76.0000	75.1395
70.0000	343	77.0000	75.0698
70.2041	344	75.0000	75.0000
70.4082	345	75.0000	74.9286
70.6122	346	76.0000	74.8571
70.8163	347	78.0000	74.7857
71.0204	348	76.0000	74.7143
71.2245	349	76.0000	74.6429
71.4286	350	74.0000	74.5714
71.6327	351	76.0000	74.5000
71.8367	352	74.0000	74.4286
72.0408	353	75.0000	74.3571
72.2449	354	74.0000	74.2857
72.4490	355	73.0000	74.2143
72.6531	356	74.0000	74.1429
72.8571	357	75.0000	74.0714
73.0612	358	75.0000	74.0000
73.2653	359	73.0000	73.9286
73.4694	360	75.0000	73.8571
73.6735	361	73.0000	73.7857
73.8776	362	74.0000	73.7143
74.0816	363	73.0000	73.6429
74.2857	364	74.0000	73.5714
74.4898	365	74.0000	73.5000
74.6939	366	73.0000	73.4286
74.8980	367	75.0000	73.3571
75.1020	368	72.0000	73.2857
75.3061	369	72.0000	73.2143
75.5102	370	73.0000	73.1429
75.7143	371	72.0000	73.0714
75.9184	372	73.0000	73.0000
76.1224	373	72.0000	72.9310
76.3265	374	72.0000	72.8621
76.5306	375	72.0000	72.7931
76.7347	376	72.0000	72.7241
76.9388	377	72.0000	72.6552
77.1429	378	72.0000	72.5862
77.3469	379	71.0000	72.5172
77.5510	380	71.0000	72.4483
77.7551	381	73.0000	72.3793
77.9592	382	72.0000	72.3103
78.1633	383	71.0000	72.2414
78.3673	384	71.0000	72.1724
78.5714	385	71.0000	72.1034
78.7755	386	71.0000	72.0345
78.9796	387	70.0000	71.9655
79.1837	388	70.0000	71.8966
79.3878	389	71.0000	71.8276
79.5918	390	71.0000	71.7586
79.7959	391	70.0000	71.6897
80.0000	392	70.0000	71.6207
80.2041	393	71.0000	71.5517
80.4082	394	71.0000	71.4828
80.6122	395	70.0000	71.4138
80.8163	396	70.0000	71.3448
81.0204	397	69.0000	71.2759
81.2245	398	71.0000	71.2069
81.4286	399	70.0000	71.1379
81.6327	400	71.0000	71.0690
81.8367	401	71.0000	71.0000
82.0408	402	69.0000	70.9286
82.2449	403	72.0000	70.8571
82.4490	404	70.0000	70.7857
82.6531	405	69.0000	70.7143
82.8571	406	70.0000	70.6429
83.0612	407	69.0000	70.5714
83.2653	408	69.0000	70.5000
83.4694	409	71.0000	70.4286
83.6735	410	70.0000	70.3571
83.8776	411	69.0000	70.2857
84.0816	412	70.0000	70.2143
84.2857	413	69.0000	70.1429
84.4898	414	69.0000	70.0714
84.6939	415	70.0000	70.0000
84.8980	416	69.0000	69.9286
85.1020	417	69.0000	69.8571
85.3061	418	69.0000	69.7857
85.5102	419	69.0000	69.7143
85.7143	420	70.0000	69.6429
85.9184	421	69.0000	69.5714
86.1224	422	69.0000	69.5000
86.3265	423	69.0000	69.4286
86.5306	424	70.0000	69.3571
86.7347	425	69.0000	69.2857
86.9388	426	69.0000	69.2143
87.1429	427	68.0000	69.1429
87.3469	428	69.0000	69.0714
87.5510	429	69.0000	69.0000
87.7551	430	70.0000	69.0000
87.9592	431	68.0000	69.0000
88.1633	432	70.0000	69.0000
88.3673	433	70.0000	69.0000
88.5714	434	69.0000	69.0000
88.7755	435	69.0000	69.0000
88.9796	436	69.0000	69.0000
89.1837	437	69.0000	69.0000
89.3878	438	69.0000	69.0000
89.5918	439	69.0000	69.0000
89.7959	440	68.0000	69.0000
90.0000	441	69.0000	69.0000
90.2041	442	70.0000	69.0000
90.4082	443	69.0000	69.0000
90.6122	444	70.0000	69.0000
90.8163	445	70.0000	69.0000
91.0204	446	69.0000	69.0000
91.2245	447	69.0000	69.0000
91.4286	448	69.0000	69.0000
91.6327	449	70.0000	69.0000
91.8367	450	69.0000	69.0000
92.0408	451	69.0000	69.0000
92.2449	452	69.0000	69.0000
92.4490	453	68.0000	69.0000
92.6531	454	68.0000	69.0000
92.8571	455	69.0000	69.0000
93.0612	456	69.0000	69.0000
93.2653	457	69.0000	69.0000
93.4694	458	70.0000	69.0000
93.6735	459	69.0000	69.0000
93.8776	460	68.0000	69.0000
94.0816	461	70.0000	69.0000
94.2857	462	69.0000	69.0000
94.4898	463	70.0000	69.0000
94.6939	464	69.0000	69.0000
94.8980	465	69.0000	69.0000
95.1020	466	69.0000	69.0000
95.3061	467	70.0000	69.0000
95.5102	468	69.0000	69.0000
95.7143	469	70.0000	69.0000
95.9184	470	69.0000	69.0000
96.1224	471	70.0000	69.0000
96.3265	472	69.0000	69.0000
96.5306	473	70.0000	69.0000
96.7347	474	70.0000	69.0000
96.9388	475	69.0000	69.0000
97.1429	476	69.0000	69.0000
97.3469	477	69.0000	69.0000
97.5510	478	70.0000	69.0000
97.7551	479	70.0000	69.0000
97.9592	480	69.0000	69.0000
98.1633	481	71.0000	69.0000
98.3673	482	72.0000	69.0000
98.5714	483	69.0000	69.0000
98.7755	484	70.0000	69.0000
98.9796	485	69.0000	69.0000
99.1837	486	69.0000	69.0000
99.3878	487	69.0000	69.0000
99.5918	488	70.0000	69.0000
99.7959	489	69.0000	69.0000
100.0000	490	69.0000	69.0000
---------- 3: r2a_d3 ----------
Offset(%)	Offset(pix)	Profile	Background
0.0000	0	74.0000	74.0000
0.2041	1	75.0000	73.8636
0.4082	2	75.0000	73.7273
0.6122	3	74.0000	73.5909
0.8163	4	75.0000	73.4545
1.0204	5	74.0000	73.3182
1.2245	6	74.0000	73.1818
1.4286	7	74.0000	73.0455
1.6327	8	75.0000	72.9091
1.8367	9	75.0000	72.7727
2.0408	10	73.0000	72.6364
2.2449	11	75.0000	72.5000
2.4490	12	75.0000	72.3636
2.6531	13	73.0000	72.2273
2.8571	14	73.0000	72.0909
3.0612	15	74.0000	71.9545
3.2653	16	74.0000	71.8182
3.4694	17	74.0000	71.6818
3.6735	18	76.0000	71.5455
3.8776	19	75.0000	71.4091
4.0816	20	75.0000	71.2727
4.2857	21	73.0000	71.1364
4.4898	22	71.0000	71.0000
4.6939	23	72.0000	71.0750
4.8980	24	74.0000	71.1500
5.1020	25	79.0000	71.2250
5.3061	26	79.0000	71.3000
5.5102	27	79.0000	71.3750
5.7143	28	75.0000	71.4500
5.9184	29	75.0000	71.5250
6.1224	30	74.0000	71.6000
6.3265	31	72.0000	71.6750
6.5306	32	72.0000	71.7500
6.7347	33	72.0000	71.8250
6.9388	34	74.0000	71.9000
7.1429	35	81.0000	71.9750
7.3469	36	93.0000	72.0500
7.5510	37	100.0000	72.1250
7.7551	38	89.0000	72.2000
7.9592	39	84.0000	72.2750
8.1633	40	79.0000	72.3500
8.3673	41	76.0000	72.4250
8.5714	42	76.0000	72.5000
8.7755	43	77.0000	72.5750
8.9796	44	78.0000	72.6500
9.1837	45	78.0000	72.7250
9.3878	46	78.0000	72.8000
9.5918	47	77.0000	72.8750
9.7959	48	75.0000	72.9500
10.0000	49	73.0000	73.0250
10.2041	50	73.0000	73.1000
10.4082	51	74.0000	73.1750
10.6122	52	74.0000	73.2500
10.8163	53	74.0000	73.3250
11.0204	54	75.0000	73.4000
11.2245	55	74.0000	73.4750
11.4286	56	74.0000	73.5500
11.6327	57	74.0000	73.6250
11.8367	58	74.0000	73.7000
12.0408	59	75.0000	73.7750
12.2449	60	73.0000	73.8500
12.4490	61	75.0000	73.9250
12.6531	62	74.0000	74.0000
12.8571	63	73.0000	74.2400
13.0612	64	73.0000	74.4800
13.2653	65	75.0000	74.7200
13.4694	66	74.0000	74.9600
13.6735	67	74.0000	75.2000
13.8776	68	74.0000	75.4400
14.0816	69	75.0000	75.6800
14.2857	70	75.0000	75.9200
14.4898	71	75.0000	76.1600
14.6939	72	74.0000	76.4000
14.8980	73	75.0000	76.6400
15.1020	74	74.0000	76.8800
15.3061	75	75.0000	77.1200
15.5102	76	76.0000	77.3600
15.7143	77	74.0000	77.6000
15.9184	78	75.0000	77.8400
16.1224	79	75.0000	78.0800
16.3265	80	76.0000	78.3200
16.5306	81	75.0000	78.5600
16.7347	82	76.0000	78.8000
16.9388	83	76.0000	79.0400
17.1429	84	78.0000	79.2800
17.3469	85	78.0000	79.5200
17.5510	86	78.0000	79.7600
17.7551	87	80.0000	80.0000
17.9592	88	80.0000	80.1455
18.1633	89	81.0000	80.2909
18.3673	90	82.0000	80.4364
18.5714	91	83.0000	80.5818
18.7755	92	83.0000	80.7273
18.9796	93	86.0000	80.8727
19.1837	94	85.0000	81.0182
19.3878	95	88.0000	81.1636
19.5918	96	90.0000	81.3091
19.7959	97	91.0000	81.4545
20.0000	98	92.0000	81.6000
20.2041	99	94.0000	81.7455
20.4082	100	96.0000	81.8909
20.6122	101	95.0000	82.0364
20.8163	102	98.0000	82.1818
21.0204	103	98.0000	82.3273
21.2245	104	98.0000	82.4727
21.4286	105	98.0000	82.6182
21.6327	106	99.0000	82.7636
21.8367	107	101.0000	82.9091
22.0408	108	98.0000	83.0545
22.2449	109	100.0000	83.2000
22.4490	110	98.0000	83.3455
22.6531	111	99.0000	83.4909
22.8571	112	97.0000	83.6364
23.0612	113	98.0000	83.7818
23.2653	114	98.0000	83.9273
23.4694	115	99.0000	84.0727
23.6735	116	96.0000	84.2182
23.8776	117	97.0000	84.3636
24.0816	118	97.0000	84.5091
24.2857	119	98.0000	84.6545
24.4898	120	95.0000	84.8000
24.6939	121	98.0000	84.9455
24.8980	122	95.0000	85.0909
25.1020	123	96.0000	85.2364
25.3061	124	95.0000	85.3818
25.5102	125	95.0000	85.5273
25.7143	126	94.0000	85.6727
25.9184	127	96.0000	85.8182
26.1224	128	94.0000	85.9636
26.3265	129	94.0000	86.1091
26.5306	130	94.0000	86.2545
26.7347	131	93.0000	86.4000
26.9388	132	92.0000	86.5455
27.1429	133	92.0000	86.6909
27.3469	134	94.0000	86.8364
27.5510	135	92.0000	86.9818
27.7551	136	91.0000	87.1273
27.9592	137	91.0000	87.2727
28.1633	138	93.0000	87.4182
28.3673	139	92.0000	87.5636
28.5714	140	90.0000	87.7091
28.7755	141	88.0000	87.8545
28.9796	142	88.0000	88.0000
29.1837	143	89.0000	87.9259
29.3878	144	90.0000	87.8519
29.5918	145	88.0000	87.7778
29.7959	146	87.0000	87.7037
30.0000	147	87.0000	87.6296
30.2041	148	91.0000	87.5556
30.4082	149	88.0000	87.4815
30.6122	150	89.0000	87.4074
30.8163	151	87.0000	87.3333
31.0204	152	85.0000	87.2593
31.2245	153	86.0000	87.1852
31.4286	154	87.0000	87.1111
31.6327	155	86.0000	87.0370
31.8367	156	86.0000	86.9630
32.0408	157	86.0000	86.8889
32.2449	158	85.0000	86.8148
32.4490	159	85.0000	86.7407
32.6531	160	86.0000	86.6667
32.8571	161	85.0000	86.5926
33.0612	162	85.0000	86.5185
33.2653	163	85.0000	86.4444
33.4694	164	85.0000	86.3704
33.6735	165	83.0000	86.2963
33.8776	166	84.0000	86.2222
34.0816	167	84.0000	86.1481
34.2857	168	85.0000	86.0741
34.4898	169	86.0000	86.0000
34.6939	170	84.0000	85.7692
34.8980	171	83.0000	85.5385
35.1020	172	84.0000	85.3077
35.3061	173	83.0000	85.0769
35.5102	174	84.0000	84.8462
35.7143	175	83.0000	84.6154
35.9184	176	84.0000	84.3846
36.1224	177	83.0000	84.1538
36.3265	178	82.0000	83.9231
36.5306	179	83.0000	83.6923
36.7347	180	83.0000	83.4615
36.9388	181	82.0000	83.2308
37.1429	182	82.0000	83.0000
37.3469	183	83.0000	82.7692
37.5510	184	84.0000	82.5385
37.7551	185	82.0000	82.3077
37.9592	186	83.0000	82.0769
38.1633	187	82.0000	81.8462
38.3673	188	83.0000	81.6154
38.5714	189	82.0000	81.3846
38.7755	190	83.0000	81.1538
38.9796	191	82.0000	80.9231
39.1837	192	83.0000	80.6923
39.3878	193	83.0000	80.4615
39.5918	194	81.0000	80.2308
39.7959	195	80.0000	80.0000
40.0000	196	83.0000	80.0833
40.2041	197	83.0000	80.1667
40.4082	198	81.0000	80.2500
40.6122	199	82.0000	80.3333
40.8163	200	82.0000	80.4167
41.0204	201	84.0000	80.5000
41.2245	202	86.0000	80.5833
41.4286	203	86.0000	80.6667
41.6327	204	82.0000	80.7500
41.8367	205	82.0000	80.8333
42.0408	206	82.0000	80.9167
42.2449	207	83.0000	81.0000
42.4490	208	85.0000	81.0833
42.6531	209	84.0000	81.1667
42.8571	210	84.0000	81.2500
43.0612	211	84.0000	81.3333
43.2653	212	83.0000	81.4167
43.4694	213	85.0000	81.5000
43.6735	214	85.0000	81.5833
43.8776	215	84.0000	81.6667
44.0816	216	84.0000	81.7500
44.2857	217	82.0000	81.8333
44.4898	218	83.0000	81.9167
44.6939	219	82.0000	82.0000
44.8980	220	83.0000	81.9000
45.1020	221	85.0000	81.8000
45.3061	222	85.0000	81.7000
45.5102	223	84.0000	81.6000
45.7143	224	82.0000	81.5000
45.9184	225	82.0000	81.4000
46.1224	226	84.0000	81.3000
46.3265	227	84.0000	81.2000
46.5306	228	83.0000	81.1000
46.7347	229	82.0000	81.0000
46.9388	230	82.0000	80.9000
47.1429	231	81.0000	80.8000
47.3469	232	83.0000	80.7000
47.5510	233	81.0000	80.6000
47.7551	234	82.0000	80.5000
47.9592	235	81.0000	80.4000
48.1633	236	80.0000	80.3000
48.3673	237	81.0000	80.2000
48.5714	238	80.0000	80.1000
48.7755	239	80.0000	80.0000
48.9796	240	79.0000	79.9000
49.1837	241	80.0000	79.8000
49.3878	242	78.0000	79.7000
49.5918	243	79.0000	79.6000
49.7959	244	79.0000	79.5000
50.0000	245	79.0000	79.4000
50.2041	246	79.0000	79.3000
50.4082	247	78.0000	79.2000
50.6122	248	80.0000	79.1000
50.8163	249	79.0000	79.0000
51.0204	250	78.0000	78.9394
51.2245	251	79.0000	78.8788
51.4286	252	78.0000	78.8182
51.6327	253	79.0000	78.7576
51.8367	254	79.0000	78.6970
52.0408	255	79.0000	78.6364
52.2449	256	78.0000	78.5758
52.4490	257	79.0000	78.5152
52.6531	258	79.0000	78.4545
52.8571	259	79.0000	78.3939
53.0612	260	79.0000	78.3333
53.2653	261	78.0000	78.2727
53.4694	262	78.0000	78.2121
53.6735	263	77.0000	78.1515
53.8776	264	79.0000	78.0909
54.0816	265	78.0000	78.0303
54.2857	266	78.0000	77.9697
54.4898	267	78.0000	77.9091
54.6939	268	78.0000	77.8485
54.8980	269	77.0000	77.7879
55.1020	270	77.0000	77.7273
55.3061	271	76.0000	77.6667
55.5102	272	78.0000	77.6061
55.7143	273	77.0000	77.5455
55.9184	274	77.0000	77.4848
56.1224	275	78.0000	77.4242
56.3265	276	78.0000	77.3636
56.5306	277	79.0000	77.3030
56.7347	278	78.0000	77.2424
56.9388	279	78.0000	77.1818
57.1429	280	75.0000	77.1212
57.3469	281	75.0000	77.0606
57.5510	282	77.0000	77.0000
57.7551	283	77.0000	77.0000
57.9592	284	76.0000	77.0000
58.1633	285	75.0000	77.0000
58.3673	286	77.0000	77.0000
58.5714	287	76.0000	77.0000
58.7755	288	78.0000	77.0000
58.9796	289	76.0000	77.0000
59.1837	290	75.0000	77.0000
59.3878	291	76.0000	77.0000
59.5918	292	76.0000	77.0000
59.7959	293	76.0000	77.0000
60.0000	294	77.0000	77.0000
60.2041	295	76.0000	77.0000
60.4082	296	75.0000	77.0000
60.6122	297	75.0000	77.0000
60.8163	298	76.0000	77.0000
61.0204	299	77.0000	77.0000
61.2245	300	76.0000	77.0000
61.4286	301	77.0000	77.0000
61.6327	302	75.0000	76.9714
61.8367	303	75.0000	76.9429
62.0408	304	76.0000	76.9143
62.2449	305	74.0000	76.8857
62.4490	306	76.0000	76.8571
62.6531	307	76.0000	76.8286
62.8571	308	76.0000	76.8000
63.0612	309	76.0000	76.7714
63.2653	310	76.0000	76.7429
63.4694	311	77.0000	76.7143
63.6735	312	76.0000	76.6857
63.8776	313	76.0000	76.6571
64.0816	314	76.0000	76.6286
64.2857	315	75.0000	76.6000
64.4898	316	77.0000	76.5714
64.6939	317	77.0000	76.5429
64.8980	318	76.0000	76.5143
65.1020	319	75.0000	76.4857
65.3061	320	75.0000	76.4571
65.5102	321	76.0000	76.4286
65.7143	322	76.0000	76.4000
65.9184	323	76.0000	76.3714
66.1224	324	75.0000	76.3429
66.3265	325	76.0000	76.3143
66.5306	326	77.0000	76.2857
66.7347	327	76.0000	76.2571
66.9388	328	77.0000	76.2286
67.1429	329	76.0000	76.2000
67.3469	330	75.0000	76.1714
67.5510	331	77.0000	76.1429
67.7551	332	76.0000	76.1143
67.9592	333	75.0000	76.0857
68.1633	334	75.0000	76.0571
68.3673	335	77.0000	76.0286
68.5714	336	76.0000	76.0000
68.7755	337	76.0000	75.8974
68.9796	338	75.0000	75.7949
69.1837	339	74.0000	75.6923
69.3878	340	75.0000	75.5897
69.5918	341	75.0000	75.4872
69.7959	342	75.0000	75.3846
70.0000	343	75.0000	75.2821
70.2041	344	74.0000	75.1795
70.4082	345	74.0000	75.0769
70.6122	346	75.0000	74.9744
70.8163	347	74.0000	74.8718
71.0204	348	76.0000	74.7692
71.2245	349	74.0000	74.6667
71.4286	350	73.0000	74.5641
71.6327	351	74.0000	74.4615
71.8367	352	74.0000	74.3590
72.0408	353	74.0000	74.2564
72.2449	354	74.0000	74.1538
72.4490	355	75.0000	74.0513
72.6531	356	75.0000	73.9487
72.8571	357	73.0000	73.8462
73.0612	358	73.0000	73.7436
73.2653	359	74.0000	73.6410
73.4694	360	75.0000	73.5385
73.6735	361	74.0000	73.4359
73.8776	362	72.0000	73.3333
74.0816	363	73.0000	73.2308
74.2857	364	73.0000	73.1282
74.4898	365	73.0000	73.0256
74.6939	366	72.0000	72.9231
74.8980	367	72.0000	72.8205
75.1020	368	72.0000	72.7179
75.3061	369	72.0000	72.6154
75.5102	370	73.0000	72.5128
75.7143	371	73.0000	72.4103
75.9184	372	72.0000	72.3077
76.1224	373	72.0000	72.2051
76.3265	374	71.0000	72.1026
76.5306	375	72.0000	72.0000
76.7347	376	71.0000	71.7647
76.9388	377	73.0000	71.5294
77.1429	378	71.0000	71.2941
77.3469	379	71.0000	71.0588
77.5510	380	72.0000	70.8235
77.7551	381	72.0000	70.5882
77.9592	382	71.0000	70.3529
78.1633	383	70.0000	70.1176
78.3673	384	70.0000	69.8824
78.5714	385	71.0000	69.6471
78.7755	386	70.0000	69.4118
78.9796	387	70.0000	69.1765
79.1837	388	70.0000	68.9412
79.3878	389	70.0000	68.7059
79.5918	390	71.0000	68.4706
79.7959	391	70.0000	68.2353
80.0000	392	68.0000	68.0000
80.2041	393	71.0000	68.0000
80.4082	394	70.0000	68.0000
80.6122	395	69.0000	68.0000
80.8163	396	69.0000	68.0000
81.0204	397	70.0000	68.0000
81.2245	398	70.0000	68.0000
81.4286	399	70.0000	68.0000
81.6327	400	70.0000	68.0000
81.8367	401	70.0000	68.0000
82.0408	402	69.0000	68.0000
82.2449	403	70.0000	68.0000
82.4490	404	71.0000	68.0000
82.6531	405	70.0000	68.0000
82.8571	406	69.0000	68.0000
83.0612	407	70.0000	68.0000
83.2653	408	71.0000	68.0000
83.4694	409	70.0000	68.0000
83.6735	410	69.0000	68.0000
83.8776	411	70.0000	68.0000
84.0816	412	70.0000	68.0000
84.2857	413	69.0000	68.0000
84.4898	414	69.0000	68.0000
84.6939	415	71.0000	68.0000
84.8980	416	69.0000	68.0000
85.1020	417	68.0000	68.0000
85.3061	418	69.0000	68.0000
85.5102	419	69.0000	68.0000
85.7143	420	70.0000	68.0000
85.9184	421	67.0000	68.0000
86.1224	422	68.0000	68.0000
86.3265	423	69.0000	68.0000
86.5306	424	68.0000	68.0000
86.7347	425	68.0000	68.0000
86.9388	426	68.0000	68.0000
87.1429	427	68.0000	68.0313
87.3469	428	69.0000	68.0625
87.5510	429	69.0000	68.0938
87.7551	430	68.0000	68.1250
87.9592	431	68.0000	68.1563
88.1633	432	69.0000	68.1875
88.3673	433	68.0000	68.2188
88.5714	434	68.0000	68.2500
88.7755	435	70.0000	68.2813
88.9796	436	71.0000	68.3125
89.1837	437	69.0000	68.3438
89.3878	438	68.0000	68.3750
89.5918	439	70.0000	68.4063
89.7959	440	69.0000	68.4375
90.0000	441	68.0000	68.4688
90.2041	442	69.0000	68.5000
90.4082	443	70.0000	68.5313
90.6122	444	68.0000	68.5625
90.8163	445	69.0000	68.5938
91.0204	446	68.0000	68.6250
91.2245	447	69.0000	68.6563
91.4286	448	69.0000	68.6875
91.6327	449	69.0000	68.7188
91.8367	450	69.0000	68.7500
92.0408	451	68.0000	68.7813
92.2449	452	69.0000	68.8125
92.4490	453	69.0000	68.8438
92.6531	454	69.0000	68.8750
92.8571	455	69.0000	68.9063
93.0612	456	68.0000	68.9375
93.2653	457	69.0000	68.9688
93.4694	458	69.0000	69.0000
93.6735	459	69.0000	69.0526
93.8776	460	69.0000	69.1053
94.0816	461	69.0000	69.1579
94.2857	462	69.0000	69.2105
94.4898	463	69.0000	69.2632
94.6939	464	69.0000	69.3158
94.8980	465	69.0000	69.3684
95.1020	466	70.0000	69.4211
95.3061	467	70.0000	69.4737
95.5102	468	69.0000	69.5263
95.7143	469	68.0000	69.5789
95.9184	470	69.0000	69.6316
96.1224	471	69.0000	69.6842
96.3265	472	70.0000	69.7368
96.5306	473	70.0000	69.7895
96.7347	474	68.0000	69.8421
96.9388	475	69.0000	69.8947
97.1429	476	70.0000	69.9474
97.3469	477	70.0000	70.0000
97.5510	478	69.0000	70.0000
97.7551	479	70.0000	70.0000
97.9592	480	68.0000	70.0000
98.1633	481	69.0000	70.0000
98.3673	482	69.0000	70.0000
98.5714	483	69.0000	70.0000
98.7755	484	69.0000	70.0000
98.9796	485	68.0000	70.0000
99.1837	486	69.0000	70.0000
99.3878	487	70.0000	70.0000
99.5918	488	70.0000	70.0000
99.7959	489	70.0000	70.0000
100.0000	490	70.0000	70.0000
---------- 4: r2a_d4 ----------
Offset(%)	Offset(pix)	Profile	Background
0.0000	0	73.0000	73.0000
0.2041	1	73.0000	72.8182
0.4082	2	71.0000	72.6364
0.6122	3	72.0000	72.4545
0.8163	4	72.0000	72.2727
1.0204	5	71.0000	72.0909
1.2245	6	73.0000	71.9091
1.4286	7	73.0000	71.7273
1.6327	8	72.0000	71.5455
1.8367	9	74.0000	71.3636
2.0408	10	72.0000	71.1818
2.2449	11	73.0000	71.0000
2.4490	12	74.0000	70.8182
2.6531	13	74.0000	70.6364
2.8571	14	72.0000	70.4545
3.0612	15	73.0000	70.2727
3.2653	16	73.0000	70.0909
3.4694	17	73.0000	69.9091
3.6735	18	73.0000	69.7273
3.8776	19	73.0000	69.5455
4.0816	20	72.0000	69.3636
4.2857	21	70.0000	69.1818
4.4898	22	69.0000	69.0000
4.6939	23	69.0000	69.0250
4.8980	24	73.0000	69.0500
5.1020	25	77.0000	69.0750
5.3061	26	77.0000	69.1000
5.5102	27	77.0000	69.1250
5.7143	28	74.0000	69.1500
5.9184	29	73.0000	69.1750
6.1224	30	72.0000	69.2000
6.3265	31	72.0000	69.2250
6.5306	32	72.0000	69.2500
6.7347	33	74.0000	69.2750
6.9388	34	78.0000	69.3000
7.1429	35	90.0000	69.3250
7.3469	36	100.0000	69.3500
7.5510	37	103.0000	69.3750
7.7551	38	93.0000	69.4000
7.9592	39	85.0000	69.4250
8.1633	40	80.0000	69.4500
8.3673	41	78.0000	69.4750
8.5714	42	79.0000	69.5000
8.7755	43	81.0000	69.5250
8.9796	44	84.0000	69.5500
9.1837	45	87.0000	69.5750
9.3878	46	87.0000	69.6000
9.5918	47	85.0000	69.6250
9.7959	48	83.0000	69.6500
10.0000	49	81.0000	69.6750
10.2041	50	81.0000	69.7000
10.4082	51	80.0000	69.7250
10.6122	52	81.0000	69.7500
10.8163	53	80.0000	69.7750
11.0204	54	81.0000	69.8000
11.2245	55	81.0000	69.8250
11.4286	56	81.0000	69.8500
11.6327	57	80.0000	69.8750
11.8367	58	80.0000	69.9000
12.0408	59	80.0000	69.9250
12.2449	60	80.0000	69.9500
12.4490	61	80.0000	69.9750
12.6531	62	81.0000	70.0000
12.8571	63	82.0000	70.0250
13.0612	64	82.0000	70.0500
13.2653	65	82.0000	70.0750
13.4694	66	83.0000	70.1000
13.6735	67	82.0000	70.1250
13.8776	68	81.0000	70.1500
14.0816	69	83.0000	70.1750
14.2857	70	82.0000	70.2000
14.4898	71	81.0000	70.2250
14.6939	72	83.0000	70.2500
14.8980	73	83.0000	70.2750
15.1020	74	83.0000	70.3000
15.3061	75	85.0000	70.3250
15.5102	76	85.0000	70.3500
15.7143	77	86.0000	70.3750
15.9184	78	86.0000	70.4000
16.1224	79	87.0000	70.4250
16.3265	80	88.0000	70.4500
16.5306	81	90.0000	70.4750
16.7347	82	92.0000	70.5000
16.9388	83	94.0000	70.5250
17.1429	84	95.0000	70.5500
17.3469	85	99.0000	70.5750
17.5510	86	102.0000	70.6000
17.7551	87	106.0000	70.6250
17.9592	88	114.0000	70.6500
18.1633	89	118.0000	70.6750
18.3673	90	127.0000	70.7000
18.5714	91	133.0000	70.7250
18.7755	92	134.0000	70.7500
18.9796	93	134.0000	70.7750
19.1837	94	134.0000	70.8000
19.3878	95	126.0000	70.8250
19.5918	96	125.0000	70.8500
19.7959	97	118.0000	70.8750
20.0000	98	115.0000	70.9000
20.2041	99	114.0000	70.9250
20.4082	100	111.0000	70.9500
20.6122	101	105.0000	70.9750
20.8163	102	102.0000	71.0000
21.0204	103	101.0000	71.0250
21.2245	104	99.0000	71.0500
21.4286	105	95.0000	71.0750
21.6327	106	94.0000	71.1000
21.8367	107	91.0000	71.1250
22.0408	108	90.0000	71.1500
22.2449	109	88.0000	71.1750
22.4490	110	89.0000	71.2000
22.6531	111	87.0000	71.2250
22.8571	112	85.0000	71.2500
23.0612	113	84.0000	71.2750
23.2653	114	85.0000	71.3000
23.4694	115	83.0000	71.3250
23.6735	116	81.0000	71.3500
23.8776	117	81.0000	71.3750
24.0816	118	81.0000	71.4000
24.2857	119	81.0000	71.4250
24.4898	120	81.0000	71.4500
24.6939	121	79.0000	71.4750
24.8980	122	78.0000	71.5000
25.1020	123	80.0000	71.5250
25.3061	124	78.0000	71.5500
25.5102	125	79.0000	71.5750
25.7143	126	78.0000	71.6000
25.9184	127	79.0000	71.6250
26.1224	128	77.0000	71.6500
26.3265	129	76.0000	71.6750
26.5306	130	78.0000	71.7000
26.7347	131	76.0000	71.7250
26.9388	132	78.0000	71.7500
27.1429	133	76.0000	71.7750
27.3469	134	76.0000	71.8000
27.5510	135	75.0000	71.8250
27.7551	136	75.0000	71.8500
27.9592	137	75.0000	71.8750
28.1633	138	74.0000	71.9000
28.3673	139	74.0000	71.9250
28.5714	140	73.0000	71.9500
28.7755	141	73.0000	71.9750
28.9796	142	72.0000	72.0000
29.1837	143	73.0000	71.8966
29.3878	144	73.0000	71.7931
29.5918	145	72.0000	71.6897
29.7959	146	72.0000	71.5862
30.0000	147	72.0000	71.4828
30.2041	148	74.0000	71.3793
30.4082	149	73.0000	71.2759
30.6122	150	71.0000	71.1724
30.8163	151	72.0000	71.0690
31.0204	152	71.0000	70.9655
31.2245	153	71.0000	70.8621
31.4286	154	72.0000	70.7586
31.6327	155	70.0000	70.6552
31.8367	156	70.0000	70.5517
32.0408	157	72.0000	70.4483
32.2449	158	72.0000	70.3448
32.4490	159	71.0000	70.2414
32.6531	160	71.0000	70.1379
32.8571	161	71.0000	70.0345
33.0612	162	70.0000	69.9310
33.2653	163	71.0000	69.8276
33.4694	164	70.0000	69.7241
33.6735	165	70.0000	69.6207
33.8776	166	70.0000	69.5172
34.0816	167	71.0000	69.4138
34.2857	168	71.0000	69.3103
34.4898	169	71.0000	69.2069
34.6939	170	70.0000	69.1034
34.8980	171	69.0000	69.0000
35.1020	172	70.0000	69.0588
35.3061	173	71.0000	69.1176
35.5102	174	69.0000	69.1765
35.7143	175	70.0000	69.2353
35.9184	176	71.0000	69.2941
36.1224	177	71.0000	69.3529
36.3265	178	71.0000	69.4118
36.5306	179	70.0000	69.4706
36.7347	180	69.0000	69.5294
36.9388	181	70.0000	69.5882
37.1429	182	69.0000	69.6471
37.3469	183	71.0000	69.7059
37.5510	184	70.0000	69.7647
37.7551	185	70.0000	69.8235
37.9592	186	69.0000	69.8824
38.1633	187	70.0000	69.9412
38.3673	188	70.0000	70.0000
38.5714	189	70.0000	69.9688
38.7755	190	71.0000	69.9375
38.9796	191	69.0000	69.9063
39.1837	192	70.0000	69.8750
39.3878	193	69.0000	69.8438
39.5918	194	70.0000	69.8125
39.7959	195	71.0000	69.7813
40.0000	196	69.0000	69.7500
40.2041	197	69.0000	69.7188
40.4082	198	69.0000	69.6875
40.6122	199	70.0000	69.6563
40.8163	200	70.0000	69.6250
41.0204	201	70.0000	69.5938
41.2245	202	71.0000	69.5625
41.4286	203	70.0000	69.5313
41.6327	204	70.0000	69.5000
41.8367	205	70.0000	69.4688
42.0408	206	72.0000	69.4375
42.2449	207	70.0000	69.4063
42.4490	208	70.0000	69.3750
42.6531	209	71.0000	69.3438
42.8571	210	70.0000	69.3125
43.0612	211	70.0000	69.2813
43.2653	212	70.0000	69.2500
43.4694	213	70.0000	69.2188
43.6735	214	69.0000	69.1875
43.8776	215	71.0000	69.1563
44.0816	216	70.0000	69.1250
44.2857	217	72.0000	69.0938
44.4898	218	70.0000	69.0625
44.6939	219	70.0000	69.0313
44.8980	220	69.0000	69.0000
45.1020	221	71.0000	69.0000
45.3061	222	70.0000	69.0000
45.5102	223	70.0000	69.0000
45.7143	224	70.0000	69.0000
45.9184	225	71.0000	69.0000
46.1224	226	71.0000	69.0000
46.3265	227	69.0000	69.0000
46.5306	228	70.0000	69.0000
46.7347	229	70.0000	69.0000
46.9388	230	72.0000	69.0000
47.1429	231	70.0000	69.0000
47.3469	232	70.0000	69.0000
47.5510	233	70.0000	69.0000
47.7551	234	71.0000	69.0000
47.9592	235	71.0000	69.0000
48.1633	236	70.0000	69.0000
48.3673	237	71.0000	69.0000
48.5714	238	71.0000	69.0000
48.7755	239	70.0000	69.0000
48.9796	240	71.0000	69.0000
49.1837	241	71.0000	69.0000
49.3878	242	70.0000	69.0000
49.5918	243	71.0000	69.0000
49.7959	244	72.0000	69.0000
50.0000	245	71.0000	69.0000
50.2041	246	70.0000	69.0000
50.4082	247	71.0000	69.0000
50.6122	248	70.0000	69.0000
50.8163	249	71.0000	69.0000
51.0204	250	71.0000	69.0000
51.2245	251	71.0000	69.0000
51.4286	252	70.0000	69.0000
51.6327	253	71.0000	69.0000
51.8367	254	72.0000	69.0000
52.0408	255	70.0000	69.0000
52.2449	256	69.0000	69.0000
52.4490	257	70.0000	69.0000
52.6531	258	71.0000	69.0000
52.8571	259	70.0000	69.0000
53.0612	260	71.0000	69.0000
53.2653	261	71.0000	69.0000
53.4694	262	70.0000	69.0000
53.6735	263	71.0000	69.0000
53.8776	264	70.0000	69.0000
54.0816	265	70.0000	69.0000
54.2857	266	70.0000	69.0000
54.4898	267	70.0000	69.0000
54.6939	268	70.0000	69.0000
54.8980	269	71.0000	69.0000
55.1020	270	70.0000	69.0000
55.3061	271	70.0000	69.0000
55.5102	272	69.0000	69.0000
55.7143	273	71.0000	69.0000
55.9184	274	69.0000	69.0000
56.1224	275	70.0000	69.0000
56.3265	276	69.0000	69.0000
56.5306	277	70.0000	69.0357
56.7347	278	71.0000	69.0714
56.9388	279	71.0000	69.1071
57.1429	280	70.0000	69.1429
57.3469	281	71.0000	69.1786
57.5510	282	69.0000	69.2143
57.7551	283	71.0000	69.2500
57.9592	284	70.0000	69.2857
58.1633	285	70.0000	69.3214
58.3673	286	71.0000	69.3571
58.5714	287	70.0000	69.3929
58.7755	288	70.0000	69.4286
58.9796	289	70.0000	69.4643
59.1837	290	69.0000	69.5000
59.3878	291	70.0000	69.5357
59.5918	292	71.0000	69.5714
59.7959	293	70.0000	69.6071
60.0000	294	69.0000	69.6429
60.2041	295	69.0000	69.6786
60.4082	296	69.0000	69.7143
60.6122	297	71.0000	69.7500
60.8163	298	70.0000	69.7857
61.0204	299	71.0000	69.8214
61.2245	300	70.0000	69.8571
61.4286	301	71.0000	69.8929
61.6327	302	70.0000	69.9286
61.8367	303	71.0000	69.9643
62.0408	304	70.0000	70.0000
62.2449	305	69.0000	69.8947
62.4490	306	71.0000	69.7895
62.6531	307	70.0000	69.6842
62.8571	308	70.0000	69.5789
63.0612	309	70.0000	69.4737
63.2653	310	69.0000	69.3684
63.4694	311	70.0000	69.2632
63.6735	312	71.0000	69.1579
63.8776	313	69.0000	69.0526
64.0816	314	70.0000	68.9474
64.2857	315	70.0000	68.8421
64.4898	316	69.0000	68.7368
64.6939	317	70.0000	68.6316
64.8980	318	69.0000	68.5263
65.1020	319	69.0000	68.4211
65.3061	320	70.0000	68.3158
65.5102	321	70.0000	68.2105
65.7143	322	69.0000	68.1053
65.9184	323	68.0000	68.0000
66.1224	324	69.0000	68.0278
66.3265	325	70.0000	68.0556
66.5306	326	71.0000	68.0833
66.7347	327	69.0000	68.1111
66.9388	328	70.0000	68.1389
67.1429	329	70.0000	68.1667
67.3469	330	69.0000	68.1944
67.5510	331	70.0000	68.2222
67.7551	332	71.0000	68.2500
67.9592	333	69.0000	68.2778
68.1633	334	70.0000	68.3056
68.3673	335	71.0000	68.3333
68.5714	336	70.0000	68.3611
68.7755	337	70.0000	68.3889
68.9796	338	70.0000	68.4167
69.1837	339	69.0000	68.4444
69.3878	340	70.0000	68.4722
69.5918	341	69.0000	68.5000
69.7959	342	70.0000	68.5278
70.0000	343	69.0000	68.5556
70.2041	344	69.0000	68.5833
70.4082	345	70.0000	68.6111
70.6122	346	70.0000	68.6389
70.8163	347	70.0000	68.6667
71.0204	348	71.0000	68.6944
71.2245	349	70.0000	68.7222
71.4286	350	70.0000	68.7500
71.6327	351	70.0000	68.7778
71.8367	352	70.0000	68.8056
72.0408	353	70.0000	68.8333
72.2449	354	71.0000	68.8611
72.4490	355	69.0000	68.8889
72.6531	356	69.0000	68.9167
72.8571	357	70.0000	68.9444
73.0612	358	69.0000	68.9722
73.2653	359	69.0000	69.0000
73.4694	360	70.0000	69.0286
73.6735	361	70.0000	69.0571
73.8776	362	70.0000	69.0857
74.0816	363	70.0000	69.1143
74.2857	364	70.0000	69.1429
74.4898	365	70.0000	69.1714
74.6939	366	71.0000	69.2000
74.8980	367	70.0000	69.2286
75.1020	368	69.0000	69.2571
75.3061	369	70.0000	69.2857
75.5102	370	71.0000	69.3143
75.7143	371	71.0000	69.3429
75.9184	372	71.0000	69.3714
76.1224	373	70.0000	69.4000
76.3265	374	70.0000	69.4286
76.5306	375	70.0000	69.4571
76.7347	376	71.0000	69.4857
76.9388	377	70.0000	69.5143
77.1429	378	70.0000	69.5429
77.3469	379	70.0000	69.5714
77.5510	380	70.0000	69.6000
77.7551	381	70.0000	69.6286
77.9592	382	70.0000	69.6571
78.1633	383	70.0000	69.6857
78.3673	384	70.0000	69.7143
78.5714	385	71.0000	69.7429
78.7755	386	70.0000	69.7714
78.9796	387	69.0000	69.8000
79.1837	388	71.0000	69.8286
79.3878	389	70.0000	69.8571
79.5918	390	70.0000	69.8857
79.7959	391	70.0000	69.9143
80.0000	392	70.0000	69.9429
80.2041	393	70.0000	69.9714
80.4082	394	70.0000	70.0000
80.6122	395	71.0000	70.0000
80.8163	396	70.0000	70.0000
81.0204	397	69.0000	70.0000
81.2245	398	70.0000	70.0000
81.4286	399	69.0000	70.0000
81.6327	400	70.0000	70.0000
81.8367	401	71.0000	70.0000
82.0408	402	70.0000	70.0000
82.2449	403	71.0000	70.0000
82.4490	404	70.0000	70.0000
82.6531	405	70.0000	70.0000
82.8571	406	71.0000	70.0000
83.0612	407	68.0000	70.0000
83.2653	408	70.0000	70.0000
83.4694	409	69.0000	70.0000
83.6735	410	69.0000	70.0000
83.8776	411	70.0000	70.0000
84.0816	412	69.0000	70.0000
84.2857	413	70.0000	70.0000
84.4898	414	69.0000	70.0000
84.6939	415	69.0000	70.0000
84.8980	416	70.0000	70.0000
85.1020	417	70.0000	70.0000
85.3061	418	69.0000	70.0000
85.5102	419	70.0000	70.0000
85.7143	420	69.0000	69.9787
85.9184	421	70.0000	69.9574
86.1224	422	71.0000	69.9362
86.3265	423	69.0000	69.9149
86.5306	424	68.0000	69.8936
86.7347	425	69.0000	69.8723
86.9388	426	68.0000	69.8511
87.1429	427	69.0000	69.8298
87.3469	428	70.0000	69.8085
87.5510	429	69.0000	69.7872
87.7551	430	70.0000	69.7660
87.9592	431	69.0000	69.7447
88.1633	432	70.0000	69.7234
88.3673	433	70.0000	69.7021
88.5714	434	69.0000	69.6809
88.7755	435	70.0000	69.6596
88.9796	436	69.0000	69.6383
89.1837	437	70.0000	69.6170
89.3878	438	71.0000	69.5957
89.5918	439	69.0000	69.5745
89.7959	440	69.0000	69.5532
90.0000	441	69.0000	69.5319
90.2041	442	70.0000	69.5106
90.4082	443	69.0000	69.4894
90.6122	444	69.0000	69.4681
90.8163	445	70.0000	69.4468
91.0204	446	69.0000	69.4255
91.2245	447	70.0000	69.4043
91.4286	448	70.0000	69.3830
91.6327	449	68.0000	69.3617
91.8367	450	69.0000	69.3404
92.0408	451	70.0000	69.3191
92.2449	452	69.0000	69.2979
92.4490	453	69.0000	69.2766
92.6531	454	69.0000	69.2553
92.8571	455	69.0000	69.2340
93.0612	456	69.0000	69.2128
93.2653	457	71.0000	69.1915
93.4694	458	70.0000	69.1702
93.6735	459	69.0000	69.1489
93.8776	460	68.0000	69.1277
94.0816	461	68.0000	69.1064
94.2857	462	70.0000	69.0851
94.4898	463	70.0000	69.0638
94.6939	464	69.0000	69.0426
94.8980	465	70.0000	69.0213
95.1020	466	69.0000	69.0000
95.3061	467	70.0000	69.2000
95.5102	468	69.0000	69.4000
95.7143	469	68.0000	69.6000
95.9184	470	69.0000	69.8000
96.1224	471	70.0000	70.0000
96.3265	472	69.0000	70.2000
96.5306	473	70.0000	70.4000
96.7347	474	70.0000	70.6000
96.9388	475	69.0000	70.8000
97.1429	476	71.0000	71.0000
97.3469	477	71.0000	70.8571
97.5510	478	69.0000	70.7143
97.7551	479	68.0000	70.5714
97.9592	480	69.0000	70.4286
98.1633	481	69.0000	70.2857
98.3673	482	68.0000	70.1429
98.5714	483	69.0000	70.0000
98.7755	484	69.0000	69.8571
98.9796	485	69.0000	69.7143
99.1837	486	69.0000	69.5714
99.3878	487	70.0000	69.4286
99.5918	488	69.0000	69.2857
99.7959	489	70.0000	69.1429
100.0000	490	69.0000	69.0000
---------- 5: r2a_d5 ----------
Offset(%)	Offset(pix)	Profile	Background
0.0000	0	71.0000	71.0000
0.2041	1	72.0000	70.8636
0.4082	2	73.0000	70.7273
0.6122	3	71.0000	70.5909
0.8163	4	71.0000	70.4545
1.0204	5	72.0000	70.3182
1.2245	6	72.0000	70.1818
1.4286	7	72.0000	70.0455
1.6327	8	71.0000	69.9091
1.8367	9	72.0000	69.7727
2.0408	10	72.0000	69.6364
2.2449	11	73.0000	69.5000
2.4490	12	72.0000	69.3636
2.6531	13	73.0000	69.2273
2.8571	14	72.0000	69.0909
3.0612	15	71.0000	68.9545
3.2653	16	74.0000	68.8182
3.4694	17	72.0000	68.6818
3.6735	18	73.0000	68.5455
3.8776	19	72.0000	68.4091
4.0816	20	70.0000	68.2727
4.2857	21	70.0000	68.1364
4.4898	22	68.0000	68.0000
4.6939	23	67.0000	68.1905
4.8980	24	72.0000	68.3810
5.1020	25	78.0000	68.5714
5.3061	26	77.0000	68.7619
5.5102	27	75.0000	68.9524
5.7143	28	73.0000	69.1429
5.9184	29	72.0000	69.3333
6.1224	30	71.0000	69.5238
6.3265	31	69.0000	69.7143
6.5306	32	70.0000	69.9048
6.7347	33	70.0000	70.0952
6.9388	34	75.0000	70.2857
7.1429	35	81.0000	70.4762
7.3469	36	81.0000	70.6667
7.5510	37	83.0000	70.8571
7.7551	38	87.0000	71.0476
7.9592	39	83.0000	71.2381
8.1633	40	77.0000	71.4286
8.3673	41	76.0000	71.6190
8.5714	42	73.0000	71.8095
8.7755	43	74.0000	72.0000
8.9796	44	76.0000	72.1905
9.1837	45	76.0000	72.3810
9.3878	46	76.0000	72.5714
9.5918	47	76.0000	72.7619
9.7959	48	74.0000	72.9524
10.0000	49	74.0000	73.1429
10.2041	50	75.0000	73.3333
10.4082	51	74.0000	73.5238
10.6122	52	74.0000	73.7143
10.8163	53	74.0000	73.9048
11.0204	54	75.0000	74.0952
11.2245	55	74.0000	74.2857
11.4286	56	74.0000	74.4762
11.6327	57	74.0000	74.6667
11.8367	58	74.0000	74.8571
12.0408	59	76.0000	75.0476
12.2449	60	75.0000	75.2381
12.4490	61	75.0000	75.4286
12.6531	62	75.0000	75.6190
12.8571	63	75.0000	75.8095
13.0612	64	76.0000	76.0000
13.2653	65	76.0000	76.2174
13.4694	66	76.0000	76.4348
13.6735	67	76.0000	76.6522
13.8776	68	75.0000	76.8696
14.0816	69	78.0000	77.0870
14.2857	70	76.0000	77.3043
14.4898	71	76.0000	77.5217
14.6939	72	76.0000	77.7391
14.8980	73	77.0000	77.9565
15.1020	74	76.0000	78.1739
15.3061	75	77.0000	78.3913
15.5102	76	75.0000	78.6087
15.7143	77	77.0000	78.8261
15.9184	78	78.0000	79.0435
16.1224	79	78.0000	79.2609
16.3265	80	78.0000	79.4783
16.5306	81	78.0000	79.6957
16.7347	82	78.0000	79.9130
16.9388	83	79.0000	80.1304
17.1429	84	81.0000	80.3478
17.3469	85	80.0000	80.5652
17.5510	86	80.0000	80.7826
17.7551	87	81.0000	81.0000
17.9592	88	82.0000	81.1579
18.1633	89	85.0000	81.3158
18.3673	90	86.0000	81.4737
18.5714	91	85.0000	81.6316
18.7755	92	87.0000	81.7895
18.9796	93	89.0000	81.9474
19.1837	94	91.0000	82.1053
19.3878	95	94.0000	82.2632
19.5918	96	97.0000	82.4211
19.7959	97	99.0000	82.5789
20.0000	98	101.0000	82.7368
20.2041	99	103.0000	82.8947
20.4082	100	102.0000	83.0526
20.6122	101	103.0000	83.2105
20.8163	102	104.0000	83.3684
21.0204	103	106.0000	83.5263
21.2245	104	106.0000	83.6842
21.4286	105	108.0000	83.8421
21.6327	106	107.0000	84.0000
21.8367	107	106.0000	84.1579
22.0408	108	106.0000	84.3158
22.2449	109	106.0000	84.4737
22.4490	110	107.0000	84.6316
22.6531	111	106.0000	84.7895
22.8571	112	105.0000	84.9474
23.0612	113	106.0000	85.1053
23.2653	114	102.0000	85.2632
23.4694	115	105.0000	85.4211
23.6735	116	103.0000	85.5789
23.8776	117	105.0000	85.7368
24.0816	118	105.0000	85.8947
24.2857	119	101.0000	86.0526
24.4898	120	102.0000	86.2105
24.6939	121	102.0000	86.3684
24.8980	122	102.0000	86.5263
25.1020	123	101.0000	86.6842
25.3061	124	101.0000	86.8421
25.5102	125	99.0000	87.0000
25.7143	126	99.0000	87.1579
25.9184	127	101.0000	87.3158
26.1224	128	98.0000	87.4737
26.3265	129	98.0000	87.6316
26.5306	130	98.0000	87.7895
26.7347	131	96.0000	87.9474
26.9388	132	96.0000	88.1053
27.1429	133	95.0000	88.2632
27.3469	134	93.0000	88.4211
27.5510	135	96.0000	88.5789
27.7551	136	94.0000	88.7368
27.9592	137	94.0000	88.8947
28.1633	138	92.0000	89.0526
28.3673	139	92.0000	89.2105
28.5714	140	93.0000	89.3684
28.7755	141	93.0000	89.5263
28.9796	142	92.0000	89.6842
29.1837	143	92.0000	89.8421
29.3878	144	90.0000	90.0000
29.5918	145	92.0000	89.7407
29.7959	146	92.0000	89.4815
30.0000	147	90.0000	89.2222
30.2041	148	90.0000	88.9630
30.4082	149	89.0000	88.7037
30.6122	150	89.0000	88.4444
30.8163	151	88.0000	88.1852
31.0204	152	87.0000	87.9259
31.2245	153	87.0000	87.6667
31.4286	154	87.0000	87.4074
31.6327	155	88.0000	87.1481
31.8367	156	89.0000	86.8889
32.0408	157	87.0000	86.6296
32.2449	158	87.0000	86.3704
32.4490	159	87.0000	86.1111
32.6531	160	87.0000	85.8519
32.8571	161	85.0000	85.5926
33.0612	162	86.0000	85.3333
33.2653	163	84.0000	85.0741
33.4694	164	84.0000	84.8148
33.6735	165	86.0000	84.5556
33.8776	166	86.0000	84.2963
34.0816	167	87.0000	84.0370
34.2857	168	85.0000	83.7778
34.4898	169	84.0000	83.5185
34.6939	170	86.0000	83.2593
34.8980	171	83.0000	83.0000
35.1020	172	84.0000	82.9623
35.3061	173	84.0000	82.9245
35.5102	174	83.0000	82.8868
35.7143	175	83.0000	82.8491
35.9184	176	86.0000	82.8113
36.1224	177	83.0000	82.7736
36.3265	178	85.0000	82.7358
36.5306	179	84.0000	82.6981
36.7347	180	85.0000	82.6604
36.9388	181	82.0000	82.6226
37.1429	182	82.0000	82.5849
37.3469	183	83.0000	82.5472
37.5510	184	83.0000	82.5094
37.7551	185	85.0000	82.4717
37.9592	186	83.0000	82.4340
38.1633	187	82.0000	82.3962
38.3673	188	81.0000	82.3585
38.5714	189	81.0000	82.3208
38.7755	190	82.0000	82.2830
38.9796	191	84.0000	82.2453
39.1837	192	84.0000	82.2076
39.3878	193	83.0000	82.1698
39.5918	194	82.0000	82.1321
39.7959	195	83.0000	82.0943
40.0000	196	83.0000	82.0566
40.2041	197	82.0000	82.0189
40.4082	198	82.0000	81.9811
40.6122	199	83.0000	81.9434
40.8163	200	82.0000	81.9057
41.0204	201	82.0000	81.8679
41.2245	202	81.0000	81.8302
41.4286	203	81.0000	81.7924
41.6327	204	82.0000	81.7547
41.8367	205	82.0000	81.7170
42.0408	206	81.0000	81.6792
42.2449	207	80.0000	81.6415
42.4490	208	82.0000	81.6038
42.6531	209	81.0000	81.5660
42.8571	210	82.0000	81.5283
43.0612	211	80.0000	81.4906
43.2653	212	82.0000	81.4528
43.4694	213	81.0000	81.4151
43.6735	214	82.0000	81.3774
43.8776	215	81.0000	81.3396
44.0816	216	79.0000	81.3019
44.2857	217	81.0000	81.2642
44.4898	218	79.0000	81.2264
44.6939	219	80.0000	81.1887
44.8980	220	81.0000	81.1509
45.1020	221	82.0000	81.1132
45.3061	222	81.0000	81.0755
45.5102	223	81.0000	81.0377
45.7143	224	81.0000	81.0000
45.9184	225	79.0000	80.9333
46.1224	226	80.0000	80.8667
46.3265	227	80.0000	80.8000
46.5306	228	82.0000	80.7333
46.7347	229	80.0000	80.6667
46.9388	230	79.0000	80.6000
47.1429	231	79.0000	80.5333
47.3469	232	79.0000	80.4667
47.5510	233	80.0000	80.4000
47.7551	234	79.0000	80.3333
47.9592	235	79.0000	80.2667
48.1633	236	79.0000	80.2000
48.3673	237	80.0000	80.1333
48.5714	238	80.0000	80.0667
48.7755	239	81.0000	80.0000
48.9796	240	79.0000	79.9333
49.1837	241	79.0000	79.8667
49.3878	242	79.0000	79.8000
49.5918	243	81.0000	79.7333
49.7959	244	80.0000	79.6667
50.0000	245	79.0000	79.6000
50.2041	246	79.0000	79.5333
50.4082	247	80.0000	79.4667
50.6122	248	79.0000	79.4000
50.8163	249	78.0000	79.3333
51.0204	250	78.0000	79.2667
51.2245	251	78.0000	79.2000
51.4286	252	79.0000	79.1333
51.6327	253	81.0000	79.0667
51.8367	254	79.0000	79.0000
52.0408	255	78.0000	78.8889
52.2449	256	79.0000	78.7778
52.4490	257	78.0000	78.6667
52.6531	258	77.0000	78.5556
52.8571	259	79.0000	78.4444
53.0612	260	78.0000	78.3333
53.2653	261	78.0000	78.2222
53.4694	262	80.0000	78.1111
53.6735	263	79.0000	78.0000
53.8776	264	78.0000	77.8889
54.0816	265	77.0000	77.7778
54.2857	266	77.0000	77.6667
54.4898	267	77.0000	77.5556
54.6939	268	79.0000	77.4444
54.8980	269	77.0000	77.3333
55.1020	270	77.0000	77.2222
55.3061	271	77.0000	77.1111
55.5102	272	78.0000	77.0000
55.7143	273	80.0000	76.8889
55.9184	274	78.0000	76.7778
56.1224	275	76.0000	76.6667
56.3265	276	77.0000	76.5556
56.5306	277	78.0000	76.4444
56.7347	278	77.0000	76.3333
56.9388	279	77.0000	76.2222
57.1429	280	77.0000	76.1111
57.3469	281	76.0000	76.0000
57.5510	282	77.0000	76.0769
57.7551	283	77.0000	76.1538
57.9592	284	77.0000	76.2308
58.1633	285	77.0000	76.3077
58.3673	286	77.0000	76.3846
58.5714	287	77.0000	76.4615
58.7755	288	77.0000	76.5385
58.9796	289	76.0000	76.6154
59.1837	290	76.0000	76.6923
59.3878	291	77.0000	76.7692
59.5918	292	78.0000	76.8462
59.7959	293	77.0000	76.9231
60.0000	294	77.0000	77.0000
60.2041	295	77.0000	77.0189
60.4082	296	76.0000	77.0377
60.6122	297	78.0000	77.0566
60.8163	298	76.0000	77.0755
61.0204	299	77.0000	77.0943
61.2245	300	77.0000	77.1132
61.4286	301	78.0000	77.1321
61.6327	302	79.0000	77.1509
61.8367	303	77.0000	77.1698
62.0408	304	77.0000	77.1887
62.2449	305	78.0000	77.2076
62.4490	306	78.0000	77.2264
62.6531	307	79.0000	77.2453
62.8571	308	77.0000	77.2642
63.0612	309	78.0000	77.2830
63.2653	310	78.0000	77.3019
63.4694	311	78.0000	77.3208
63.6735	312	79.0000	77.3396
63.8776	313	78.0000	77.3585
64.0816	314	79.0000	77.3774
64.2857	315	78.0000	77.3962
64.4898	316	79.0000	77.4151
64.6939	317	79.0000	77.4340
64.8980	318	79.0000	77.4528
65.1020	319	80.0000	77.4717
65.3061	320	81.0000	77.4906
65.5102	321	81.0000	77.5094
65.7143	322	80.0000	77.5283
65.9184	323	81.0000	77.5472
66.1224	324	79.0000	77.5660
66.3265	325	81.0000	77.5849
66.5306	326	80.0000	77.6038
66.7347	327	81.0000	77.6226
66.9388	328	80.0000	77.6415
67.1429	329	80.0000	77.6604
67.3469	330	81.0000	77.6792
67.5510	331	81.0000	77.6981
67.7551	332	80.0000	77.7170
67.9592	333	79.0000	77.7358
68.1633	334	80.0000	77.7547
68.3673	335	80.0000	77.7736
68.5714	336	81.0000	77.7924
68.7755	337	83.0000	77.8113
68.9796	338	81.0000	77.8302
69.1837	339	81.0000	77.8491
69.3878	340	81.0000	77.8679
69.5918	341	81.0000	77.8868
69.7959	342	81.0000	77.9057
70.0000	343	80.0000	77.9245
70.2041	344	80.0000	77.9434
70.4082	345	82.0000	77.9623
70.6122	346	82.0000	77.9811
70.8163	347	78.0000	78.0000
71.0204	348	80.0000	77.9200
71.2245	349	81.0000	77.8400
71.4286	350	81.0000	77.7600
71.6327	351	80.0000	77.6800
71.8367	352	79.0000	77.6000
72.0408	353	80.0000	77.5200
72.2449	354	80.0000	77.4400
72.4490	355	80.0000	77.3600
72.6531	356	79.0000	77.2800
72.8571	357	78.0000	77.2000
73.0612	358	78.0000	77.1200
73.2653	359	80.0000	77.0400
73.4694	360	79.0000	76.9600
73.6735	361	79.0000	76.8800
73.8776	362	79.0000	76.8000
74.0816	363	78.0000	76.7200
74.2857	364	78.0000	76.6400
74.4898	365	78.0000	76.5600
74.6939	366	77.0000	76.4800
74.8980	367	79.0000	76.4000
75.1020	368	77.0000	76.3200
75.3061	369	77.0000	76.2400
75.5102	370	75.0000	76.1600
75.7143	371	76.0000	76.0800
75.9184	372	76.0000	76.0000
76.1224	373	76.0000	75.7600
76.3265	374	75.0000	75.5200
76.5306	375	76.0000	75.2800
76.7347	376	76.0000	75.0400
76.9388	377	75.0000	74.8000
77.1429	378	75.0000	74.5600
77.3469	379	76.0000	74.3200
77.5510	380	74.0000	74.0800
77.7551	381	74.0000	73.8400
77.9592	382	74.0000	73.6000
78.1633	383	73.0000	73.3600
78.3673	384	74.0000	73.1200
78.5714	385	72.0000	72.8800
78.7755	386	72.0000	72.6400
78.9796	387	72.0000	72.4000
79.1837	388	72.0000	72.1600
79.3878	389	71.0000	71.9200
79.5918	390	72.0000	71.6800
79.7959	391	71.0000	71.4400
80.0000	392	70.0000	71.2000
80.2041	393	71.0000	70.9600
80.4082	394	70.0000	70.7200
80.6122	395	70.0000	70.4800
80.8163	396	70.0000	70.2400
81.0204	397	70.0000	70.0000
81.2245	398	71.0000	69.9259
81.4286	399	72.0000	69.8519
81.6327	400	70.0000	69.7778
81.8367	401	70.0000	69.7037
82.0408	402	71.0000	69.6296
82.2449	403	70.0000	69.5556
82.4490	404	70.0000	69.4815
82.6531	405	70.0000	69.4074
82.8571	406	69.0000	69.3333
83.0612	407	70.0000	69.2593
83.2653	408	70.0000	69.1852
83.4694	409	70.0000	69.1111
83.6735	410	68.0000	69.0370
83.8776	411	69.0000	68.9630
84.0816	412	69.0000	68.8889
84.2857	413	69.0000	68.8148
84.4898	414	69.0000	68.7407
84.6939	415	69.0000	68.6667
84.8980	416	68.0000	68.5926
85.1020	417	70.0000	68.5185
85.3061	418	69.0000	68.4444
85.5102	419	70.0000	68.3704
85.7143	420	69.0000	68.2963
85.9184	421	69.0000	68.2222
86.1224	422	69.0000	68.1481
86.3265	423	68.0000	68.0741
86.5306	424	68.0000	68.0000
86.7347	425	69.0000	68.0294
86.9388	426	67.0000	68.0588
87.1429	427	69.0000	68.0882
87.3469	428	68.0000	68.1176
87.5510	429	68.0000	68.1471
87.7551	430	68.0000	68.1765
87.9592	431	70.0000	68.2059
88.1633	432	69.0000	68.2353
88.3673	433	68.0000	68.2647
88.5714	434	69.0000	68.2941
88.7755	435	68.0000	68.3235
88.9796	436	68.0000	68.3529
89.1837	437	68.0000	68.3824
89.3878	438	69.0000	68.4118
89.5918	439	69.0000	68.4412
89.7959	440	68.0000	68.4706
90.0000	441	68.0000	68.5000
90.2041	442	68.0000	68.5294
90.4082	443	68.0000	68.5588
90.6122	444	68.0000	68.5882
90.8163	445	68.0000	68.6176
91.0204	446	69.0000	68.6471
91.2245	447	68.0000	68.6765
91.4286	448	69.0000	68.7059
91.6327	449	68.0000	68.7353
91.8367	450	68.0000	68.7647
92.0408	451	69.0000	68.7941
92.2449	452	68.0000	68.8235
92.4490	453	69.0000	68.8529
92.6531	454	67.0000	68.8824
92.8571	455	68.0000	68.9118
93.0612	456	68.0000	68.9412
93.2653	457	68.0000	68.9706
93.4694	458	69.0000	69.0000
93.6735	459	68.0000	69.0000
93.8776	460	68.0000	69.0000
94.0816	461	69.0000	69.0000
94.2857	462	68.0000	69.0000
94.4898	463	68.0000	69.0000
94.6939	464	68.0000	69.0000
94.8980	465	69.0000	69.0000
95.1020	466	69.0000	69.0000
95.3061	467	69.0000	69.0000
95.5102	468	68.0000	69.0000
95.7143	469	68.0000	69.0000
95.9184	470	69.0000	69.0000
96.1224	471	69.0000	69.0000
96.3265	472	68.0000	69.0000
96.5306	473	67.0000	69.0000
96.7347	474	68.0000	69.0000
96.9388	475	69.0000	69.0000
97.1429	476	69.0000	69.0000
97.3469	477	69.0000	69.0000
97.5510	478	69.0000	69.0000
97.7551	479	69.0000	69.0000
97.9592	480	68.0000	69.0000
98.1633	481	70.0000	69.0000
98.3673	482	68.0000	69.0000
98.5714	483	68.0000	69.0000
98.7755	484	69.0000	69.0000
98.9796	485	69.0000	69.0000
99.1837	486	69.0000	69.0000
99.3878	487	68.0000	69.0000
99.5918	488	68.0000	69.0000
99.7959	489	70.0000	69.0000
100.0000	490	69.0000	69.0000
---------- 6: r2a_d6 ----------
Offset(%)	Offset(pix)	Profile	Background
0.0000	0	72.0000	72.0000
0.2041	1	72.0000	71.8261
0.4082	2	71.0000	71.6522
0.6122	3	70.0000	71.4783
0.8163	4	70.0000	71.3043
1.0204	5	71.0000	71.1304
1.2245	6	72.0000	70.9565
1.4286	7	73.0000	70.7826
1.6327	8	72.0000	70.6087
1.8367	9	71.0000	70.4348
2.0408	10	72.0000	70.2609
2.2449	11	70.0000	70.0870
2.4490	12	71.0000	69.9130
2.6531	13	72.0000	69.7391
2.8571	14	72.0000	69.5652
3.0612	15	72.0000	69.3913
3.2653	16	72.0000	69.2174
3.4694	17	73.0000	69.0435
3.6735	18	72.0000	68.8696
3.8776	19	73.0000	68.6957
4.0816	20	72.0000	68.5217
4.2857	21	71.0000	68.3478
4.4898	22	69.0000	68.1739
4.6939	23	68.0000	68.0000
4.8980	24	70.0000	68.1007
5.1020	25	78.0000	68.2013
5.3061	26	76.0000	68.3020
5.5102	27	71.0000	68.4027
5.7143	28	70.0000	68.5034
5.9184	29	69.0000	68.6040
6.1224	30	68.0000	68.7047
6.3265	31	69.0000	68.8054
6.5306	32	68.0000	68.9060
6.7347	33	77.0000	69.0067
6.9388	34	86.0000	69.1074
7.1429	35	89.0000	69.2081
7.3469	36	88.0000	69.3087
7.5510	37	84.0000	69.4094
7.7551	38	84.0000	69.5101
7.9592	39	82.0000	69.6107
8.1633	40	80.0000	69.7114
8.3673	41	79.0000	69.8121
8.5714	42	79.0000	69.9128
8.7755	43	83.0000	70.0134
8.9796	44	84.0000	70.1141
9.1837	45	83.0000	70.2148
9.3878	46	83.0000	70.3154
9.5918	47	83.0000	70.4161
9.7959	48	81.0000	70.5168
10.0000	49	82.0000	70.6174
10.2041	50	81.0000	70.7181
10.4082	51	82.0000	70.8188
10.6122	52	80.0000	70.9195
10.8163	53	81.0000	71.0201
11.0204	54	82.0000	71.1208
11.2245	55	83.0000	71.2215
11.4286	56	82.0000	71.3222
11.6327	57	81.0000	71.4228
11.8367	58	83.0000	71.5235
12.0408	59	82.0000	71.6242
12.2449	60	82.0000	71.7248
12.4490	61	80.0000	71.8255
12.6531	62	80.0000	71.9262
12.8571	63	81.0000	72.0268
13.0612	64	80.0000	72.1275
13.2653	65	81.0000	72.2282
13.4694	66	80.0000	72.3289
13.6735	67	80.0000	72.4295
13.8776	68	82.0000	72.5302
14.0816	69	82.0000	72.6309
14.2857	70	82.0000	72.7315
14.4898	71	83.0000	72.8322
14.6939	72	83.0000	72.9329
14.8980	73	83.0000	73.0336
15.1020	74	84.0000	73.1342
15.3061	75	82.0000	73.2349
15.5102	76	84.0000	73.3356
15.7143	77	85.0000	73.4362
15.9184	78	84.0000	73.5369
16.1224	79	88.0000	73.6376
16.3265	80	87.0000	73.7383
16.5306	81	89.0000	73.8389
16.7347	82	89.0000	73.9396
16.9388	83	91.0000	74.0403
17.1429	84	92.0000	74.1409
17.3469	85	95.0000	74.2416
17.5510	86	95.0000	74.3423
17.7551	87	98.0000	74.4430
17.9592	88	100.0000	74.5436
18.1633	89	102.0000	74.6443
18.3673	90	106.0000	74.7450
18.5714	91	109.0000	74.8456
18.7755	92	113.0000	74.9463
18.9796	93	120.0000	75.0470
19.1837	94	127.0000	75.1477
19.3878	95	129.0000	75.2483
19.5918	96	134.0000	75.3490
19.7959	97	137.0000	75.4497
20.0000	98	139.0000	75.5503
20.2041	99	139.0000	75.6510
20.4082	100	142.0000	75.7517
20.6122	101	143.0000	75.8523
20.8163	102	143.0000	75.9530
21.0204	103	137.0000	76.0537
21.2245	104	138.0000	76.1544
21.4286	105	137.0000	76.2550
21.6327	106	135.0000	76.3557
21.8367	107	132.0000	76.4564
22.0408	108	132.0000	76.5570
22.2449	109	131.0000	76.6577
22.4490	110	127.0000	76.7584
22.6531	111	126.0000	76.8591
22.8571	112	123.0000	76.9597
23.0612	113	122.0000	77.0604
23.2653	114	120.0000	77.1611
23.4694	115	117.0000	77.2617
23.6735	116	117.0000	77.3624
23.8776	117	113.0000	77.4631
24.0816	118	113.0000	77.5638
24.2857	119	112.0000	77.6644
24.4898	120	109.0000	77.7651
24.6939	121	107.0000	77.8658
24.8980	122	107.0000	77.9664
25.1020	123	106.0000	78.0671
25.3061	124	105.0000	78.1678
25.5102	125	105.0000	78.2685
25.7143	126	105.0000	78.3691
25.9184	127	101.0000	78.4698
26.1224	128	102.0000	78.5705
26.3265	129	101.0000	78.6711
26.5306	130	99.0000	78.7718
26.7347	131	99.0000	78.8725
26.9388	132	98.0000	78.9732
27.1429	133	98.0000	79.0738
27.3469	134	96.0000	79.1745
27.5510	135	96.0000	79.2752
27.7551	136	98.0000	79.3758
27.9592	137	96.0000	79.4765
28.1633	138	94.0000	79.5772
28.3673	139	93.0000	79.6779
28.5714	140	92.0000	79.7785
28.7755	141	92.0000	79.8792
28.9796	142	92.0000	79.9799
29.1837	143	91.0000	80.0805
29.3878	144	88.0000	80.1812
29.5918	145	90.0000	80.2819
29.7959	146	89.0000	80.3826
30.0000	147	90.0000	80.4832
30.2041	148	89.0000	80.5839
30.4082	149	88.0000	80.6846
30.6122	150	88.0000	80.7852
30.8163	151	86.0000	80.8859
31.0204	152	85.0000	80.9866
31.2245	153	87.0000	81.0872
31.4286	154	86.0000	81.1879
31.6327	155	86.0000	81.2886
31.8367	156	85.0000	81.3893
32.0408	157	86.0000	81.4899
32.2449	158	84.0000	81.5906
32.4490	159	85.0000	81.6913
32.6531	160	84.0000	81.7919
32.8571	161	84.0000	81.8926
33.0612	162	85.0000	81.9933
33.2653	163	83.0000	82.0940
33.4694	164	83.0000	82.1946
33.6735	165	83.0000	82.2953
33.8776	166	83.0000	82.3960
34.0816	167	83.0000	82.4966
34.2857	168	83.0000	82.5973
34.4898	169	83.0000	82.6980
34.6939	170	83.0000	82.7987
34.8980	171	82.0000	82.8993
35.1020	172	83.0000	83.0000
35.3061	173	82.0000	82.8636
35.5102	174	80.0000	82.7273
35.7143	175	81.0000	82.5909
35.9184	176	82.0000	82.4545
36.1224	177	82.0000	82.3182
36.3265	178	80.0000	82.1818
36.5306	179	81.0000	82.0455
36.7347	180	80.0000	81.9091
36.9388	181	79.0000	81.7727
37.1429	182	80.0000	81.6364
37.3469	183	81.0000	81.5000
37.5510	184	81.0000	81.3636
37.7551	185	80.0000	81.2273
37.9592	186	81.0000	81.0909
38.1633	187	79.0000	80.9545
38.3673	188	79.0000	80.8182
38.5714	189	78.0000	80.6818
38.7755	190	80.0000	80.5455
38.9796	191	81.0000	80.4091
39.1837	192	78.0000	80.2727
39.3878	193	79.0000	80.1364
39.5918	194	80.0000	80.0000
39.7959	195	79.0000	79.8571
40.0000	196	79.0000	79.7143
40.2041	197	79.0000	79.5714
40.4082	198	80.0000	79.4286
40.6122	199	79.0000	79.2857
40.8163	200	79.0000	79.1429
41.0204	201	79.0000	79.0000
41.2245	202	78.0000	78.8571
41.4286	203	78.0000	78.7143
41.6327	204	79.0000	78.5714
41.8367	205	79.0000	78.4286
42.0408	206	78.0000	78.2857
42.2449	207	77.0000	78.1429
42.4490	208	78.0000	78.0000
42.6531	209	78.0000	77.8571
42.8571	210	78.0000	77.7143
43.0612	211	77.0000	77.5714
43.2653	212	77.0000	77.4286
43.4694	213	79.0000	77.2857
43.6735	214	78.0000	77.1429
43.8776	215	79.0000	77.0000
44.0816	216	79.0000	76.8571
44.2857	217	78.0000	76.7143
44.4898	218	78.0000	76.5714
44.6939	219	79.0000	76.4286
44.8980	220	77.0000	76.2857
45.1020	221	78.0000	76.1429
45.3061	222	78.0000	76.0000
45.5102	223	78.0000	75.8571
45.7143	224	76.0000	75.7143
45.9184	225	77.0000	75.5714
46.1224	226	77.0000	75.4286
46.3265	227	77.0000	75.2857
46.5306	228	78.0000	75.1429
46.7347	229	75.0000	75.0000
46.9388	230	77.0000	75.2727
47.1429	231	77.0000	75.5455
47.3469	232	77.0000	75.8182
47.5510	233	76.0000	76.0909
47.7551	234	77.0000	76.3636
47.9592	235	77.0000	76.6364
48.1633	236	76.0000	76.9091
48.3673	237	77.0000	77.1818
48.5714	238	77.0000	77.4545
48.7755	239	75.0000	77.7273
48.9796	240	78.0000	78.0000
49.1837	241	75.0000	77.9167
49.3878	242	76.0000	77.8333
49.5918	243	77.0000	77.7500
49.7959	244	77.0000	77.6667
50.0000	245	76.0000	77.5833
50.2041	246	76.0000	77.5000
50.4082	247	78.0000	77.4167
50.6122	248	77.0000	77.3333
50.8163	249	77.0000	77.2500
51.0204	250	76.0000	77.1667
51.2245	251	77.0000	77.0833
51.4286	252	77.0000	77.0000
51.6327	253	77.0000	76.9167
51.8367	254	76.0000	76.8333
52.0408	255	76.0000	76.7500
52.2449	256	77.0000	76.6667
52.4490	257	77.0000	76.5833
52.6531	258	76.0000	76.5000
52.8571	259	76.0000	76.4167
53.0612	260	76.0000	76.3333
53.2653	261	77.0000	76.2500
53.4694	262	76.0000	76.1667
53.6735	263	75.0000	76.0833
53.8776	264	74.0000	76.0000
54.0816	265	74.0000	75.9167
54.2857	266	75.0000	75.8333
54.4898	267	77.0000	75.7500
54.6939	268	76.0000	75.6667
54.8980	269	76.0000	75.5833
55.1020	270	76.0000	75.5000
55.3061	271	75.0000	75.4167
55.5102	272	76.0000	75.3333
55.7143	273	76.0000	75.2500
55.9184	274	75.0000	75.1667
56.1224	275	76.0000	75.0833
56.3265	276	75.0000	75.0000
56.5306	277	76.0000	75.0000
56.7347	278	75.0000	75.0000
56.9388	279	75.0000	75.0000
57.1429	280	74.0000	75.0000
57.3469	281	74.0000	75.0000
57.5510	282	76.0000	75.0000
57.7551	283	74.0000	75.0000
57.9592	284	74.0000	75.0000
58.1633	285	75.0000	75.0000
58.3673	286	75.0000	75.0000
58.5714	287	76.0000	75.0000
58.7755	288	75.0000	75.0000
58.9796	289	76.0000	75.0000
59.1837	290	75.0000	75.0000
59.3878	291	77.0000	75.0000
59.5918	292	76.0000	75.0000
59.7959	293	75.0000	75.0000
60.0000	294	74.0000	75.0000
60.2041	295	75.0000	75.0000
60.4082	296	75.0000	75.0000
60.6122	297	76.0000	75.0000
60.8163	298	75.0000	75.0000
61.0204	299	74.0000	75.1304
61.2245	300	75.0000	75.2609
61.4286	301	75.0000	75.3913
61.6327	302	76.0000	75.5217
61.8367	303	75.0000	75.6522
62.0408	304	75.0000	75.7826
62.2449	305	76.0000	75.9130
62.4490	306	76.0000	76.0435
62.6531	307	76.0000	76.1739
62.8571	308	75.0000	76.3043
63.0612	309	76.0000	76.4348
63.2653	310	76.0000	76.5652
63.4694	311	76.0000	76.6957
63.6735	312	77.0000	76.8261
63.8776	313	76.0000	76.9565
64.0816	314	76.0000	77.0870
64.2857	315	79.0000	77.2174
64.4898	316	79.0000	77.3478
64.6939	317	78.0000	77.4783
64.8980	318	78.0000	77.6087
65.1020	319	79.0000	77.7391
65.3061	320	80.0000	77.8696
65.5102	321	78.0000	78.0000
65.7143	322	80.0000	77.9636
65.9184	323	79.0000	77.9273
66.1224	324	79.0000	77.8909
66.3265	325	80.0000	77.8545
66.5306	326	81.0000	77.8182
66.7347	327	80.0000	77.7818
66.9388	328	79.0000	77.7455
67.1429	329	80.0000	77.7091
67.3469	330	81.0000	77.6727
67.5510	331	79.0000	77.6364
67.7551	332	79.0000	77.6000
67.9592	333	79.0000	77.5636
68.1633	334	82.0000	77.5273
68.3673	335	80.0000	77.4909
68.5714	336	80.0000	77.4545
68.7755	337	80.0000	77.4182
68.9796	338	81.0000	77.3818
69.1837	339	80.0000	77.3455
69.3878	340	81.0000	77.3091
69.5918	341	81.0000	77.2727
69.7959	342	80.0000	77.2364
70.0000	343	82.0000	77.2000
70.2041	344	80.0000	77.1636
70.4082	345	80.0000	77.1273
70.6122	346	80.0000	77.0909
70.8163	347	81.0000	77.0545
71.0204	348	81.0000	77.0182
71.2245	349	81.0000	76.9818
71.4286	350	81.0000	76.9455
71.6327	351	80.0000	76.9091
71.8367	352	81.0000	76.8727
72.0408	353	80.0000	76.8364
72.2449	354	81.0000	76.8000
72.4490	355	81.0000	76.7636
72.6531	356	82.0000	76.7273
72.8571	357	80.0000	76.6909
73.0612	358	80.0000	76.6545
73.2653	359	80.0000	76.6182
73.4694	360	81.0000	76.5818
73.6735	361	79.0000	76.5455
73.8776	362	79.0000	76.5091
74.0816	363	79.0000	76.4727
74.2857	364	79.0000	76.4364
74.4898	365	79.0000	76.4000
74.6939	366	79.0000	76.3636
74.8980	367	80.0000	76.3273
75.1020	368	78.0000	76.2909
75.3061	369	78.0000	76.2545
75.5102	370	78.0000	76.2182
75.7143	371	79.0000	76.1818
75.9184	372	77.0000	76.1455
76.1224	373	77.0000	76.1091
76.3265	374	78.0000	76.0727
76.5306	375	78.0000	76.0364
76.7347	376	76.0000	76.0000
76.9388	377	76.0000	75.7586
77.1429	378	76.0000	75.5172
77.3469	379	76.0000	75.2759
77.5510	380	76.0000	75.0345
77.7551	381	74.0000	74.7931
77.9592	382	74.0000	74.5517
78.1633	383	73.0000	74.3103
78.3673	384	74.0000	74.0690
78.5714	385	73.0000	73.8276
78.7755	386	73.0000	73.5862
78.9796	387	73.0000	73.3448
79.1837	388	72.0000	73.1034
79.3878	389	73.0000	72.8621
79.5918	390	73.0000	72.6207
79.7959	391	73.0000	72.3793
80.0000	392	71.0000	72.1379
80.2041	393	73.0000	71.8966
80.4082	394	72.0000	71.6552
80.6122	395	71.0000	71.4138
80.8163	396	71.0000	71.1724
81.0204	397	72.0000	70.9310
81.2245	398	72.0000	70.6897
81.4286	399	72.0000	70.4483
81.6327	400	70.0000	70.2069
81.8367	401	70.0000	69.9655
82.0408	402	72.0000	69.7241
82.2449	403	71.0000	69.4828
82.4490	404	70.0000	69.2414
82.6531	405	69.0000	69.0000
82.8571	406	71.0000	69.0000
83.0612	407	71.0000	69.0000
83.2653	408	68.0000	69.0000
83.4694	409	69.0000	69.0000
83.6735	410	68.0000	69.0000
83.8776	411	67.0000	69.0000
84.0816	412	69.0000	69.0000
84.2857	413	69.0000	69.0000
84.4898	414	70.0000	69.0000
84.6939	415	70.0000	69.0000
84.8980	416	68.0000	69.0000
85.1020	417	70.0000	69.0000
85.3061	418	69.0000	69.0000
85.5102	419	69.0000	69.0000
85.7143	420	68.0000	69.0000
85.9184	421	69.0000	69.0000
86.1224	422	69.0000	69.0000
86.3265	423	69.0000	69.0000
86.5306	424	68.0000	69.0000
86.7347	425	67.0000	69.0000
86.9388	426	67.0000	69.0000
87.1429	427	68.0000	69.0000
87.3469	428	69.0000	69.0000
87.5510	429	68.0000	69.0000
87.7551	430	68.0000	69.0000
87.9592	431	68.0000	69.0000
88.1633	432	68.0000	69.0000
88.3673	433	70.0000	69.0000
88.5714	434	70.0000	69.0000
88.7755	435	68.0000	69.0000
88.9796	436	68.0000	69.0000
89.1837	437	69.0000	69.0000
89.3878	438	68.0000	69.0000
89.5918	439	68.0000	69.0000
89.7959	440	69.0000	69.0000
90.0000	441	67.0000	69.0000
90.2041	442	70.0000	69.0000
90.4082	443	69.0000	69.0000
90.6122	444	69.0000	69.0000
90.8163	445	68.0000	69.0000
91.0204	446	67.0000	69.0000
91.2245	447	69.0000	69.0000
91.4286	448	67.0000	69.0000
91.6327	449	68.0000	69.0000
91.8367	450	67.0000	69.0000
92.0408	451	68.0000	69.0000
92.2449	452	70.0000	69.0000
92.4490	453	68.0000	69.0000
92.6531	454	67.0000	69.0000
92.8571	455	69.0000	69.0000
93.0612	456	69.0000	69.0000
93.2653	457	69.0000	69.0000
93.4694	458	69.0000	69.0000
93.6735	459	67.0000	69.0000
93.8776	460	68.0000	69.0000
94.0816	461	68.0000	69.0000
94.2857	462	70.0000	69.0000
94.4898	463	68.0000	69.0000
94.6939	464	68.0000	69.0000
94.8980	465	68.0000	69.0000
95.1020	466	67.0000	69.0000
95.3061	467	69.0000	69.0000
95.5102	468	69.0000	69.0000
95.7143	469	69.0000	69.0000
95.9184	470	69.0000	69.0000
96.1224	471	68.0000	69.0000
96.3265	472	69.0000	69.0000
96.5306	473	69.0000	69.0000
96.7347	474	69.0000	69.0000
96.9388	475	68.0000	69.0000
97.1429	476	70.0000	69.0000
97.3469	477	69.0000	69.0000
97.5510	478	69.0000	69.0000
97.7551	479	68.0000	69.0000
97.9592	480	69.0000	69.0000
98.1633	481	69.0000	69.0000
98.3673	482	69.0000	69.0000
98.5714	483	70.0000	69.0000
98.7755	484	68.0000	69.0000
98.9796	485	70.0000	69.0000
99.1837	486	69.0000	69.0000
99.3878	487	69.0000	69.0000
99.5918	488	69.0000	69.0000
99.7959	489	69.0000	69.0000
100.0000	490	69.0000	69.0000
