---------- 1: Untitled ----------
Offset(%)	Offset(pix)	Profile	Background
0.0000	0	224.0000	224.0000
0.3484	1	226.0000	222.1429
0.6969	2	230.0000	220.2857
1.0453	3	236.0000	218.4286
1.3937	4	250.0000	216.5714
1.7422	5	248.0000	214.7143
2.0906	6	219.0000	212.8571
2.4390	7	211.0000	211.0000
2.7875	8	213.0000	211.4766
3.1359	9	235.0000	211.9533
3.4843	10	292.0000	212.4299
3.8328	11	388.0000	212.9065
4.1812	12	400.0000	213.3832
4.5296	13	315.0000	213.8598
4.8780	14	354.0000	214.3365
5.2265	15	441.0000	214.8131
5.5749	16	504.0000	215.2897
5.9233	17	522.0000	215.7664
6.2718	18	493.0000	216.2430
6.6202	19	438.0000	216.7196
6.9686	20	415.0000	217.1963
7.3171	21	399.0000	217.6729
7.6655	22	383.0000	218.1495
8.0139	23	385.0000	218.6262
8.3624	24	370.0000	219.1028
8.7108	25	369.0000	219.5794
9.0592	26	366.0000	220.0561
9.4077	27	365.0000	220.5327
9.7561	28	367.0000	221.0093
10.1045	29	384.0000	221.4860
10.4530	30	382.0000	221.9626
10.8014	31	387.0000	222.4393
11.1498	32	386.0000	222.9159
11.4983	33	390.0000	223.3925
11.8467	34	389.0000	223.8692
12.1951	35	394.0000	224.3458
12.5436	36	397.0000	224.8224
12.8920	37	399.0000	225.2991
13.2404	38	417.0000	225.7757
13.5889	39	435.0000	226.2523
13.9373	40	461.0000	226.7290
14.2857	41	486.0000	227.2056
14.6341	42	525.0000	227.6823
14.9826	43	591.0000	228.1589
15.3310	44	663.0000	228.6355
15.6794	45	790.0000	229.1122
16.0279	46	981.0000	229.5888
16.3763	47	1023.0000	230.0654
16.7247	48	1023.0000	230.5421
17.0732	49	1023.0000	231.0187
17.4216	50	1023.0000	231.4953
17.7700	51	1023.0000	231.9720
18.1185	52	1023.0000	232.4486
18.4669	53	1023.0000	232.9252
18.8153	54	974.0000	233.4019
19.1638	55	843.0000	233.8785
19.5122	56	737.0000	234.3551
19.8606	57	646.0000	234.8318
20.2091	58	582.0000	235.3084
20.5575	59	523.0000	235.7850
20.9059	60	483.0000	236.2617
21.2544	61	449.0000	236.7383
21.6028	62	425.0000	237.2150
21.9512	63	408.0000	237.6916
22.2997	64	387.0000	238.1682
22.6481	65	368.0000	238.6449
22.9965	66	354.0000	239.1215
23.3449	67	348.0000	239.5981
23.6934	68	338.0000	240.0748
24.0418	69	329.0000	240.5514
24.3902	70	322.0000	241.0280
24.7387	71	314.0000	241.5047
25.0871	72	308.0000	241.9813
25.4355	73	307.0000	242.4579
25.7840	74	304.0000	242.9346
26.1324	75	299.0000	243.4112
26.4808	76	293.0000	243.8878
26.8293	77	295.0000	244.3645
27.1777	78	293.0000	244.8411
27.5261	79	296.0000	245.3177
27.8746	80	322.0000	245.7944
28.2230	81	326.0000	246.2710
28.5714	82	296.0000	246.7477
28.9199	83	286.0000	247.2243
29.2683	84	285.0000	247.7009
29.6167	85	280.0000	248.1776
29.9652	86	276.0000	248.6542
30.3136	87	269.0000	249.1308
30.6620	88	271.0000	249.6075
31.0105	89	265.0000	250.0841
31.3589	90	268.0000	250.5607
31.7073	91	268.0000	251.0374
32.0557	92	267.0000	251.5140
32.4042	93	266.0000	251.9907
32.7526	94	267.0000	252.4673
33.1010	95	267.0000	252.9439
33.4495	96	263.0000	253.4206
33.7979	97	263.0000	253.8972
34.1463	98	264.0000	254.3738
34.4948	99	264.0000	254.8505
34.8432	100	264.0000	255.3271
35.1916	101	263.0000	255.8037
35.5401	102	262.0000	256.2804
35.8885	103	265.0000	256.7570
36.2369	104	262.0000	257.2336
36.5854	105	264.0000	257.7103
36.9338	106	266.0000	258.1869
37.2822	107	263.0000	258.6635
37.6307	108	264.0000	259.1402
37.9791	109	261.0000	259.6168
38.3275	110	262.0000	260.0934
38.6760	111	259.0000	260.5701
39.0244	112	261.0000	261.0467
39.3728	113	264.0000	261.5234
39.7213	114	262.0000	262.0000
40.0697	115	263.0000	262.5526
40.4181	116	267.0000	263.1053
40.7666	117	267.0000	263.6579
41.1150	118	264.0000	264.2105
41.4634	119	268.0000	264.7632
41.8118	120	269.0000	265.3158
42.1603	121	267.0000	265.8684
42.5087	122	265.0000	266.4211
42.8571	123	270.0000	266.9737
43.2056	124	265.0000	267.5263
43.5540	125	266.0000	268.0789
43.9024	126	269.0000	268.6316
44.2509	127	269.0000	269.1842
44.5993	128	267.0000	269.7368
44.9477	129	275.0000	270.2895
45.2962	130	270.0000	270.8421
45.6446	131	274.0000	271.3947
45.9930	132	273.0000	271.9474
46.3415	133	271.0000	272.5000
46.6899	134	274.0000	273.0526
47.0383	135	272.0000	273.6053
47.3868	136	274.0000	274.1579
47.7352	137	275.0000	274.7105
48.0836	138	275.0000	275.2632
48.4321	139	274.0000	275.8158
48.7805	140	272.0000	276.3684
49.1289	141	273.0000	276.9211
49.4774	142	274.0000	277.4737
49.8258	143	272.0000	278.0263
50.1742	144	278.0000	278.5789
50.5226	145	277.0000	279.1316
50.8711	146	280.0000	279.6842
51.2195	147	280.0000	280.2368
51.5679	148	287.0000	280.7895
51.9164	149	281.0000	281.3421
52.2648	150	282.0000	281.8947
52.6132	151	283.0000	282.4474
52.9617	152	283.0000	283.0000
53.3101	153	287.0000	282.9237
53.6585	154	286.0000	282.8474
54.0070	155	288.0000	282.7712
54.3554	156	290.0000	282.6949
54.7038	157	290.0000	282.6187
55.0523	158	297.0000	282.5424
55.4007	159	298.0000	282.4661
55.7491	160	299.0000	282.3898
56.0976	161	300.0000	282.3136
56.4460	162	300.0000	282.2373
56.7944	163	304.0000	282.1610
57.1429	164	309.0000	282.0847
57.4913	165	307.0000	282.0085
57.8397	166	300.0000	281.9322
58.1882	167	312.0000	281.8559
58.5366	168	313.0000	281.7797
58.8850	169	318.0000	281.7034
59.2334	170	319.0000	281.6271
59.5819	171	319.0000	281.5508
59.9303	172	314.0000	281.4746
60.2787	173	321.0000	281.3983
60.6272	174	318.0000	281.3220
60.9756	175	317.0000	281.2458
61.3240	176	326.0000	281.1695
61.6725	177	323.0000	281.0932
62.0209	178	317.0000	281.0169
62.3693	179	315.0000	280.9407
62.7178	180	323.0000	280.8644
63.0662	181	307.0000	280.7881
63.4146	182	317.0000	280.7119
63.7631	183	314.0000	280.6356
64.1115	184	308.0000	280.5593
64.4599	185	308.0000	280.4831
64.8084	186	309.0000	280.4068
65.1568	187	310.0000	280.3305
65.5052	188	309.0000	280.2542
65.8537	189	308.0000	280.1780
66.2021	190	304.0000	280.1017
66.5505	191	301.0000	280.0254
66.8990	192	300.0000	279.9492
67.2474	193	298.0000	279.8729
67.5958	194	298.0000	279.7966
67.9443	195	297.0000	279.7203
68.2927	196	296.0000	279.6441
68.6411	197	298.0000	279.5678
68.9895	198	297.0000	279.4915
69.3380	199	299.0000	279.4153
69.6864	200	294.0000	279.3390
70.0348	201	294.0000	279.2627
70.3833	202	296.0000	279.1864
70.7317	203	298.0000	279.1102
71.0801	204	294.0000	279.0339
71.4286	205	293.0000	278.9576
71.7770	206	293.0000	278.8813
72.1254	207	298.0000	278.8051
72.4739	208	299.0000	278.7288
72.8223	209	298.0000	278.6526
73.1707	210	299.0000	278.5763
73.5192	211	306.0000	278.5000
73.8676	212	302.0000	278.4237
74.2160	213	299.0000	278.3474
74.5645	214	304.0000	278.2712
74.9129	215	302.0000	278.1949
75.2613	216	300.0000	278.1187
75.6098	217	301.0000	278.0424
75.9582	218	304.0000	277.9661
76.3066	219	300.0000	277.8898
76.6551	220	304.0000	277.8136
77.0035	221	305.0000	277.7373
77.3519	222	309.0000	277.6610
77.7003	223	308.0000	277.5847
78.0488	224	307.0000	277.5085
78.3972	225	302.0000	277.4322
78.7456	226	305.0000	277.3559
79.0941	227	299.0000	277.2797
79.4425	228	298.0000	277.2034
79.7909	229	303.0000	277.1271
80.1394	230	303.0000	277.0508
80.4878	231	302.0000	276.9746
80.8362	232	302.0000	276.8983
81.1847	233	306.0000	276.8220
81.5331	234	310.0000	276.7458
81.8815	235	308.0000	276.6695
82.2300	236	300.0000	276.5932
82.5784	237	297.0000	276.5169
82.9268	238	295.0000	276.4407
83.2753	239	295.0000	276.3644
83.6237	240	293.0000	276.2881
83.9721	241	290.0000	276.2119
84.3206	242	291.0000	276.1356
84.6690	243	291.0000	276.0593
85.0174	244	289.0000	275.9831
85.3659	245	287.0000	275.9068
85.7143	246	285.0000	275.8305
86.0627	247	287.0000	275.7542
86.4111	248	283.0000	275.6780
86.7596	249	286.0000	275.6017
87.1080	250	287.0000	275.5254
87.4564	251	281.0000	275.4492
87.8049	252	281.0000	275.3729
88.1533	253	281.0000	275.2966
88.5017	254	281.0000	275.2203
88.8502	255	284.0000	275.1441
89.1986	256	279.0000	275.0678
89.5470	257	283.0000	274.9915
89.8955	258	277.0000	274.9153
90.2439	259	279.0000	274.8390
90.5923	260	275.0000	274.7627
90.9408	261	278.0000	274.6864
91.2892	262	276.0000	274.6102
91.6376	263	276.0000	274.5339
91.9861	264	277.0000	274.4576
92.3345	265	274.0000	274.3813
92.6829	266	276.0000	274.3051
93.0314	267	274.0000	274.2288
93.3798	268	275.0000	274.1525
93.7282	269	272.0000	274.0763
94.0767	270	274.0000	274.0000
94.4251	271	272.0000	277.0000
94.7735	272	281.0000	280.0000
95.1220	273	278.0000	283.0000
95.4704	274	279.0000	286.0000
95.8188	275	276.0000	289.0000
96.1672	276	277.0000	292.0000
96.5157	277	276.0000	295.0000
96.8641	278	276.0000	298.0000
97.2125	279	279.0000	301.0000
97.5610	280	278.0000	304.0000
97.9094	281	280.0000	307.0000
98.2578	282	282.0000	310.0000
98.6063	283	287.0000	313.0000
98.9547	284	289.0000	316.0000
99.3031	285	295.0000	319.0000
99.6516	286	304.0000	322.0000
100.0000	287	325.0000	325.0000
---------- 2: Untitled ----------
Offset(%)	Offset(pix)	Profile	Background
0.0000	0	234.0000	234.0000
0.3484	1	239.0000	234.2199
0.6969	2	248.0000	234.4398
1.0453	3	256.0000	234.6597
1.3937	4	247.0000	234.8796
1.7422	5	252.0000	235.0995
2.0906	6	249.0000	235.3194
2.4390	7	240.0000	235.5393
2.7875	8	265.0000	235.7592
3.1359	9	347.0000	235.9791
3.4843	10	394.0000	236.1990
3.8328	11	313.0000	236.4189
4.1812	12	267.0000	236.6387
4.5296	13	273.0000	236.8586
4.8780	14	364.0000	237.0785
5.2265	15	405.0000	237.2984
5.5749	16	420.0000	237.5183
5.9233	17	383.0000	237.7382
6.2718	18	335.0000	237.9581
6.6202	19	322.0000	238.1780
6.9686	20	319.0000	238.3979
7.3171	21	317.0000	238.6178
7.6655	22	306.0000	238.8377
8.0139	23	314.0000	239.0576
8.3624	24	315.0000	239.2775
8.7108	25	307.0000	239.4974
9.0592	26	313.0000	239.7173
9.4077	27	308.0000	239.9372
9.7561	28	317.0000	240.1571
10.1045	29	320.0000	240.3770
10.4530	30	323.0000	240.5969
10.8014	31	323.0000	240.8168
11.1498	32	326.0000	241.0367
11.4983	33	334.0000	241.2565
11.8467	34	327.0000	241.4764
12.1951	35	342.0000	241.6963
12.5436	36	341.0000	241.9162
12.8920	37	350.0000	242.1361
13.2404	38	361.0000	242.3560
13.5889	39	366.0000	242.5759
13.9373	40	382.0000	242.7958
14.2857	41	398.0000	243.0157
14.6341	42	449.0000	243.2356
14.9826	43	489.0000	243.4555
15.3310	44	583.0000	243.6754
15.6794	45	719.0000	243.8953
16.0279	46	943.0000	244.1152
16.3763	47	1023.0000	244.3351
16.7247	48	1023.0000	244.5550
17.0732	49	1023.0000	244.7749
17.4216	50	1023.0000	244.9948
17.7700	51	1023.0000	245.2147
18.1185	52	1023.0000	245.4346
18.4669	53	1023.0000	245.6544
18.8153	54	1023.0000	245.8743
19.1638	55	983.0000	246.0942
19.5122	56	860.0000	246.3141
19.8606	57	756.0000	246.5340
20.2091	58	682.0000	246.7539
20.5575	59	625.0000	246.9738
20.9059	60	557.0000	247.1937
21.2544	61	513.0000	247.4136
21.6028	62	477.0000	247.6335
21.9512	63	454.0000	247.8534
22.2997	64	427.0000	248.0733
22.6481	65	409.0000	248.2932
22.9965	66	395.0000	248.5131
23.3449	67	377.0000	248.7330
23.6934	68	368.0000	248.9529
24.0418	69	355.0000	249.1728
24.3902	70	346.0000	249.3927
24.7387	71	338.0000	249.6126
25.0871	72	327.0000	249.8325
25.4355	73	319.0000	250.0524
25.7840	74	318.0000	250.2722
26.1324	75	309.0000	250.4921
26.4808	76	301.0000	250.7120
26.8293	77	295.0000	250.9319
27.1777	78	292.0000	251.1518
27.5261	79	290.0000	251.3717
27.8746	80	288.0000	251.5916
28.2230	81	281.0000	251.8115
28.5714	82	279.0000	252.0314
28.9199	83	277.0000	252.2513
29.2683	84	270.0000	252.4712
29.6167	85	267.0000	252.6911
29.9652	86	266.0000	252.9110
30.3136	87	264.0000	253.1309
30.6620	88	260.0000	253.3508
31.0105	89	259.0000	253.5707
31.3589	90	255.0000	253.7906
31.7073	91	254.0000	254.0105
32.0557	92	250.0000	254.2304
32.4042	93	247.0000	254.4503
32.7526	94	247.0000	254.6702
33.1010	95	245.0000	254.8900
33.4495	96	246.0000	255.1100
33.7979	97	245.0000	255.3298
34.1463	98	247.0000	255.5497
34.4948	99	245.0000	255.7696
34.8432	100	245.0000	255.9895
35.1916	101	245.0000	256.2094
35.5401	102	246.0000	256.4293
35.8885	103	245.0000	256.6492
36.2369	104	246.0000	256.8691
36.5854	105	245.0000	257.0890
36.9338	106	247.0000	257.3089
37.2822	107	250.0000	257.5288
37.6307	108	252.0000	257.7487
37.9791	109	251.0000	257.9686
38.3275	110	250.0000	258.1885
38.6760	111	250.0000	258.4084
39.0244	112	252.0000	258.6283
39.3728	113	256.0000	258.8482
39.7213	114	257.0000	259.0681
40.0697	115	264.0000	259.2880
40.4181	116	263.0000	259.5078
40.7666	117	257.0000	259.7278
41.1150	118	262.0000	259.9476
41.4634	119	268.0000	260.1675
41.8118	120	264.0000	260.3874
42.1603	121	260.0000	260.6073
42.5087	122	260.0000	260.8272
42.8571	123	256.0000	261.0471
43.2056	124	256.0000	261.2670
43.5540	125	254.0000	261.4869
43.9024	126	255.0000	261.7068
44.2509	127	259.0000	261.9267
44.5993	128	258.0000	262.1466
44.9477	129	256.0000	262.3665
45.2962	130	257.0000	262.5864
45.6446	131	257.0000	262.8063
45.9930	132	258.0000	263.0262
46.3415	133	257.0000	263.2461
46.6899	134	257.0000	263.4660
47.0383	135	261.0000	263.6859
47.3868	136	259.0000	263.9058
47.7352	137	264.0000	264.1256
48.0836	138	260.0000	264.3456
48.4321	139	259.0000	264.5654
48.7805	140	260.0000	264.7853
49.1289	141	262.0000	265.0052
49.4774	142	262.0000	265.2251
49.8258	143	263.0000	265.4450
50.1742	144	266.0000	265.6649
50.5226	145	264.0000	265.8848
50.8711	146	266.0000	266.1047
51.2195	147	264.0000	266.3246
51.5679	148	268.0000	266.5445
51.9164	149	266.0000	266.7644
52.2648	150	267.0000	266.9843
52.6132	151	270.0000	267.2042
52.9617	152	268.0000	267.4241
53.3101	153	265.0000	267.6440
53.6585	154	269.0000	267.8639
54.0070	155	268.0000	268.0838
54.3554	156	265.0000	268.3036
54.7038	157	266.0000	268.5236
55.0523	158	264.0000	268.7435
55.4007	159	266.0000	268.9633
55.7491	160	267.0000	269.1833
56.0976	161	263.0000	269.4031
56.4460	162	265.0000	269.6230
56.7944	163	265.0000	269.8429
57.1429	164	266.0000	270.0628
57.4913	165	269.0000	270.2827
57.8397	166	267.0000	270.5026
58.1882	167	268.0000	270.7225
58.5366	168	269.0000	270.9424
58.8850	169	267.0000	271.1623
59.2334	170	272.0000	271.3822
59.5819	171	268.0000	271.6021
59.9303	172	268.0000	271.8220
60.2787	173	268.0000	272.0419
60.6272	174	275.0000	272.2618
60.9756	175	270.0000	272.4817
61.3240	176	269.0000	272.7016
61.6725	177	271.0000	272.9215
62.0209	178	271.0000	273.1414
62.3693	179	272.0000	273.3613
62.7178	180	273.0000	273.5811
63.0662	181	276.0000	273.8011
63.4146	182	273.0000	274.0209
63.7631	183	274.0000	274.2408
64.1115	184	274.0000	274.4607
64.4599	185	277.0000	274.6806
64.8084	186	272.0000	274.9005
65.1568	187	273.0000	275.1204
65.5052	188	275.0000	275.3403
65.8537	189	275.0000	275.5602
66.2021	190	273.0000	275.7801
66.5505	191	276.0000	276.0000
66.8990	192	273.0000	275.8873
67.2474	193	280.0000	275.7747
67.5958	194	278.0000	275.6620
67.9443	195	279.0000	275.5493
68.2927	196	277.0000	275.4366
68.6411	197	278.0000	275.3239
68.9895	198	282.0000	275.2113
69.3380	199	281.0000	275.0986
69.6864	200	280.0000	274.9859
70.0348	201	282.0000	274.8732
70.3833	202	280.0000	274.7606
70.7317	203	283.0000	274.6479
71.0801	204	282.0000	274.5352
71.4286	205	284.0000	274.4225
71.7770	206	283.0000	274.3098
72.1254	207	285.0000	274.1972
72.4739	208	285.0000	274.0845
72.8223	209	286.0000	273.9718
73.1707	210	286.0000	273.8592
73.5192	211	286.0000	273.7465
73.8676	212	284.0000	273.6338
74.2160	213	286.0000	273.5211
74.5645	214	285.0000	273.4084
74.9129	215	286.0000	273.2958
75.2613	216	284.0000	273.1831
75.6098	217	287.0000	273.0704
75.9582	218	285.0000	272.9577
76.3066	219	288.0000	272.8451
76.6551	220	285.0000	272.7324
77.0035	221	284.0000	272.6197
77.3519	222	287.0000	272.5070
77.7003	223	286.0000	272.3944
78.0488	224	288.0000	272.2817
78.3972	225	285.0000	272.1690
78.7456	226	280.0000	272.0563
79.0941	227	284.0000	271.9437
79.4425	228	284.0000	271.8310
79.7909	229	283.0000	271.7183
80.1394	230	277.0000	271.6056
80.4878	231	282.0000	271.4930
80.8362	232	279.0000	271.3803
81.1847	233	282.0000	271.2676
81.5331	234	282.0000	271.1549
81.8815	235	276.0000	271.0423
82.2300	236	283.0000	270.9296
82.5784	237	278.0000	270.8169
82.9268	238	274.0000	270.7042
83.2753	239	273.0000	270.5916
83.6237	240	277.0000	270.4789
83.9721	241	273.0000	270.3662
84.3206	242	273.0000	270.2535
84.6690	243	275.0000	270.1408
85.0174	244	276.0000	270.0282
85.3659	245	274.0000	269.9155
85.7143	246	275.0000	269.8028
86.0627	247	273.0000	269.6902
86.4111	248	274.0000	269.5775
86.7596	249	272.0000	269.4648
87.1080	250	271.0000	269.3521
87.4564	251	272.0000	269.2394
87.8049	252	271.0000	269.1268
88.1533	253	273.0000	269.0141
88.5017	254	271.0000	268.9014
88.8502	255	270.0000	268.7887
89.1986	256	271.0000	268.6761
89.5470	257	273.0000	268.5634
89.8955	258	271.0000	268.4507
90.2439	259	272.0000	268.3380
90.5923	260	271.0000	268.2253
90.9408	261	271.0000	268.1127
91.2892	262	268.0000	268.0000
91.6376	263	272.0000	268.4000
91.9861	264	273.0000	268.8000
92.3345	265	272.0000	269.2000
92.6829	266	274.0000	269.6000
93.0314	267	275.0000	270.0000
93.3798	268	274.0000	270.4000
93.7282	269	274.0000	270.8000
94.0767	270	274.0000	271.2000
94.4251	271	277.0000	271.6000
94.7735	272	272.0000	272.0000
95.1220	273	275.0000	275.2000
95.4704	274	279.0000	278.4000
95.8188	275	278.0000	281.6000
96.1672	276	279.0000	284.8000
96.5157	277	278.0000	288.0000
96.8641	278	281.0000	291.2000
97.2125	279	281.0000	294.4000
97.5610	280	281.0000	297.6000
97.9094	281	280.0000	300.8000
98.2578	282	282.0000	304.0000
98.6063	283	285.0000	307.2000
98.9547	284	285.0000	310.4000
99.3031	285	294.0000	313.6000
99.6516	286	303.0000	316.8000
100.0000	287	320.0000	320.0000
---------- 3: Untitled ----------
Offset(%)	Offset(pix)	Profile	Background
0.0000	0	246.0000	246.0000
0.3484	1	248.0000	250.5000
0.6969	2	255.0000	255.0000
1.0453	3	252.0000	255.2847
1.3937	4	245.0000	255.5693
1.7422	5	249.0000	255.8540
2.0906	6	250.0000	256.1387
2.4390	7	259.0000	256.4234
2.7875	8	303.0000	256.7080
3.1359	9	353.0000	256.9927
3.4843	10	274.0000	257.2774
3.8328	11	274.0000	257.5620
4.1812	12	279.0000	257.8467
4.5296	13	310.0000	258.1314
4.8780	14	385.0000	258.4160
5.2265	15	469.0000	258.7007
5.5749	16	500.0000	258.9854
5.9233	17	503.0000	259.2701
6.2718	18	465.0000	259.5547
6.6202	19	442.0000	259.8394
6.9686	20	431.0000	260.1241
7.3171	21	422.0000	260.4088
7.6655	22	421.0000	260.6934
8.0139	23	413.0000	260.9781
8.3624	24	414.0000	261.2628
8.7108	25	411.0000	261.5475
9.0592	26	420.0000	261.8321
9.4077	27	410.0000	262.1168
9.7561	28	418.0000	262.4015
10.1045	29	432.0000	262.6861
10.4530	30	428.0000	262.9708
10.8014	31	433.0000	263.2555
11.1498	32	438.0000	263.5402
11.4983	33	440.0000	263.8248
11.8467	34	452.0000	264.1095
12.1951	35	460.0000	264.3942
12.5436	36	476.0000	264.6788
12.8920	37	489.0000	264.9635
13.2404	38	515.0000	265.2482
13.5889	39	545.0000	265.5328
13.9373	40	589.0000	265.8175
14.2857	41	643.0000	266.1022
14.6341	42	716.0000	266.3869
14.9826	43	815.0000	266.6715
15.3310	44	974.0000	266.9562
15.6794	45	1023.0000	267.2409
16.0279	46	1023.0000	267.5255
16.3763	47	1023.0000	267.8102
16.7247	48	1023.0000	268.0949
17.0732	49	1023.0000	268.3796
17.4216	50	1023.0000	268.6642
17.7700	51	1023.0000	268.9489
18.1185	52	1023.0000	269.2336
18.4669	53	1023.0000	269.5182
18.8153	54	1023.0000	269.8029
19.1638	55	1023.0000	270.0876
19.5122	56	964.0000	270.3723
19.8606	57	874.0000	270.6569
20.2091	58	810.0000	270.9416
20.5575	59	723.0000	271.2263
20.9059	60	680.0000	271.5110
21.2544	61	636.0000	271.7956
21.6028	62	603.0000	272.0803
21.9512	63	557.0000	272.3650
22.2997	64	530.0000	272.6496
22.6481	65	509.0000	272.9343
22.9965	66	493.0000	273.2190
23.3449	67	455.0000	273.5037
23.6934	68	453.0000	273.7883
24.0418	69	424.0000	274.0730
24.3902	70	425.0000	274.3577
24.7387	71	411.0000	274.6423
25.0871	72	408.0000	274.9270
25.4355	73	390.0000	275.2117
25.7840	74	378.0000	275.4963
26.1324	75	376.0000	275.7810
26.4808	76	365.0000	276.0657
26.8293	77	365.0000	276.3504
27.1777	78	351.0000	276.6350
27.5261	79	352.0000	276.9197
27.8746	80	347.0000	277.2044
28.2230	81	337.0000	277.4890
28.5714	82	337.0000	277.7737
28.9199	83	328.0000	278.0584
29.2683	84	329.0000	278.3431
29.6167	85	325.0000	278.6277
29.9652	86	321.0000	278.9124
30.3136	87	321.0000	279.1971
30.6620	88	313.0000	279.4818
31.0105	89	310.0000	279.7664
31.3589	90	312.0000	280.0511
31.7073	91	303.0000	280.3358
32.0557	92	304.0000	280.6204
32.4042	93	306.0000	280.9051
32.7526	94	302.0000	281.1898
33.1010	95	302.0000	281.4745
33.4495	96	295.0000	281.7591
33.7979	97	299.0000	282.0438
34.1463	98	297.0000	282.3285
34.4948	99	295.0000	282.6131
34.8432	100	296.0000	282.8978
35.1916	101	295.0000	283.1825
35.5401	102	290.0000	283.4672
35.8885	103	293.0000	283.7518
36.2369	104	291.0000	284.0365
36.5854	105	291.0000	284.3212
36.9338	106	290.0000	284.6058
37.2822	107	287.0000	284.8905
37.6307	108	288.0000	285.1752
37.9791	109	289.0000	285.4598
38.3275	110	289.0000	285.7445
38.6760	111	289.0000	286.0292
39.0244	112	290.0000	286.3139
39.3728	113	289.0000	286.5985
39.7213	114	290.0000	286.8832
40.0697	115	295.0000	287.1679
40.4181	116	298.0000	287.4525
40.7666	117	293.0000	287.7372
41.1150	118	296.0000	288.0219
41.4634	119	293.0000	288.3066
41.8118	120	295.0000	288.5912
42.1603	121	292.0000	288.8759
42.5087	122	292.0000	289.1606
42.8571	123	300.0000	289.4453
43.2056	124	302.0000	289.7299
43.5540	125	301.0000	290.0146
43.9024	126	300.0000	290.2993
44.2509	127	301.0000	290.5840
44.5993	128	300.0000	290.8686
44.9477	129	297.0000	291.1533
45.2962	130	293.0000	291.4380
45.6446	131	294.0000	291.7226
45.9930	132	295.0000	292.0073
46.3415	133	299.0000	292.2920
46.6899	134	297.0000	292.5766
47.0383	135	294.0000	292.8613
47.3868	136	294.0000	293.1460
47.7352	137	298.0000	293.4307
48.0836	138	297.0000	293.7153
48.4321	139	294.0000	294.0000
48.7805	140	290.0000	294.0970
49.1289	141	291.0000	294.1940
49.4774	142	295.0000	294.2910
49.8258	143	293.0000	294.3881
50.1742	144	292.0000	294.4851
50.5226	145	295.0000	294.5821
50.8711	146	292.0000	294.6791
51.2195	147	291.0000	294.7761
51.5679	148	291.0000	294.8731
51.9164	149	292.0000	294.9702
52.2648	150	291.0000	295.0672
52.6132	151	290.0000	295.1642
52.9617	152	296.0000	295.2612
53.3101	153	291.0000	295.3582
53.6585	154	289.0000	295.4552
54.0070	155	295.0000	295.5522
54.3554	156	295.0000	295.6493
54.7038	157	295.0000	295.7463
55.0523	158	294.0000	295.8433
55.4007	159	291.0000	295.9403
55.7491	160	294.0000	296.0373
56.0976	161	292.0000	296.1343
56.4460	162	294.0000	296.2314
56.7944	163	296.0000	296.3284
57.1429	164	292.0000	296.4254
57.4913	165	296.0000	296.5224
57.8397	166	296.0000	296.6194
58.1882	167	298.0000	296.7164
58.5366	168	296.0000	296.8134
58.8850	169	295.0000	296.9105
59.2334	170	294.0000	297.0075
59.5819	171	294.0000	297.1045
59.9303	172	298.0000	297.2015
60.2787	173	295.0000	297.2985
60.6272	174	295.0000	297.3955
60.9756	175	297.0000	297.4925
61.3240	176	291.0000	297.5895
61.6725	177	296.0000	297.6866
62.0209	178	295.0000	297.7836
62.3693	179	294.0000	297.8806
62.7178	180	297.0000	297.9776
63.0662	181	295.0000	298.0746
63.4146	182	292.0000	298.1716
63.7631	183	294.0000	298.2686
64.1115	184	296.0000	298.3657
64.4599	185	296.0000	298.4627
64.8084	186	295.0000	298.5597
65.1568	187	295.0000	298.6567
65.5052	188	299.0000	298.7537
65.8537	189	299.0000	298.8507
66.2021	190	300.0000	298.9478
66.5505	191	302.0000	299.0448
66.8990	192	298.0000	299.1418
67.2474	193	303.0000	299.2388
67.5958	194	298.0000	299.3358
67.9443	195	302.0000	299.4328
68.2927	196	300.0000	299.5298
68.6411	197	304.0000	299.6269
68.9895	198	304.0000	299.7239
69.3380	199	301.0000	299.8209
69.6864	200	298.0000	299.9179
70.0348	201	301.0000	300.0149
70.3833	202	296.0000	300.1119
70.7317	203	301.0000	300.2090
71.0801	204	302.0000	300.3060
71.4286	205	301.0000	300.4030
71.7770	206	298.0000	300.5000
72.1254	207	301.0000	300.5970
72.4739	208	299.0000	300.6940
72.8223	209	299.0000	300.7910
73.1707	210	302.0000	300.8881
73.5192	211	294.0000	300.9851
73.8676	212	294.0000	301.0821
74.2160	213	295.0000	301.1791
74.5645	214	296.0000	301.2761
74.9129	215	296.0000	301.3731
75.2613	216	299.0000	301.4702
75.6098	217	301.0000	301.5672
75.9582	218	300.0000	301.6642
76.3066	219	296.0000	301.7612
76.6551	220	298.0000	301.8582
77.0035	221	298.0000	301.9552
77.3519	222	299.0000	302.0522
77.7003	223	299.0000	302.1493
78.0488	224	296.0000	302.2463
78.3972	225	302.0000	302.3433
78.7456	226	298.0000	302.4403
79.0941	227	302.0000	302.5373
79.4425	228	298.0000	302.6343
79.7909	229	302.0000	302.7314
80.1394	230	300.0000	302.8284
80.4878	231	298.0000	302.9254
80.8362	232	298.0000	303.0224
81.1847	233	306.0000	303.1194
81.5331	234	307.0000	303.2164
81.8815	235	303.0000	303.3134
82.2300	236	304.0000	303.4105
82.5784	237	305.0000	303.5075
82.9268	238	309.0000	303.6045
83.2753	239	306.0000	303.7015
83.6237	240	309.0000	303.7985
83.9721	241	305.0000	303.8955
84.3206	242	311.0000	303.9925
84.6690	243	314.0000	304.0895
85.0174	244	307.0000	304.1866
85.3659	245	311.0000	304.2836
85.7143	246	309.0000	304.3806
86.0627	247	310.0000	304.4776
86.4111	248	311.0000	304.5746
86.7596	249	308.0000	304.6716
87.1080	250	308.0000	304.7686
87.4564	251	309.0000	304.8657
87.8049	252	316.0000	304.9627
88.1533	253	314.0000	305.0597
88.5017	254	308.0000	305.1567
88.8502	255	308.0000	305.2537
89.1986	256	320.0000	305.3507
89.5470	257	311.0000	305.4478
89.8955	258	316.0000	305.5448
90.2439	259	310.0000	305.6418
90.5923	260	310.0000	305.7388
90.9408	261	318.0000	305.8358
91.2892	262	311.0000	305.9328
91.6376	263	316.0000	306.0298
91.9861	264	313.0000	306.1269
92.3345	265	314.0000	306.2239
92.6829	266	315.0000	306.3209
93.0314	267	314.0000	306.4179
93.3798	268	313.0000	306.5149
93.7282	269	317.0000	306.6119
94.0767	270	314.0000	306.7090
94.4251	271	317.0000	306.8060
94.7735	272	314.0000	306.9030
95.1220	273	307.0000	307.0000
95.4704	274	311.0000	307.8571
95.8188	275	315.0000	308.7143
96.1672	276	312.0000	309.5714
96.5157	277	313.0000	310.4286
96.8641	278	313.0000	311.2857
97.2125	279	312.0000	312.1429
97.5610	280	310.0000	313.0000
97.9094	281	310.0000	313.8571
98.2578	282	310.0000	314.7143
98.6063	283	311.0000	315.5714
98.9547	284	310.0000	316.4286
99.3031	285	316.0000	317.2857
99.6516	286	313.0000	318.1429
100.0000	287	319.0000	319.0000
---------- 4: Untitled ----------
Offset(%)	Offset(pix)	Profile	Background
0.0000	0	222.0000	222.0000
0.3484	1	231.0000	221.1667
0.6969	2	249.0000	220.3333
1.0453	3	253.0000	219.5000
1.3937	4	231.0000	218.6667
1.7422	5	222.0000	217.8333
2.0906	6	217.0000	217.0000
2.4390	7	225.0000	217.6607
2.7875	8	243.0000	218.3214
3.1359	9	264.0000	218.9821
3.4843	10	275.0000	219.6429
3.8328	11	245.0000	220.3036
4.1812	12	236.0000	220.9643
4.5296	13	238.0000	221.6250
4.8780	14	262.0000	222.2857
5.2265	15	296.0000	222.9464
5.5749	16	298.0000	223.6071
5.9233	17	295.0000	224.2679
6.2718	18	295.0000	224.9286
6.6202	19	300.0000	225.5893
6.9686	20	292.0000	226.2500
7.3171	21	295.0000	226.9107
7.6655	22	294.0000	227.5714
8.0139	23	295.0000	228.2321
8.3624	24	296.0000	228.8929
8.7108	25	302.0000	229.5536
9.0592	26	307.0000	230.2143
9.4077	27	306.0000	230.8750
9.7561	28	310.0000	231.5357
10.1045	29	312.0000	232.1964
10.4530	30	316.0000	232.8571
10.8014	31	318.0000	233.5179
11.1498	32	319.0000	234.1786
11.4983	33	326.0000	234.8393
11.8467	34	334.0000	235.5000
12.1951	35	338.0000	236.1607
12.5436	36	345.0000	236.8214
12.8920	37	357.0000	237.4821
13.2404	38	370.0000	238.1429
13.5889	39	381.0000	238.8036
13.9373	40	396.0000	239.4643
14.2857	41	422.0000	240.1250
14.6341	42	462.0000	240.7857
14.9826	43	510.0000	241.4464
15.3310	44	575.0000	242.1071
15.6794	45	676.0000	242.7679
16.0279	46	779.0000	243.4286
16.3763	47	844.0000	244.0893
16.7247	48	856.0000	244.7500
17.0732	49	823.0000	245.4107
17.4216	50	771.0000	246.0714
17.7700	51	730.0000	246.7321
18.1185	52	686.0000	247.3929
18.4669	53	643.0000	248.0536
18.8153	54	599.0000	248.7143
19.1638	55	559.0000	249.3750
19.5122	56	534.0000	250.0357
19.8606	57	502.0000	250.6964
20.2091	58	479.0000	251.3571
20.5575	59	452.0000	252.0179
20.9059	60	437.0000	252.6786
21.2544	61	422.0000	253.3393
21.6028	62	404.0000	254.0000
21.9512	63	395.0000	254.6607
22.2997	64	384.0000	255.3214
22.6481	65	373.0000	255.9821
22.9965	66	369.0000	256.6429
23.3449	67	355.0000	257.3036
23.6934	68	354.0000	257.9643
24.0418	69	350.0000	258.6250
24.3902	70	340.0000	259.2857
24.7387	71	340.0000	259.9464
25.0871	72	330.0000	260.6071
25.4355	73	332.0000	261.2679
25.7840	74	318.0000	261.9286
26.1324	75	319.0000	262.5893
26.4808	76	312.0000	263.2500
26.8293	77	307.0000	263.9107
27.1777	78	308.0000	264.5714
27.5261	79	304.0000	265.2321
27.8746	80	301.0000	265.8929
28.2230	81	296.0000	266.5536
28.5714	82	300.0000	267.2143
28.9199	83	292.0000	267.8750
29.2683	84	294.0000	268.5357
29.6167	85	289.0000	269.1964
29.9652	86	287.0000	269.8571
30.3136	87	287.0000	270.5179
30.6620	88	285.0000	271.1786
31.0105	89	281.0000	271.8393
31.3589	90	280.0000	272.5000
31.7073	91	281.0000	273.1607
32.0557	92	279.0000	273.8214
32.4042	93	285.0000	274.4821
32.7526	94	275.0000	275.1429
33.1010	95	276.0000	275.8036
33.4495	96	275.0000	276.4643
33.7979	97	275.0000	277.1250
34.1463	98	276.0000	277.7857
34.4948	99	274.0000	278.4464
34.8432	100	277.0000	279.1071
35.1916	101	275.0000	279.7679
35.5401	102	274.0000	280.4286
35.8885	103	278.0000	281.0893
36.2369	104	278.0000	281.7500
36.5854	105	280.0000	282.4107
36.9338	106	283.0000	283.0714
37.2822	107	280.0000	283.7321
37.6307	108	280.0000	284.3929
37.9791	109	277.0000	285.0536
38.3275	110	280.0000	285.7143
38.6760	111	285.0000	286.3750
39.0244	112	286.0000	287.0357
39.3728	113	284.0000	287.6964
39.7213	114	288.0000	288.3571
40.0697	115	289.0000	289.0179
40.4181	116	284.0000	289.6786
40.7666	117	285.0000	290.3393
41.1150	118	291.0000	291.0000
41.4634	119	294.0000	291.1099
41.8118	120	291.0000	291.2198
42.1603	121	284.0000	291.3297
42.5087	122	292.0000	291.4396
42.8571	123	299.0000	291.5494
43.2056	124	295.0000	291.6593
43.5540	125	297.0000	291.7692
43.9024	126	292.0000	291.8791
44.2509	127	296.0000	291.9890
44.5993	128	293.0000	292.0989
44.9477	129	294.0000	292.2088
45.2962	130	289.0000	292.3187
45.6446	131	293.0000	292.4286
45.9930	132	294.0000	292.5385
46.3415	133	294.0000	292.6483
46.6899	134	298.0000	292.7582
47.0383	135	299.0000	292.8681
47.3868	136	298.0000	292.9780
47.7352	137	298.0000	293.0879
48.0836	138	300.0000	293.1978
48.4321	139	295.0000	293.3077
48.7805	140	298.0000	293.4176
49.1289	141	302.0000	293.5275
49.4774	142	301.0000	293.6374
49.8258	143	296.0000	293.7473
50.1742	144	300.0000	293.8571
50.5226	145	302.0000	293.9670
50.8711	146	299.0000	294.0769
51.2195	147	296.0000	294.1868
51.5679	148	302.0000	294.2967
51.9164	149	298.0000	294.4066
52.2648	150	301.0000	294.5165
52.6132	151	298.0000	294.6264
52.9617	152	295.0000	294.7363
53.3101	153	300.0000	294.8462
53.6585	154	299.0000	294.9561
54.0070	155	299.0000	295.0659
54.3554	156	304.0000	295.1758
54.7038	157	303.0000	295.2857
55.0523	158	303.0000	295.3956
55.4007	159	301.0000	295.5055
55.7491	160	303.0000	295.6154
56.0976	161	305.0000	295.7253
56.4460	162	303.0000	295.8352
56.7944	163	301.0000	295.9451
57.1429	164	303.0000	296.0549
57.4913	165	303.0000	296.1648
57.8397	166	300.0000	296.2747
58.1882	167	306.0000	296.3846
58.5366	168	307.0000	296.4945
58.8850	169	304.0000	296.6044
59.2334	170	303.0000	296.7143
59.5819	171	304.0000	296.8242
59.9303	172	304.0000	296.9341
60.2787	173	302.0000	297.0439
60.6272	174	301.0000	297.1538
60.9756	175	297.0000	297.2637
61.3240	176	302.0000	297.3736
61.6725	177	303.0000	297.4835
62.0209	178	302.0000	297.5934
62.3693	179	303.0000	297.7033
62.7178	180	300.0000	297.8132
63.0662	181	300.0000	297.9231
63.4146	182	303.0000	298.0330
63.7631	183	298.0000	298.1429
64.1115	184	303.0000	298.2527
64.4599	185	301.0000	298.3626
64.8084	186	298.0000	298.4725
65.1568	187	300.0000	298.5824
65.5052	188	299.0000	298.6923
65.8537	189	298.0000	298.8022
66.2021	190	302.0000	298.9121
66.5505	191	299.0000	299.0220
66.8990	192	300.0000	299.1319
67.2474	193	297.0000	299.2418
67.5958	194	301.0000	299.3517
67.9443	195	301.0000	299.4615
68.2927	196	299.0000	299.5714
68.6411	197	304.0000	299.6813
68.9895	198	301.0000	299.7912
69.3380	199	300.0000	299.9011
69.6864	200	299.0000	300.0110
70.0348	201	301.0000	300.1209
70.3833	202	302.0000	300.2308
70.7317	203	297.0000	300.3407
71.0801	204	301.0000	300.4506
71.4286	205	298.0000	300.5604
71.7770	206	302.0000	300.6703
72.1254	207	301.0000	300.7802
72.4739	208	302.0000	300.8901
72.8223	209	301.0000	301.0000
73.1707	210	298.0000	301.4386
73.5192	211	301.0000	301.8772
73.8676	212	299.0000	302.3158
74.2160	213	303.0000	302.7544
74.5645	214	304.0000	303.1930
74.9129	215	299.0000	303.6316
75.2613	216	303.0000	304.0702
75.6098	217	301.0000	304.5088
75.9582	218	298.0000	304.9474
76.3066	219	299.0000	305.3860
76.6551	220	303.0000	305.8246
77.0035	221	301.0000	306.2632
77.3519	222	306.0000	306.7018
77.7003	223	304.0000	307.1404
78.0488	224	303.0000	307.5789
78.3972	225	306.0000	308.0175
78.7456	226	301.0000	308.4561
79.0941	227	296.0000	308.8947
79.4425	228	305.0000	309.3333
79.7909	229	306.0000	309.7719
80.1394	230	303.0000	310.2105
80.4878	231	303.0000	310.6491
80.8362	232	301.0000	311.0877
81.1847	233	301.0000	311.5263
81.5331	234	310.0000	311.9649
81.8815	235	307.0000	312.4035
82.2300	236	303.0000	312.8421
82.5784	237	302.0000	313.2807
82.9268	238	302.0000	313.7193
83.2753	239	305.0000	314.1579
83.6237	240	307.0000	314.5965
83.9721	241	297.0000	315.0351
84.3206	242	309.0000	315.4737
84.6690	243	306.0000	315.9123
85.0174	244	307.0000	316.3509
85.3659	245	311.0000	316.7895
85.7143	246	308.0000	317.2281
86.0627	247	308.0000	317.6667
86.4111	248	312.0000	318.1053
86.7596	249	312.0000	318.5439
87.1080	250	316.0000	318.9825
87.4564	251	315.0000	319.4211
87.8049	252	312.0000	319.8596
88.1533	253	311.0000	320.2982
88.5017	254	313.0000	320.7368
88.8502	255	319.0000	321.1754
89.1986	256	319.0000	321.6140
89.5470	257	318.0000	322.0526
89.8955	258	319.0000	322.4912
90.2439	259	324.0000	322.9298
90.5923	260	327.0000	323.3684
90.9408	261	322.0000	323.8070
91.2892	262	328.0000	324.2456
91.6376	263	330.0000	324.6842
91.9861	264	330.0000	325.1228
92.3345	265	331.0000	325.5614
92.6829	266	326.0000	326.0000
93.0314	267	332.0000	327.7619
93.3798	268	332.0000	329.5238
93.7282	269	334.0000	331.2857
94.0767	270	338.0000	333.0476
94.4251	271	335.0000	334.8095
94.7735	272	339.0000	336.5714
95.1220	273	343.0000	338.3333
95.4704	274	340.0000	340.0952
95.8188	275	338.0000	341.8571
96.1672	276	341.0000	343.6190
96.5157	277	340.0000	345.3810
96.8641	278	341.0000	347.1429
97.2125	279	344.0000	348.9048
97.5610	280	342.0000	350.6667
97.9094	281	340.0000	352.4286
98.2578	282	352.0000	354.1905
98.6063	283	356.0000	355.9524
98.9547	284	354.0000	357.7143
99.3031	285	352.0000	359.4762
99.6516	286	359.0000	361.2381
100.0000	287	363.0000	363.0000
---------- 5: Untitled ----------
Offset(%)	Offset(pix)	Profile	Background
0.0000	0	204.0000	204.0000
0.3484	1	215.0000	213.0000
0.6969	2	233.0000	222.0000
1.0453	3	231.0000	231.0000
1.3937	4	216.0000	231.5841
1.7422	5	203.0000	232.1681
2.0906	6	199.0000	232.7522
2.4390	7	217.0000	233.3363
2.7875	8	248.0000	233.9203
3.1359	9	272.0000	234.5044
3.4843	10	282.0000	235.0885
3.8328	11	232.0000	235.6726
4.1812	12	231.0000	236.2566
4.5296	13	265.0000	236.8407
4.8780	14	314.0000	237.4248
5.2265	15	343.0000	238.0089
5.5749	16	322.0000	238.5929
5.9233	17	305.0000	239.1770
6.2718	18	298.0000	239.7611
6.6202	19	291.0000	240.3451
6.9686	20	292.0000	240.9292
7.3171	21	290.0000	241.5133
7.6655	22	292.0000	242.0974
8.0139	23	292.0000	242.6814
8.3624	24	293.0000	243.2655
8.7108	25	297.0000	243.8496
9.0592	26	297.0000	244.4336
9.4077	27	302.0000	245.0177
9.7561	28	308.0000	245.6018
10.1045	29	303.0000	246.1858
10.4530	30	304.0000	246.7699
10.8014	31	303.0000	247.3540
11.1498	32	308.0000	247.9380
11.4983	33	306.0000	248.5221
11.8467	34	307.0000	249.1062
12.1951	35	320.0000	249.6903
12.5436	36	326.0000	250.2743
12.8920	37	332.0000	250.8584
13.2404	38	345.0000	251.4425
13.5889	39	340.0000	252.0266
13.9373	40	363.0000	252.6106
14.2857	41	387.0000	253.1947
14.6341	42	421.0000	253.7788
14.9826	43	476.0000	254.3628
15.3310	44	589.0000	254.9469
15.6794	45	723.0000	255.5310
16.0279	46	914.0000	256.1151
16.3763	47	1023.0000	256.6991
16.7247	48	1023.0000	257.2832
17.0732	49	966.0000	257.8672
17.4216	50	869.0000	258.4513
17.7700	51	782.0000	259.0354
18.1185	52	699.0000	259.6195
18.4669	53	650.0000	260.2036
18.8153	54	565.0000	260.7876
19.1638	55	518.0000	261.3717
19.5122	56	488.0000	261.9557
19.8606	57	462.0000	262.5398
20.2091	58	434.0000	263.1239
20.5575	59	419.0000	263.7080
20.9059	60	407.0000	264.2920
21.2544	61	386.0000	264.8761
21.6028	62	378.0000	265.4602
21.9512	63	374.0000	266.0443
22.2997	64	352.0000	266.6283
22.6481	65	349.0000	267.2124
22.9965	66	349.0000	267.7964
23.3449	67	344.0000	268.3805
23.6934	68	341.0000	268.9646
24.0418	69	333.0000	269.5487
24.3902	70	327.0000	270.1328
24.7387	71	323.0000	270.7168
25.0871	72	318.0000	271.3009
25.4355	73	317.0000	271.8849
25.7840	74	318.0000	272.4690
26.1324	75	310.0000	273.0531
26.4808	76	312.0000	273.6372
26.8293	77	306.0000	274.2213
27.1777	78	302.0000	274.8053
27.5261	79	304.0000	275.3894
27.8746	80	296.0000	275.9734
28.2230	81	299.0000	276.5575
28.5714	82	294.0000	277.1416
28.9199	83	292.0000	277.7256
29.2683	84	288.0000	278.3097
29.6167	85	289.0000	278.8938
29.9652	86	288.0000	279.4779
30.3136	87	287.0000	280.0620
30.6620	88	283.0000	280.6460
31.0105	89	284.0000	281.2301
31.3589	90	283.0000	281.8141
31.7073	91	277.0000	282.3982
32.0557	92	282.0000	282.9823
32.4042	93	276.0000	283.5664
32.7526	94	276.0000	284.1505
33.1010	95	277.0000	284.7345
33.4495	96	279.0000	285.3186
33.7979	97	279.0000	285.9026
34.1463	98	284.0000	286.4867
34.4948	99	282.0000	287.0708
34.8432	100	278.0000	287.6549
35.1916	101	276.0000	288.2390
35.5401	102	281.0000	288.8230
35.8885	103	280.0000	289.4071
36.2369	104	284.0000	289.9911
36.5854	105	281.0000	290.5752
36.9338	106	286.0000	291.1593
37.2822	107	286.0000	291.7433
37.6307	108	288.0000	292.3274
37.9791	109	286.0000	292.9115
38.3275	110	288.0000	293.4956
38.6760	111	288.0000	294.0797
39.0244	112	289.0000	294.6637
39.3728	113	293.0000	295.2478
39.7213	114	295.0000	295.8318
40.0697	115	292.0000	296.4159
40.4181	116	297.0000	297.0000
40.7666	117	292.0000	297.2115
41.1150	118	296.0000	297.4231
41.4634	119	294.0000	297.6346
41.8118	120	295.0000	297.8462
42.1603	121	297.0000	298.0577
42.5087	122	296.0000	298.2692
42.8571	123	297.0000	298.4808
43.2056	124	300.0000	298.6923
43.5540	125	303.0000	298.9038
43.9024	126	301.0000	299.1154
44.2509	127	301.0000	299.3269
44.5993	128	302.0000	299.5385
44.9477	129	303.0000	299.7500
45.2962	130	299.0000	299.9615
45.6446	131	308.0000	300.1731
45.9930	132	302.0000	300.3846
46.3415	133	306.0000	300.5962
46.6899	134	305.0000	300.8077
47.0383	135	304.0000	301.0192
47.3868	136	310.0000	301.2308
47.7352	137	312.0000	301.4423
48.0836	138	310.0000	301.6538
48.4321	139	309.0000	301.8654
48.7805	140	311.0000	302.0769
49.1289	141	314.0000	302.2885
49.4774	142	312.0000	302.5000
49.8258	143	314.0000	302.7115
50.1742	144	309.0000	302.9231
50.5226	145	309.0000	303.1346
50.8711	146	310.0000	303.3462
51.2195	147	307.0000	303.5577
51.5679	148	306.0000	303.7692
51.9164	149	308.0000	303.9808
52.2648	150	311.0000	304.1923
52.6132	151	308.0000	304.4038
52.9617	152	309.0000	304.6154
53.3101	153	308.0000	304.8269
53.6585	154	305.0000	305.0385
54.0070	155	307.0000	305.2500
54.3554	156	310.0000	305.4615
54.7038	157	306.0000	305.6731
55.0523	158	307.0000	305.8846
55.4007	159	310.0000	306.0962
55.7491	160	310.0000	306.3077
56.0976	161	313.0000	306.5192
56.4460	162	312.0000	306.7308
56.7944	163	309.0000	306.9423
57.1429	164	312.0000	307.1538
57.4913	165	312.0000	307.3654
57.8397	166	309.0000	307.5769
58.1882	167	309.0000	307.7885
58.5366	168	308.0000	308.0000
58.8850	169	307.0000	308.0800
59.2334	170	310.0000	308.1600
59.5819	171	310.0000	308.2400
59.9303	172	313.0000	308.3200
60.2787	173	313.0000	308.4000
60.6272	174	309.0000	308.4800
60.9756	175	307.0000	308.5600
61.3240	176	309.0000	308.6400
61.6725	177	310.0000	308.7200
62.0209	178	316.0000	308.8000
62.3693	179	315.0000	308.8800
62.7178	180	311.0000	308.9600
63.0662	181	308.0000	309.0400
63.4146	182	305.0000	309.1200
63.7631	183	306.0000	309.2000
64.1115	184	308.0000	309.2800
64.4599	185	308.0000	309.3600
64.8084	186	314.0000	309.4400
65.1568	187	310.0000	309.5200
65.5052	188	310.0000	309.6000
65.8537	189	309.0000	309.6800
66.2021	190	313.0000	309.7600
66.5505	191	312.0000	309.8400
66.8990	192	307.0000	309.9200
67.2474	193	310.0000	310.0000
67.5958	194	314.0000	310.2558
67.9443	195	308.0000	310.5116
68.2927	196	309.0000	310.7675
68.6411	197	309.0000	311.0233
68.9895	198	310.0000	311.2791
69.3380	199	310.0000	311.5349
69.6864	200	313.0000	311.7907
70.0348	201	311.0000	312.0465
70.3833	202	312.0000	312.3023
70.7317	203	311.0000	312.5581
71.0801	204	313.0000	312.8140
71.4286	205	309.0000	313.0698
71.7770	206	312.0000	313.3256
72.1254	207	314.0000	313.5814
72.4739	208	310.0000	313.8372
72.8223	209	309.0000	314.0930
73.1707	210	310.0000	314.3488
73.5192	211	313.0000	314.6046
73.8676	212	311.0000	314.8605
74.2160	213	317.0000	315.1163
74.5645	214	311.0000	315.3721
74.9129	215	312.0000	315.6279
75.2613	216	313.0000	315.8837
75.6098	217	313.0000	316.1395
75.9582	218	313.0000	316.3954
76.3066	219	318.0000	316.6512
76.6551	220	315.0000	316.9070
77.0035	221	315.0000	317.1628
77.3519	222	312.0000	317.4186
77.7003	223	317.0000	317.6744
78.0488	224	312.0000	317.9302
78.3972	225	316.0000	318.1860
78.7456	226	317.0000	318.4419
79.0941	227	318.0000	318.6977
79.4425	228	321.0000	318.9535
79.7909	229	322.0000	319.2093
80.1394	230	313.0000	319.4651
80.4878	231	321.0000	319.7209
80.8362	232	319.0000	319.9767
81.1847	233	318.0000	320.2325
81.5331	234	323.0000	320.4884
81.8815	235	323.0000	320.7442
82.2300	236	321.0000	321.0000
82.5784	237	320.0000	321.0392
82.9268	238	318.0000	321.0784
83.2753	239	323.0000	321.1176
83.6237	240	322.0000	321.1569
83.9721	241	326.0000	321.1961
84.3206	242	314.0000	321.2353
84.6690	243	320.0000	321.2745
85.0174	244	326.0000	321.3137
85.3659	245	321.0000	321.3529
85.7143	246	326.0000	321.3922
86.0627	247	325.0000	321.4314
86.4111	248	327.0000	321.4706
86.7596	249	321.0000	321.5098
87.1080	250	327.0000	321.5490
87.4564	251	327.0000	321.5882
87.8049	252	328.0000	321.6274
88.1533	253	327.0000	321.6667
88.5017	254	324.0000	321.7059
88.8502	255	330.0000	321.7451
89.1986	256	333.0000	321.7843
89.5470	257	331.0000	321.8235
89.8955	258	332.0000	321.8627
90.2439	259	334.0000	321.9019
90.5923	260	335.0000	321.9412
90.9408	261	331.0000	321.9804
91.2892	262	340.0000	322.0196
91.6376	263	334.0000	322.0588
91.9861	264	337.0000	322.0981
92.3345	265	335.0000	322.1373
92.6829	266	333.0000	322.1765
93.0314	267	333.0000	322.2157
93.3798	268	335.0000	322.2549
93.7282	269	336.0000	322.2941
94.0767	270	335.0000	322.3333
94.4251	271	337.0000	322.3726
94.7735	272	332.0000	322.4118
95.1220	273	334.0000	322.4510
95.4704	274	336.0000	322.4902
95.8188	275	333.0000	322.5294
96.1672	276	330.0000	322.5686
96.5157	277	334.0000	322.6078
96.8641	278	332.0000	322.6471
97.2125	279	328.0000	322.6863
97.5610	280	331.0000	322.7255
97.9094	281	326.0000	322.7647
98.2578	282	330.0000	322.8039
98.6063	283	327.0000	322.8431
98.9547	284	327.0000	322.8824
99.3031	285	327.0000	322.9216
99.6516	286	331.0000	322.9608
100.0000	287	323.0000	323.0000
---------- 6: Untitled ----------
Offset(%)	Offset(pix)	Profile	Background
0.0000	0	221.0000	221.0000
0.3484	1	236.0000	218.8333
0.6969	2	238.0000	216.6667
1.0453	3	228.0000	214.5000
1.3937	4	211.0000	212.3333
1.7422	5	209.0000	210.1667
2.0906	6	208.0000	208.0000
2.4390	7	220.0000	209.0982
2.7875	8	243.0000	210.1964
3.1359	9	258.0000	211.2946
3.4843	10	256.0000	212.3929
3.8328	11	242.0000	213.4911
4.1812	12	240.0000	214.5893
4.5296	13	250.0000	215.6875
4.8780	14	257.0000	216.7857
5.2265	15	246.0000	217.8839
5.5749	16	245.0000	218.9821
5.9233	17	242.0000	220.0804
6.2718	18	243.0000	221.1786
6.6202	19	240.0000	222.2768
6.9686	20	244.0000	223.3750
7.3171	21	243.0000	224.4732
7.6655	22	245.0000	225.5714
8.0139	23	248.0000	226.6696
8.3624	24	252.0000	227.7679
8.7108	25	259.0000	228.8661
9.0592	26	259.0000	229.9643
9.4077	27	259.0000	231.0625
9.7561	28	261.0000	232.1607
10.1045	29	265.0000	233.2589
10.4530	30	270.0000	234.3571
10.8014	31	275.0000	235.4554
11.1498	32	276.0000	236.5536
11.4983	33	279.0000	237.6518
11.8467	34	281.0000	238.7500
12.1951	35	288.0000	239.8482
12.5436	36	292.0000	240.9464
12.8920	37	302.0000	242.0446
13.2404	38	309.0000	243.1429
13.5889	39	328.0000	244.2411
13.9373	40	338.0000	245.3393
14.2857	41	357.0000	246.4375
14.6341	42	382.0000	247.5357
14.9826	43	416.0000	248.6339
15.3310	44	449.0000	249.7321
15.6794	45	508.0000	250.8304
16.0279	46	556.0000	251.9286
16.3763	47	609.0000	253.0268
16.7247	48	625.0000	254.1250
17.0732	49	658.0000	255.2232
17.4216	50	666.0000	256.3214
17.7700	51	668.0000	257.4196
18.1185	52	658.0000	258.5179
18.4669	53	632.0000	259.6161
18.8153	54	629.0000	260.7143
19.1638	55	602.0000	261.8125
19.5122	56	588.0000	262.9107
19.8606	57	575.0000	264.0089
20.2091	58	556.0000	265.1071
20.5575	59	535.0000	266.2054
20.9059	60	522.0000	267.3036
21.2544	61	513.0000	268.4018
21.6028	62	486.0000	269.5000
21.9512	63	483.0000	270.5982
22.2997	64	471.0000	271.6964
22.6481	65	462.0000	272.7946
22.9965	66	453.0000	273.8929
23.3449	67	437.0000	274.9911
23.6934	68	433.0000	276.0893
24.0418	69	428.0000	277.1875
24.3902	70	420.0000	278.2857
24.7387	71	410.0000	279.3839
25.0871	72	405.0000	280.4821
25.4355	73	403.0000	281.5804
25.7840	74	395.0000	282.6786
26.1324	75	393.0000	283.7768
26.4808	76	389.0000	284.8750
26.8293	77	381.0000	285.9732
27.1777	78	369.0000	287.0714
27.5261	79	368.0000	288.1696
27.8746	80	368.0000	289.2679
28.2230	81	361.0000	290.3661
28.5714	82	362.0000	291.4643
28.9199	83	353.0000	292.5625
29.2683	84	353.0000	293.6607
29.6167	85	349.0000	294.7589
29.9652	86	351.0000	295.8571
30.3136	87	347.0000	296.9554
30.6620	88	342.0000	298.0536
31.0105	89	344.0000	299.1518
31.3589	90	336.0000	300.2500
31.7073	91	336.0000	301.3482
32.0557	92	338.0000	302.4464
32.4042	93	331.0000	303.5446
32.7526	94	339.0000	304.6429
33.1010	95	336.0000	305.7411
33.4495	96	331.0000	306.8393
33.7979	97	331.0000	307.9375
34.1463	98	335.0000	309.0357
34.4948	99	328.0000	310.1339
34.8432	100	330.0000	311.2321
35.1916	101	331.0000	312.3304
35.5401	102	325.0000	313.4286
35.8885	103	332.0000	314.5268
36.2369	104	332.0000	315.6250
36.5854	105	327.0000	316.7232
36.9338	106	330.0000	317.8214
37.2822	107	331.0000	318.9196
37.6307	108	333.0000	320.0179
37.9791	109	333.0000	321.1161
38.3275	110	328.0000	322.2143
38.6760	111	330.0000	323.3125
39.0244	112	333.0000	324.4107
39.3728	113	337.0000	325.5089
39.7213	114	339.0000	326.6071
40.0697	115	337.0000	327.7054
40.4181	116	336.0000	328.8036
40.7666	117	335.0000	329.9018
41.1150	118	331.0000	331.0000
41.4634	119	343.0000	331.3214
41.8118	120	341.0000	331.6429
42.1603	121	340.0000	331.9643
42.5087	122	337.0000	332.2857
42.8571	123	345.0000	332.6071
43.2056	124	341.0000	332.9286
43.5540	125	344.0000	333.2500
43.9024	126	342.0000	333.5714
44.2509	127	344.0000	333.8929
44.5993	128	347.0000	334.2143
44.9477	129	342.0000	334.5357
45.2962	130	345.0000	334.8571
45.6446	131	347.0000	335.1786
45.9930	132	342.0000	335.5000
46.3415	133	353.0000	335.8214
46.6899	134	347.0000	336.1429
47.0383	135	349.0000	336.4643
47.3868	136	352.0000	336.7857
47.7352	137	353.0000	337.1071
48.0836	138	351.0000	337.4286
48.4321	139	353.0000	337.7500
48.7805	140	346.0000	338.0714
49.1289	141	354.0000	338.3929
49.4774	142	352.0000	338.7143
49.8258	143	352.0000	339.0357
50.1742	144	353.0000	339.3571
50.5226	145	351.0000	339.6786
50.8711	146	351.0000	340.0000
51.2195	147	353.0000	340.3214
51.5679	148	354.0000	340.6429
51.9164	149	350.0000	340.9643
52.2648	150	354.0000	341.2857
52.6132	151	358.0000	341.6071
52.9617	152	357.0000	341.9286
53.3101	153	354.0000	342.2500
53.6585	154	353.0000	342.5714
54.0070	155	358.0000	342.8929
54.3554	156	353.0000	343.2143
54.7038	157	359.0000	343.5357
55.0523	158	354.0000	343.8571
55.4007	159	356.0000	344.1786
55.7491	160	356.0000	344.5000
56.0976	161	353.0000	344.8214
56.4460	162	350.0000	345.1429
56.7944	163	356.0000	345.4643
57.1429	164	354.0000	345.7857
57.4913	165	353.0000	346.1071
57.8397	166	353.0000	346.4286
58.1882	167	357.0000	346.7500
58.5366	168	357.0000	347.0714
58.8850	169	359.0000	347.3929
59.2334	170	354.0000	347.7143
59.5819	171	354.0000	348.0357
59.9303	172	350.0000	348.3571
60.2787	173	356.0000	348.6786
60.6272	174	357.0000	349.0000
60.9756	175	359.0000	349.3214
61.3240	176	354.0000	349.6429
61.6725	177	353.0000	349.9643
62.0209	178	356.0000	350.2857
62.3693	179	350.0000	350.6071
62.7178	180	345.0000	350.9286
63.0662	181	354.0000	351.2500
63.4146	182	351.0000	351.5714
63.7631	183	351.0000	351.8929
64.1115	184	354.0000	352.2143
64.4599	185	353.0000	352.5357
64.8084	186	348.0000	352.8571
65.1568	187	353.0000	353.1786
65.5052	188	352.0000	353.5000
65.8537	189	355.0000	353.8214
66.2021	190	355.0000	354.1429
66.5505	191	351.0000	354.4643
66.8990	192	352.0000	354.7857
67.2474	193	353.0000	355.1071
67.5958	194	354.0000	355.4286
67.9443	195	350.0000	355.7500
68.2927	196	349.0000	356.0714
68.6411	197	355.0000	356.3929
68.9895	198	351.0000	356.7143
69.3380	199	348.0000	357.0357
69.6864	200	349.0000	357.3571
70.0348	201	353.0000	357.6786
70.3833	202	347.0000	358.0000
70.7317	203	352.0000	358.3214
71.0801	204	346.0000	358.6429
71.4286	205	352.0000	358.9643
71.7770	206	356.0000	359.2857
72.1254	207	350.0000	359.6071
72.4739	208	356.0000	359.9286
72.8223	209	359.0000	360.2500
73.1707	210	354.0000	360.5714
73.5192	211	357.0000	360.8929
73.8676	212	356.0000	361.2143
74.2160	213	357.0000	361.5357
74.5645	214	358.0000	361.8571
74.9129	215	357.0000	362.1786
75.2613	216	358.0000	362.5000
75.6098	217	352.0000	362.8214
75.9582	218	357.0000	363.1429
76.3066	219	366.0000	363.4643
76.6551	220	358.0000	363.7857
77.0035	221	369.0000	364.1071
77.3519	222	365.0000	364.4286
77.7003	223	370.0000	364.7500
78.0488	224	368.0000	365.0714
78.3972	225	367.0000	365.3929
78.7456	226	373.0000	365.7143
79.0941	227	383.0000	366.0357
79.4425	228	376.0000	366.3571
79.7909	229	375.0000	366.6786
80.1394	230	385.0000	367.0000
80.4878	231	386.0000	367.3214
80.8362	232	383.0000	367.6429
81.1847	233	392.0000	367.9643
81.5331	234	396.0000	368.2857
81.8815	235	393.0000	368.6071
82.2300	236	394.0000	368.9286
82.5784	237	394.0000	369.2500
82.9268	238	405.0000	369.5714
83.2753	239	395.0000	369.8929
83.6237	240	415.0000	370.2143
83.9721	241	426.0000	370.5357
84.3206	242	415.0000	370.8571
84.6690	243	415.0000	371.1786
85.0174	244	420.0000	371.5000
85.3659	245	410.0000	371.8214
85.7143	246	424.0000	372.1429
86.0627	247	420.0000	372.4643
86.4111	248	420.0000	372.7857
86.7596	249	432.0000	373.1071
87.1080	250	435.0000	373.4286
87.4564	251	438.0000	373.7500
87.8049	252	431.0000	374.0714
88.1533	253	435.0000	374.3929
88.5017	254	447.0000	374.7143
88.8502	255	434.0000	375.0357
89.1986	256	447.0000	375.3571
89.5470	257	435.0000	375.6786
89.8955	258	444.0000	376.0000
90.2439	259	432.0000	376.3214
90.5923	260	430.0000	376.6429
90.9408	261	441.0000	376.9643
91.2892	262	437.0000	377.2857
91.6376	263	435.0000	377.6071
91.9861	264	437.0000	377.9286
92.3345	265	438.0000	378.2500
92.6829	266	443.0000	378.5714
93.0314	267	434.0000	378.8929
93.3798	268	427.0000	379.2143
93.7282	269	427.0000	379.5357
94.0767	270	433.0000	379.8571
94.4251	271	429.0000	380.1786
94.7735	272	428.0000	380.5000
95.1220	273	426.0000	380.8214
95.4704	274	428.0000	381.1429
95.8188	275	414.0000	381.4643
96.1672	276	419.0000	381.7857
96.5157	277	409.0000	382.1071
96.8641	278	412.0000	382.4286
97.2125	279	404.0000	382.7500
97.5610	280	403.0000	383.0714
97.9094	281	404.0000	383.3929
98.2578	282	398.0000	383.7143
98.6063	283	395.0000	384.0357
98.9547	284	389.0000	384.3571
99.3031	285	386.0000	384.6786
99.6516	286	385.0000	385.0000
100.0000	287	386.0000	386.0000
---------- 7: Untitled ----------
Offset(%)	Offset(pix)	Profile	Background
0.0000	0	218.0000	218.0000
0.3484	1	236.0000	214.2000
0.6969	2	237.0000	210.4000
1.0453	3	219.0000	206.6000
1.3937	4	206.0000	202.8000
1.7422	5	199.0000	199.0000
2.0906	6	206.0000	200.3188
2.4390	7	238.0000	201.6377
2.7875	8	265.0000	202.9565
3.1359	9	279.0000	204.2754
3.4843	10	252.0000	205.5942
3.8328	11	238.0000	206.9130
4.1812	12	257.0000	208.2319
4.5296	13	282.0000	209.5507
4.8780	14	304.0000	210.8696
5.2265	15	281.0000	212.1884
5.5749	16	274.0000	213.5072
5.9233	17	270.0000	214.8261
6.2718	18	272.0000	216.1449
6.6202	19	267.0000	217.4638
6.9686	20	262.0000	218.7826
7.3171	21	255.0000	220.1015
7.6655	22	258.0000	221.4203
8.0139	23	259.0000	222.7391
8.3624	24	269.0000	224.0580
8.7108	25	263.0000	225.3768
9.0592	26	263.0000	226.6956
9.4077	27	265.0000	228.0145
9.7561	28	273.0000	229.3333
10.1045	29	269.0000	230.6522
10.4530	30	277.0000	231.9710
10.8014	31	277.0000	233.2899
11.1498	32	285.0000	234.6087
11.4983	33	284.0000	235.9275
11.8467	34	287.0000	237.2464
12.1951	35	297.0000	238.5652
12.5436	36	303.0000	239.8841
12.8920	37	313.0000	241.2029
13.2404	38	321.0000	242.5217
13.5889	39	340.0000	243.8406
13.9373	40	362.0000	245.1594
14.2857	41	390.0000	246.4783
14.6341	42	437.0000	247.7971
14.9826	43	491.0000	249.1159
15.3310	44	551.0000	250.4348
15.6794	45	604.0000	251.7536
16.0279	46	636.0000	253.0725
16.3763	47	630.0000	254.3913
16.7247	48	605.0000	255.7101
17.0732	49	571.0000	257.0290
17.4216	50	528.0000	258.3478
17.7700	51	496.0000	259.6667
18.1185	52	460.0000	260.9855
18.4669	53	437.0000	262.3044
18.8153	54	410.0000	263.6232
19.1638	55	394.0000	264.9420
19.5122	56	381.0000	266.2609
19.8606	57	366.0000	267.5797
20.2091	58	361.0000	268.8986
20.5575	59	354.0000	270.2174
20.9059	60	348.0000	271.5362
21.2544	61	338.0000	272.8551
21.6028	62	328.0000	274.1739
21.9512	63	324.0000	275.4927
22.2997	64	315.0000	276.8116
22.6481	65	316.0000	278.1304
22.9965	66	309.0000	279.4493
23.3449	67	306.0000	280.7681
23.6934	68	302.0000	282.0870
24.0418	69	301.0000	283.4058
24.3902	70	299.0000	284.7246
24.7387	71	294.0000	286.0435
25.0871	72	293.0000	287.3623
25.4355	73	286.0000	288.6812
25.7840	74	290.0000	290.0000
26.1324	75	286.0000	290.1097
26.4808	76	278.0000	290.2195
26.8293	77	282.0000	290.3293
27.1777	78	277.0000	290.4390
27.5261	79	275.0000	290.5488
27.8746	80	275.0000	290.6585
28.2230	81	277.0000	290.7683
28.5714	82	273.0000	290.8781
28.9199	83	268.0000	290.9878
29.2683	84	270.0000	291.0976
29.6167	85	271.0000	291.2073
29.9652	86	269.0000	291.3171
30.3136	87	270.0000	291.4268
30.6620	88	266.0000	291.5366
31.0105	89	269.0000	291.6463
31.3589	90	273.0000	291.7561
31.7073	91	271.0000	291.8658
32.0557	92	268.0000	291.9756
32.4042	93	271.0000	292.0854
32.7526	94	269.0000	292.1951
33.1010	95	269.0000	292.3049
33.4495	96	275.0000	292.4146
33.7979	97	270.0000	292.5244
34.1463	98	271.0000	292.6342
34.4948	99	276.0000	292.7439
34.8432	100	273.0000	292.8537
35.1916	101	277.0000	292.9634
35.5401	102	274.0000	293.0732
35.8885	103	280.0000	293.1829
36.2369	104	282.0000	293.2927
36.5854	105	279.0000	293.4024
36.9338	106	282.0000	293.5122
37.2822	107	284.0000	293.6219
37.6307	108	289.0000	293.7317
37.9791	109	288.0000	293.8415
38.3275	110	291.0000	293.9512
38.6760	111	290.0000	294.0610
39.0244	112	291.0000	294.1707
39.3728	113	293.0000	294.2805
39.7213	114	295.0000	294.3903
40.0697	115	290.0000	294.5000
40.4181	116	293.0000	294.6097
40.7666	117	296.0000	294.7195
41.1150	118	293.0000	294.8293
41.4634	119	297.0000	294.9390
41.8118	120	292.0000	295.0488
42.1603	121	290.0000	295.1585
42.5087	122	287.0000	295.2683
42.8571	123	292.0000	295.3781
43.2056	124	290.0000	295.4878
43.5540	125	294.0000	295.5976
43.9024	126	293.0000	295.7073
44.2509	127	287.0000	295.8171
44.5993	128	293.0000	295.9268
44.9477	129	296.0000	296.0366
45.2962	130	295.0000	296.1463
45.6446	131	298.0000	296.2561
45.9930	132	301.0000	296.3658
46.3415	133	302.0000	296.4756
46.6899	134	307.0000	296.5854
47.0383	135	309.0000	296.6951
47.3868	136	312.0000	296.8049
47.7352	137	311.0000	296.9146
48.0836	138	315.0000	297.0244
48.4321	139	312.0000	297.1342
48.7805	140	308.0000	297.2439
49.1289	141	319.0000	297.3537
49.4774	142	312.0000	297.4634
49.8258	143	308.0000	297.5732
50.1742	144	310.0000	297.6829
50.5226	145	304.0000	297.7927
50.8711	146	301.0000	297.9024
51.2195	147	300.0000	298.0122
51.5679	148	306.0000	298.1219
51.9164	149	303.0000	298.2317
52.2648	150	303.0000	298.3415
52.6132	151	303.0000	298.4512
52.9617	152	301.0000	298.5610
53.3101	153	296.0000	298.6707
53.6585	154	300.0000	298.7805
54.0070	155	300.0000	298.8903
54.3554	156	299.0000	299.0000
54.7038	157	306.0000	299.2308
55.0523	158	304.0000	299.4615
55.4007	159	303.0000	299.6923
55.7491	160	296.0000	299.9231
56.0976	161	302.0000	300.1538
56.4460	162	303.0000	300.3846
56.7944	163	302.0000	300.6154
57.1429	164	303.0000	300.8462
57.4913	165	299.0000	301.0769
57.8397	166	302.0000	301.3077
58.1882	167	304.0000	301.5385
58.5366	168	304.0000	301.7692
58.8850	169	304.0000	302.0000
59.2334	170	303.0000	302.2308
59.5819	171	303.0000	302.4615
59.9303	172	300.0000	302.6923
60.2787	173	301.0000	302.9231
60.6272	174	300.0000	303.1538
60.9756	175	300.0000	303.3846
61.3240	176	303.0000	303.6154
61.6725	177	305.0000	303.8462
62.0209	178	302.0000	304.0769
62.3693	179	310.0000	304.3077
62.7178	180	305.0000	304.5385
63.0662	181	307.0000	304.7692
63.4146	182	304.0000	305.0000
63.7631	183	302.0000	305.2308
64.1115	184	302.0000	305.4615
64.4599	185	304.0000	305.6923
64.8084	186	302.0000	305.9231
65.1568	187	302.0000	306.1538
65.5052	188	304.0000	306.3846
65.8537	189	306.0000	306.6154
66.2021	190	302.0000	306.8462
66.5505	191	305.0000	307.0769
66.8990	192	308.0000	307.3077
67.2474	193	304.0000	307.5385
67.5958	194	306.0000	307.7692
67.9443	195	308.0000	308.0000
68.2927	196	309.0000	309.1212
68.6411	197	307.0000	310.2424
68.9895	198	311.0000	311.3636
69.3380	199	305.0000	312.4849
69.6864	200	310.0000	313.6060
70.0348	201	306.0000	314.7273
70.3833	202	308.0000	315.8485
70.7317	203	304.0000	316.9697
71.0801	204	307.0000	318.0909
71.4286	205	312.0000	319.2121
71.7770	206	310.0000	320.3333
72.1254	207	310.0000	321.4546
72.4739	208	315.0000	322.5757
72.8223	209	311.0000	323.6970
73.1707	210	318.0000	324.8182
73.5192	211	315.0000	325.9394
73.8676	212	318.0000	327.0606
74.2160	213	317.0000	328.1818
74.5645	214	316.0000	329.3030
74.9129	215	317.0000	330.4243
75.2613	216	321.0000	331.5454
75.6098	217	320.0000	332.6667
75.9582	218	327.0000	333.7879
76.3066	219	325.0000	334.9091
76.6551	220	334.0000	336.0303
77.0035	221	328.0000	337.1515
77.3519	222	332.0000	338.2727
77.7003	223	336.0000	339.3940
78.0488	224	336.0000	340.5151
78.3972	225	337.0000	341.6364
78.7456	226	337.0000	342.7576
79.0941	227	347.0000	343.8788
79.4425	228	345.0000	345.0000
79.7909	229	350.0000	345.6780
80.1394	230	355.0000	346.3559
80.4878	231	367.0000	347.0339
80.8362	232	369.0000	347.7119
81.1847	233	367.0000	348.3898
81.5331	234	370.0000	349.0678
81.8815	235	366.0000	349.7458
82.2300	236	370.0000	350.4237
82.5784	237	372.0000	351.1017
82.9268	238	380.0000	351.7797
83.2753	239	379.0000	352.4576
83.6237	240	382.0000	353.1356
83.9721	241	387.0000	353.8136
84.3206	242	388.0000	354.4915
84.6690	243	394.0000	355.1695
85.0174	244	402.0000	355.8475
85.3659	245	404.0000	356.5254
85.7143	246	404.0000	357.2034
86.0627	247	403.0000	357.8813
86.4111	248	397.0000	358.5593
86.7596	249	409.0000	359.2373
87.1080	250	408.0000	359.9153
87.4564	251	413.0000	360.5932
87.8049	252	413.0000	361.2712
88.1533	253	412.0000	361.9492
88.5017	254	417.0000	362.6271
88.8502	255	417.0000	363.3051
89.1986	256	413.0000	363.9831
89.5470	257	418.0000	364.6610
89.8955	258	422.0000	365.3390
90.2439	259	432.0000	366.0169
90.5923	260	417.0000	366.6949
90.9408	261	416.0000	367.3729
91.2892	262	418.0000	368.0508
91.6376	263	418.0000	368.7288
91.9861	264	421.0000	369.4068
92.3345	265	421.0000	370.0847
92.6829	266	413.0000	370.7627
93.0314	267	418.0000	371.4407
93.3798	268	418.0000	372.1187
93.7282	269	417.0000	372.7966
94.0767	270	421.0000	373.4746
94.4251	271	406.0000	374.1525
94.7735	272	418.0000	374.8305
95.1220	273	409.0000	375.5085
95.4704	274	410.0000	376.1864
95.8188	275	412.0000	376.8644
96.1672	276	401.0000	377.5424
96.5157	277	407.0000	378.2203
96.8641	278	405.0000	378.8983
97.2125	279	406.0000	379.5763
97.5610	280	395.0000	380.2542
97.9094	281	401.0000	380.9322
98.2578	282	394.0000	381.6102
98.6063	283	394.0000	382.2881
98.9547	284	391.0000	382.9661
99.3031	285	393.0000	383.6441
99.6516	286	388.0000	384.3220
100.0000	287	385.0000	385.0000
---------- 8: Untitled ----------
Offset(%)	Offset(pix)	Profile	Background
0.0000	0	224.0000	224.0000
0.3484	1	240.0000	217.0000
0.6969	2	233.0000	210.0000
1.0453	3	209.0000	203.0000
1.3937	4	196.0000	196.0000
1.7422	5	206.0000	196.6557
2.0906	6	216.0000	197.3115
2.4390	7	258.0000	197.9672
2.7875	8	294.0000	198.6230
3.1359	9	293.0000	199.2787
3.4843	10	246.0000	199.9344
3.8328	11	251.0000	200.5902
4.1812	12	280.0000	201.2459
4.5296	13	319.0000	201.9016
4.8780	14	309.0000	202.5574
5.2265	15	289.0000	203.2131
5.5749	16	275.0000	203.8689
5.9233	17	275.0000	204.5246
6.2718	18	269.0000	205.1803
6.6202	19	267.0000	205.8361
6.9686	20	263.0000	206.4918
7.3171	21	264.0000	207.1475
7.6655	22	265.0000	207.8033
8.0139	23	265.0000	208.4590
8.3624	24	263.0000	209.1147
8.7108	25	271.0000	209.7705
9.0592	26	269.0000	210.4262
9.4077	27	268.0000	211.0820
9.7561	28	271.0000	211.7377
10.1045	29	275.0000	212.3934
10.4530	30	273.0000	213.0492
10.8014	31	275.0000	213.7049
11.1498	32	277.0000	214.3607
11.4983	33	281.0000	215.0164
11.8467	34	287.0000	215.6721
12.1951	35	294.0000	216.3279
12.5436	36	306.0000	216.9836
12.8920	37	318.0000	217.6393
13.2404	38	343.0000	218.2951
13.5889	39	372.0000	218.9508
13.9373	40	404.0000	219.6066
14.2857	41	474.0000	220.2623
14.6341	42	582.0000	220.9180
14.9826	43	718.0000	221.5738
15.3310	44	911.0000	222.2295
15.6794	45	1021.0000	222.8853
16.0279	46	1023.0000	223.5410
16.3763	47	948.0000	224.1967
16.7247	48	852.0000	224.8525
17.0732	49	720.0000	225.5082
17.4216	50	646.0000	226.1639
17.7700	51	562.0000	226.8197
18.1185	52	505.0000	227.4754
18.4669	53	464.0000	228.1311
18.8153	54	412.0000	228.7869
19.1638	55	390.0000	229.4426
19.5122	56	369.0000	230.0984
19.8606	57	342.0000	230.7541
20.2091	58	334.0000	231.4098
20.5575	59	318.0000	232.0656
20.9059	60	315.0000	232.7213
21.2544	61	303.0000	233.3770
21.6028	62	293.0000	234.0328
21.9512	63	297.0000	234.6885
22.2997	64	285.0000	235.3443
22.6481	65	283.0000	236.0000
22.9965	66	275.0000	236.6557
23.3449	67	274.0000	237.3115
23.6934	68	271.0000	237.9672
24.0418	69	265.0000	238.6230
24.3902	70	269.0000	239.2787
24.7387	71	263.0000	239.9344
25.0871	72	263.0000	240.5902
25.4355	73	258.0000	241.2459
25.7840	74	255.0000	241.9016
26.1324	75	258.0000	242.5574
26.4808	76	256.0000	243.2131
26.8293	77	258.0000	243.8689
27.1777	78	255.0000	244.5246
27.5261	79	256.0000	245.1803
27.8746	80	251.0000	245.8361
28.2230	81	253.0000	246.4918
28.5714	82	249.0000	247.1475
28.9199	83	255.0000	247.8033
29.2683	84	248.0000	248.4590
29.6167	85	251.0000	249.1147
29.9652	86	249.0000	249.7705
30.3136	87	251.0000	250.4262
30.6620	88	252.0000	251.0820
31.0105	89	249.0000	251.7377
31.3589	90	246.0000	252.3934
31.7073	91	250.0000	253.0492
32.0557	92	250.0000	253.7049
32.4042	93	251.0000	254.3607
32.7526	94	250.0000	255.0164
33.1010	95	248.0000	255.6721
33.4495	96	253.0000	256.3279
33.7979	97	254.0000	256.9836
34.1463	98	252.0000	257.6393
34.4948	99	254.0000	258.2951
34.8432	100	254.0000	258.9508
35.1916	101	256.0000	259.6066
35.5401	102	257.0000	260.2623
35.8885	103	256.0000	260.9180
36.2369	104	259.0000	261.5738
36.5854	105	259.0000	262.2295
36.9338	106	264.0000	262.8853
37.2822	107	267.0000	263.5410
37.6307	108	265.0000	264.1967
37.9791	109	269.0000	264.8525
38.3275	110	271.0000	265.5082
38.6760	111	277.0000	266.1639
39.0244	112	276.0000	266.8197
39.3728	113	273.0000	267.4754
39.7213	114	276.0000	268.1312
40.0697	115	277.0000	268.7869
40.4181	116	276.0000	269.4426
40.7666	117	280.0000	270.0984
41.1150	118	279.0000	270.7541
41.4634	119	280.0000	271.4099
41.8118	120	282.0000	272.0656
42.1603	121	282.0000	272.7213
42.5087	122	277.0000	273.3770
42.8571	123	280.0000	274.0328
43.2056	124	276.0000	274.6885
43.5540	125	281.0000	275.3443
43.9024	126	276.0000	276.0000
44.2509	127	283.0000	276.0714
44.5993	128	280.0000	276.1429
44.9477	129	282.0000	276.2143
45.2962	130	279.0000	276.2857
45.6446	131	280.0000	276.3571
45.9930	132	282.0000	276.4286
46.3415	133	283.0000	276.5000
46.6899	134	280.0000	276.5714
47.0383	135	288.0000	276.6429
47.3868	136	284.0000	276.7143
47.7352	137	281.0000	276.7857
48.0836	138	285.0000	276.8571
48.4321	139	282.0000	276.9286
48.7805	140	282.0000	277.0000
49.1289	141	279.0000	277.0714
49.4774	142	281.0000	277.1429
49.8258	143	280.0000	277.2143
50.1742	144	281.0000	277.2857
50.5226	145	280.0000	277.3571
50.8711	146	279.0000	277.4286
51.2195	147	279.0000	277.5000
51.5679	148	281.0000	277.5714
51.9164	149	279.0000	277.6429
52.2648	150	276.0000	277.7143
52.6132	151	279.0000	277.7857
52.9617	152	279.0000	277.8571
53.3101	153	278.0000	277.9286
53.6585	154	278.0000	278.0000
54.0070	155	278.0000	278.0714
54.3554	156	277.0000	278.1429
54.7038	157	278.0000	278.2143
55.0523	158	277.0000	278.2857
55.4007	159	279.0000	278.3571
55.7491	160	277.0000	278.4286
56.0976	161	279.0000	278.5000
56.4460	162	282.0000	278.5714
56.7944	163	281.0000	278.6429
57.1429	164	281.0000	278.7143
57.4913	165	280.0000	278.7857
57.8397	166	276.0000	278.8571
58.1882	167	282.0000	278.9286
58.5366	168	279.0000	279.0000
58.8850	169	278.0000	279.2273
59.2334	170	276.0000	279.4546
59.5819	171	280.0000	279.6818
59.9303	172	283.0000	279.9091
60.2787	173	286.0000	280.1364
60.6272	174	284.0000	280.3636
60.9756	175	287.0000	280.5909
61.3240	176	288.0000	280.8182
61.6725	177	284.0000	281.0454
62.0209	178	286.0000	281.2727
62.3693	179	289.0000	281.5000
62.7178	180	283.0000	281.7273
63.0662	181	282.0000	281.9546
63.4146	182	286.0000	282.1818
63.7631	183	286.0000	282.4091
64.1115	184	289.0000	282.6364
64.4599	185	292.0000	282.8636
64.8084	186	292.0000	283.0909
65.1568	187	291.0000	283.3182
65.5052	188	286.0000	283.5454
65.8537	189	287.0000	283.7727
66.2021	190	284.0000	284.0000
66.5505	191	288.0000	284.5698
66.8990	192	287.0000	285.1395
67.2474	193	290.0000	285.7093
67.5958	194	290.0000	286.2791
67.9443	195	289.0000	286.8488
68.2927	196	288.0000	287.4186
68.6411	197	294.0000	287.9884
68.9895	198	289.0000	288.5581
69.3380	199	290.0000	289.1279
69.6864	200	292.0000	289.6977
70.0348	201	291.0000	290.2675
70.3833	202	294.0000	290.8372
70.7317	203	295.0000	291.4070
71.0801	204	291.0000	291.9767
71.4286	205	292.0000	292.5465
71.7770	206	296.0000	293.1163
72.1254	207	297.0000	293.6860
72.4739	208	298.0000	294.2558
72.8223	209	293.0000	294.8256
73.1707	210	297.0000	295.3954
73.5192	211	299.0000	295.9651
73.8676	212	301.0000	296.5349
74.2160	213	298.0000	297.1046
74.5645	214	302.0000	297.6744
74.9129	215	301.0000	298.2442
75.2613	216	301.0000	298.8140
75.6098	217	306.0000	299.3837
75.9582	218	306.0000	299.9535
76.3066	219	307.0000	300.5233
76.6551	220	311.0000	301.0930
77.0035	221	310.0000	301.6628
77.3519	222	308.0000	302.2325
77.7003	223	316.0000	302.8023
78.0488	224	317.0000	303.3721
78.3972	225	315.0000	303.9419
78.7456	226	320.0000	304.5116
79.0941	227	321.0000	305.0814
79.4425	228	317.0000	305.6512
79.7909	229	319.0000	306.2209
80.1394	230	331.0000	306.7907
80.4878	231	328.0000	307.3605
80.8362	232	331.0000	307.9302
81.1847	233	328.0000	308.5000
81.5331	234	335.0000	309.0698
81.8815	235	341.0000	309.6395
82.2300	236	333.0000	310.2093
82.5784	237	348.0000	310.7791
82.9268	238	346.0000	311.3488
83.2753	239	356.0000	311.9186
83.6237	240	350.0000	312.4884
83.9721	241	348.0000	313.0581
84.3206	242	358.0000	313.6279
84.6690	243	360.0000	314.1977
85.0174	244	346.0000	314.7675
85.3659	245	360.0000	315.3372
85.7143	246	360.0000	315.9070
86.0627	247	357.0000	316.4767
86.4111	248	362.0000	317.0465
86.7596	249	355.0000	317.6163
87.1080	250	358.0000	318.1860
87.4564	251	355.0000	318.7558
87.8049	252	350.0000	319.3256
88.1533	253	346.0000	319.8954
88.5017	254	337.0000	320.4651
88.8502	255	343.0000	321.0349
89.1986	256	350.0000	321.6046
89.5470	257	343.0000	322.1744
89.8955	258	342.0000	322.7442
90.2439	259	337.0000	323.3140
90.5923	260	349.0000	323.8837
90.9408	261	342.0000	324.4535
91.2892	262	343.0000	325.0233
91.6376	263	347.0000	325.5930
91.9861	264	340.0000	326.1628
92.3345	265	354.0000	326.7325
92.6829	266	347.0000	327.3023
93.0314	267	339.0000	327.8721
93.3798	268	339.0000	328.4419
93.7282	269	344.0000	329.0116
94.0767	270	340.0000	329.5814
94.4251	271	350.0000	330.1512
94.7735	272	340.0000	330.7209
95.1220	273	342.0000	331.2907
95.4704	274	344.0000	331.8605
95.8188	275	337.0000	332.4302
96.1672	276	333.0000	333.0000
96.5157	277	337.0000	334.1818
96.8641	278	338.0000	335.3636
97.2125	279	340.0000	336.5454
97.5610	280	341.0000	337.7273
97.9094	281	337.0000	338.9091
98.2578	282	336.0000	340.0909
98.6063	283	343.0000	341.2727
98.9547	284	344.0000	342.4546
99.3031	285	340.0000	343.6364
99.6516	286	344.0000	344.8182
100.0000	287	346.0000	346.0000
