---------- 1: Untitled ----------			
Offset(%)	Offset(pix)	Profile	Background
0	0	73	73
0.2033	1	73	73.0769
0.4065	2	74	73.1538
0.6098	3	73	73.2308
0.813	4	74	73.3077
1.0163	5	72	73.3846
1.2195	6	73	73.4615
1.4228	7	73	73.5385
1.626	8	74	73.6154
1.8293	9	74	73.6923
2.0325	10	74	73.7692
2.2358	11	73	73.8462
2.439	12	74	73.9231
2.6423	13	74	74
2.8455	14	73	74.0078
3.0488	15	74	74.0155
3.252	16	75	74.0233
3.4553	17	74	74.031
3.6585	18	76	74.0388
3.8618	19	74	74.0465
4.065	20	74	74.0543
4.2683	21	74	74.062
4.4715	22	72	74.0698
4.6748	23	73	74.0775
4.878	24	76	74.0853
5.0813	25	75	74.093
5.2846	26	77	74.1008
5.4878	27	77	74.1085
5.6911	28	74	74.1163
5.8943	29	73	74.124
6.0976	30	73	74.1318
6.3008	31	76	74.1395
6.5041	32	82	74.1473
6.7073	33	111	74.155
6.9106	34	140	74.1628
7.1138	35	131	74.1705
7.3171	36	104	74.1783
7.5203	37	93	74.186
7.7236	38	98	74.1938
7.9268	39	104	74.2016
8.1301	40	117	74.2093
8.3333	41	133	74.2171
8.5366	42	160	74.2248
8.7398	43	174	74.2326
8.9431	44	171	74.2403
9.1463	45	156	74.2481
9.3496	46	138	74.2558
9.5528	47	122	74.2636
9.7561	48	116	74.2713
9.9593	49	109	74.2791
10.1626	50	105	74.2868
10.3659	51	104	74.2946
10.5691	52	103	74.3023
10.7724	53	100	74.3101
10.9756	54	99	74.3178
11.1789	55	99	74.3256
11.3821	56	99	74.3333
11.5854	57	96	74.3411
11.7886	58	96	74.3488
11.9919	59	98	74.3566
12.1951	60	97	74.3643
12.3984	61	99	74.3721
12.6016	62	96	74.3798
12.8049	63	97	74.3876
13.0081	64	97	74.3953
13.2114	65	97	74.4031
13.4146	66	98	74.4109
13.6179	67	95	74.4186
13.8211	68	96	74.4264
14.0244	69	94	74.4341
14.2276	70	96	74.4419
14.4309	71	97	74.4496
14.6341	72	97	74.4574
14.8374	73	97	74.4651
15.0407	74	99	74.4729
15.2439	75	102	74.4806
15.4472	76	105	74.4884
15.6504	77	106	74.4961
15.8537	78	110	74.5039
16.0569	79	116	74.5116
16.2602	80	124	74.5194
16.4634	81	132	74.5271
16.6667	82	139	74.5349
16.8699	83	146	74.5426
17.0732	84	168	74.5504
17.2764	85	184	74.5581
17.4797	86	219	74.5659
17.6829	87	268	74.5736
17.8862	88	337	74.5814
18.0894	89	388	74.5891
18.2927	90	420	74.5969
18.4959	91	434	74.6047
18.6992	92	427	74.6124
18.9024	93	398	74.6202
19.1057	94	376	74.6279
19.3089	95	345	74.6357
19.5122	96	313	74.6434
19.7154	97	290	74.6512
19.9187	98	263	74.6589
20.122	99	239	74.6667
20.3252	100	217	74.6744
20.5285	101	198	74.6822
20.7317	102	180	74.6899
20.935	103	170	74.6977
21.1382	104	157	74.7054
21.3415	105	143	74.7132
21.5447	106	138	74.7209
21.748	107	130	74.7287
21.9512	108	124	74.7364
22.1545	109	119	74.7442
22.3577	110	113	74.7519
22.561	111	111	74.7597
22.7642	112	108	74.7674
22.9675	113	105	74.7752
23.1707	114	102	74.7829
23.374	115	99	74.7907
23.5772	116	99	74.7984
23.7805	117	95	74.8062
23.9837	118	94	74.814
24.187	119	92	74.8217
24.3902	120	91	74.8295
24.5935	121	88	74.8372
24.7967	122	89	74.845
25	123	89	74.8527
25.2033	124	87	74.8605
25.4065	125	85	74.8682
25.6098	126	84	74.876
25.813	127	84	74.8837
26.0163	128	82	74.8915
26.2195	129	82	74.8992
26.4228	130	80	74.907
26.626	131	80	74.9147
26.8293	132	80	74.9225
27.0325	133	79	74.9302
27.2358	134	79	74.938
27.439	135	78	74.9457
27.6423	136	77	74.9535
27.8455	137	77	74.9612
28.0488	138	76	74.969
28.252	139	76	74.9767
28.4553	140	75	74.9845
28.6585	141	74	74.9922
28.8618	142	75	75
29.065	143	75	74.7667
29.2683	144	74	74.5333
29.4715	145	74	74.3
29.6748	146	73	74.0667
29.878	147	74	73.8333
30.0813	148	72	73.6
30.2846	149	73	73.3667
30.4878	150	71	73.1333
30.6911	151	72	72.9
30.8943	152	72	72.6667
31.0976	153	72	72.4333
31.3008	154	70	72.2
31.5041	155	70	71.9667
31.7073	156	71	71.7333
31.9106	157	71	71.5
32.1138	158	70	71.2667
32.3171	159	70	71.0333
32.5203	160	69	70.8
32.7236	161	70	70.5667
32.9268	162	71	70.3333
33.1301	163	70	70.1
33.3333	164	69	69.8667
33.5366	165	71	69.6333
33.7398	166	69	69.4
33.9431	167	69	69.1667
34.1463	168	69	68.9333
34.3496	169	69	68.7
34.5528	170	69	68.4667
34.7561	171	69	68.2333
34.9593	172	68	68
35.1626	173	68	67.9444
35.3659	174	69	67.8889
35.5691	175	68	67.8333
35.7724	176	69	67.7778
35.9756	177	69	67.7222
36.1789	178	69	67.6667
36.3821	179	68	67.6111
36.5854	180	68	67.5556
36.7886	181	69	67.5
36.9919	182	68	67.4444
37.1951	183	68	67.3889
37.3984	184	69	67.3333
37.6016	185	68	67.2778
37.8049	186	68	67.2222
38.0081	187	68	67.1667
38.2114	188	68	67.1111
38.4146	189	68	67.0556
38.6179	190	67	67
38.8211	191	69	66.963
39.0244	192	67	66.9259
39.2276	193	69	66.8889
39.4309	194	68	66.8519
39.6341	195	68	66.8148
39.8374	196	69	66.7778
40.0407	197	68	66.7407
40.2439	198	68	66.7037
40.4472	199	67	66.6667
40.6504	200	68	66.6296
40.8537	201	67	66.5926
41.0569	202	68	66.5556
41.2602	203	68	66.5185
41.4634	204	69	66.4815
41.6667	205	69	66.4444
41.8699	206	68	66.4074
42.0732	207	67	66.3704
42.2764	208	69	66.3333
42.4797	209	67	66.2963
42.6829	210	70	66.2593
42.8862	211	69	66.2222
43.0894	212	69	66.1852
43.2927	213	69	66.1481
43.4959	214	70	66.1111
43.6992	215	70	66.0741
43.9024	216	68	66.037
44.1057	217	66	66
44.3089	218	68	66
44.5122	219	68	66
44.7154	220	68	66
44.9187	221	68	66
45.122	222	68	66
45.3252	223	68	66
45.5285	224	68	66
45.7317	225	67	66
45.935	226	68	66
46.1382	227	68	66
46.3415	228	68	66
46.5447	229	67	66
46.748	230	68	66
46.9512	231	68	66
47.1545	232	68	66
47.3577	233	68	66
47.561	234	68	66
47.7642	235	67	66
47.9675	236	67	66
48.1707	237	67	66
48.374	238	67	66
48.5772	239	67	66
48.7805	240	68	66
48.9837	241	66	66
49.187	242	67	66
49.3902	243	69	66
49.5935	244	69	66
49.7967	245	68	66
50	246	68	66
50.2033	247	67	66
50.4065	248	67	66
50.6098	249	67	66
50.813	250	67	66
51.0163	251	67	66
51.2195	252	68	66
51.4228	253	68	66
51.626	254	68	66
51.8293	255	67	66
52.0325	256	67	66
52.2358	257	67	66
52.439	258	67	66
52.6423	259	68	66
52.8455	260	67	66
53.0488	261	68	66
53.252	262	68	66
53.4553	263	69	66
53.6585	264	69	66
53.8618	265	68	66
54.065	266	68	66
54.2683	267	67	66
54.4715	268	68	66
54.6748	269	68	66
54.878	270	67	66
55.0813	271	67	66
55.2846	272	68	66
55.4878	273	67	66
55.6911	274	67	66
55.8943	275	67	66
56.0976	276	68	66
56.3008	277	66	66
56.5041	278	69	66.1071
56.7073	279	67	66.2143
56.9106	280	69	66.3214
57.1138	281	68	66.4286
57.3171	282	69	66.5357
57.5203	283	67	66.6429
57.7236	284	68	66.75
57.9268	285	67	66.8571
58.1301	286	67	66.9643
58.3333	287	67	67.0714
58.5366	288	68	67.1786
58.7398	289	67	67.2857
58.9431	290	68	67.3929
59.1463	291	67	67.5
59.3496	292	68	67.6071
59.5528	293	68	67.7143
59.7561	294	67	67.8214
59.9593	295	67	67.9286
60.1626	296	67	68.0357
60.3659	297	66	68.1429
60.5691	298	68	68.25
60.7724	299	67	68.3571
60.9756	300	68	68.4643
61.1789	301	67	68.5714
61.3821	302	67	68.6786
61.5854	303	69	68.7857
61.7886	304	67	68.8929
61.9919	305	69	69
62.1951	306	68	68.8636
62.3984	307	67	68.7273
62.6016	308	68	68.5909
62.8049	309	67	68.4545
63.0081	310	68	68.3182
63.2114	311	68	68.1818
63.4146	312	68	68.0455
63.6179	313	68	67.9091
63.8211	314	66	67.7727
64.0244	315	69	67.6364
64.2276	316	68	67.5
64.4309	317	68	67.3636
64.6341	318	67	67.2273
64.8374	319	68	67.0909
65.0407	320	67	66.9545
65.2439	321	67	66.8182
65.4472	322	68	66.6818
65.6504	323	68	66.5455
65.8537	324	68	66.4091
66.0569	325	68	66.2727
66.2602	326	69	66.1364
66.4634	327	66	66
66.6667	328	67	66.0588
66.8699	329	68	66.1176
67.0732	330	68	66.1765
67.2764	331	70	66.2353
67.4797	332	68	66.2941
67.6829	333	67	66.3529
67.8862	334	67	66.4118
68.0894	335	69	66.4706
68.2927	336	67	66.5294
68.4959	337	68	66.5882
68.6992	338	68	66.6471
68.9024	339	68	66.7059
69.1057	340	68	66.7647
69.3089	341	68	66.8235
69.5122	342	68	66.8824
69.7154	343	68	66.9412
69.9187	344	69	67
70.122	345	68	67.0588
70.3252	346	68	67.1176
70.5285	347	68	67.1765
70.7317	348	67	67.2353
70.935	349	68	67.2941
71.1382	350	69	67.3529
71.3415	351	69	67.4118
71.5447	352	69	67.4706
71.748	353	67	67.5294
71.9512	354	68	67.5882
72.1545	355	69	67.6471
72.3577	356	68	67.7059
72.561	357	67	67.7647
72.7642	358	70	67.8235
72.9675	359	67	67.8824
73.1707	360	69	67.9412
73.374	361	68	68
73.5772	362	69	68.0333
73.7805	363	68	68.0667
73.9837	364	68	68.1
74.187	365	69	68.1333
74.3902	366	69	68.1667
74.5935	367	68	68.2
74.7967	368	69	68.2333
75	369	69	68.2667
75.2033	370	68	68.3
75.4065	371	68	68.3333
75.6098	372	69	68.3667
75.813	373	67	68.4
76.0163	374	69	68.4333
76.2195	375	69	68.4667
76.4228	376	67	68.5
76.626	377	67	68.5333
76.8293	378	69	68.5667
77.0325	379	69	68.6
77.2358	380	69	68.6333
77.439	381	68	68.6667
77.6423	382	68	68.7
77.8455	383	69	68.7333
78.0488	384	69	68.7667
78.252	385	69	68.8
78.4553	386	68	68.8333
78.6585	387	69	68.8667
78.8618	388	69	68.9
79.065	389	68	68.9333
79.2683	390	69	68.9667
79.4715	391	69	69
79.6748	392	68	69
79.878	393	69	69
80.0813	394	69	69
80.2846	395	68	69
80.4878	396	68	69
80.6911	397	69	69
80.8943	398	70	69
81.0976	399	69	69
81.3008	400	68	69
81.5041	401	68	69
81.7073	402	69	69
81.9106	403	70	69
82.1138	404	69	69
82.3171	405	68	69
82.5203	406	69	69
82.7236	407	69	69
82.9268	408	69	69
83.1301	409	69	69
83.3333	410	68	69
83.5366	411	69	69
83.7398	412	69	69
83.9431	413	70	69
84.1463	414	70	69
84.3496	415	69	69
84.5528	416	69	69
84.7561	417	68	69
84.9593	418	69	69
85.1626	419	69	69
85.3659	420	68	69
85.5691	421	69	69
85.7724	422	70	69.0455
85.9756	423	70	69.0909
86.1789	424	69	69.1364
86.3821	425	68	69.1818
86.5854	426	69	69.2273
86.7886	427	68	69.2727
86.9919	428	70	69.3182
87.1951	429	68	69.3636
87.3984	430	69	69.4091
87.6016	431	70	69.4545
87.8049	432	69	69.5
88.0081	433	69	69.5455
88.2114	434	69	69.5909
88.4146	435	69	69.6364
88.6179	436	69	69.6818
88.8211	437	69	69.7273
89.0244	438	68	69.7727
89.2276	439	69	69.8182
89.4309	440	69	69.8636
89.6341	441	69	69.9091
89.8374	442	69	69.9545
90.0407	443	70	70
90.2439	444	69	69.9333
90.4472	445	70	69.8667
90.6504	446	70	69.8
90.8537	447	69	69.7333
91.0569	448	69	69.6667
91.2602	449	68	69.6
91.4634	450	69	69.5333
91.6667	451	70	69.4667
91.8699	452	70	69.4
92.0732	453	69	69.3333
92.2764	454	70	69.2667
92.4797	455	69	69.2
92.6829	456	70	69.1333
92.8862	457	70	69.0667
93.0894	458	71	69
93.2927	459	69	68.9333
93.4959	460	70	68.8667
93.6992	461	70	68.8
93.9024	462	70	68.7333
94.1057	463	70	68.6667
94.3089	464	70	68.6
94.5122	465	71	68.5333
94.7154	466	71	68.4667
94.9187	467	70	68.4
95.122	468	69	68.3333
95.3252	469	71	68.2667
95.5285	470	70	68.2
95.7317	471	70	68.1333
95.935	472	69	68.0667
96.1382	473	68	68
96.3415	474	69	68.0526
96.5447	475	70	68.1053
96.748	476	70	68.1579
96.9512	477	70	68.2105
97.1545	478	69	68.2632
97.3577	479	70	68.3158
97.561	480	70	68.3684
97.7642	481	71	68.4211
97.9675	482	69	68.4737
98.1707	483	70	68.5263
98.374	484	70	68.5789
98.5772	485	70	68.6316
98.7805	486	70	68.6842
98.9837	487	69	68.7368
99.187	488	69	68.7895
99.3902	489	70	68.8421
99.5935	490	70	68.8947
99.7967	491	70	68.9474
100	492	69	69
---------- 2: Untitled ----------			
Offset(%)	Offset(pix)	Profile	Background
0	0	75	75
0.2033	1	74	74.7727
0.4065	2	74	74.5455
0.6098	3	73	74.3182
0.813	4	73	74.0909
1.0163	5	73	73.8636
1.2195	6	74	73.6364
1.4228	7	75	73.4091
1.626	8	74	73.1818
1.8293	9	75	72.9545
2.0325	10	75	72.7273
2.2358	11	75	72.5
2.439	12	75	72.2727
2.6423	13	75	72.0455
2.8455	14	75	71.8182
3.0488	15	76	71.5909
3.252	16	74	71.3636
3.4553	17	76	71.1364
3.6585	18	76	70.9091
3.8618	19	73	70.6818
4.065	20	74	70.4545
4.2683	21	71	70.2273
4.4715	22	70	70
4.6748	23	70	70.04
4.878	24	73	70.08
5.0813	25	77	70.12
5.2846	26	79	70.16
5.4878	27	80	70.2
5.6911	28	76	70.24
5.8943	29	73	70.28
6.0976	30	73	70.32
6.3008	31	73	70.36
6.5041	32	71	70.4
6.7073	33	74	70.44
6.9106	34	76	70.48
7.1138	35	79	70.52
7.3171	36	80	70.56
7.5203	37	83	70.6
7.7236	38	85	70.64
7.9268	39	84	70.68
8.1301	40	80	70.72
8.3333	41	79	70.76
8.5366	42	75	70.8
8.7398	43	76	70.84
8.9431	44	78	70.88
9.1463	45	77	70.92
9.3496	46	77	70.96
9.5528	47	76	71
9.7561	48	75	71.04
9.9593	49	76	71.08
10.1626	50	75	71.12
10.3659	51	76	71.16
10.5691	52	76	71.2
10.7724	53	74	71.24
10.9756	54	75	71.28
11.1789	55	77	71.32
11.3821	56	75	71.36
11.5854	57	75	71.4
11.7886	58	76	71.44
11.9919	59	75	71.48
12.1951	60	75	71.52
12.3984	61	75	71.56
12.6016	62	75	71.6
12.8049	63	75	71.64
13.0081	64	74	71.68
13.2114	65	74	71.72
13.4146	66	76	71.76
13.6179	67	73	71.8
13.8211	68	74	71.84
14.0244	69	74	71.88
14.2276	70	74	71.92
14.4309	71	74	71.96
14.6341	72	72	72
14.8374	73	75	72.5333
15.0407	74	75	73.0667
15.2439	75	75	73.6
15.4472	76	74	74.1333
15.6504	77	73	74.6667
15.8537	78	75	75.2
16.0569	79	75	75.7333
16.2602	80	75	76.2667
16.4634	81	76	76.8
16.6667	82	76	77.3333
16.8699	83	77	77.8667
17.0732	84	80	78.4
17.2764	85	78	78.9333
17.4797	86	80	79.4667
17.6829	87	80	80
17.8862	88	83	80.0926
18.0894	89	84	80.1852
18.2927	90	85	80.2778
18.4959	91	86	80.3704
18.6992	92	89	80.463
18.9024	93	91	80.5556
19.1057	94	93	80.6481
19.3089	95	94	80.7407
19.5122	96	96	80.8333
19.7154	97	98	80.9259
19.9187	98	99	81.0185
20.122	99	99	81.1111
20.3252	100	99	81.2037
20.5285	101	101	81.2963
20.7317	102	102	81.3889
20.935	103	103	81.4815
21.1382	104	99	81.5741
21.3415	105	100	81.6667
21.5447	106	102	81.7593
21.748	107	100	81.8519
21.9512	108	100	81.9444
22.1545	109	102	82.037
22.3577	110	99	82.1296
22.561	111	99	82.2222
22.7642	112	99	82.3148
22.9675	113	100	82.4074
23.1707	114	96	82.5
23.374	115	98	82.5926
23.5772	116	98	82.6852
23.7805	117	97	82.7778
23.9837	118	97	82.8704
24.187	119	95	82.963
24.3902	120	95	83.0556
24.5935	121	94	83.1481
24.7967	122	93	83.2407
25	123	93	83.3333
25.2033	124	95	83.4259
25.4065	125	92	83.5185
25.6098	126	93	83.6111
25.813	127	92	83.7037
26.0163	128	93	83.7963
26.2195	129	90	83.8889
26.4228	130	90	83.9815
26.626	131	89	84.0741
26.8293	132	91	84.1667
27.0325	133	89	84.2593
27.2358	134	89	84.3519
27.439	135	88	84.4444
27.6423	136	87	84.537
27.8455	137	89	84.6296
28.0488	138	88	84.7222
28.252	139	86	84.8148
28.4553	140	85	84.9074
28.6585	141	85	85
28.8618	142	86	84.7407
29.065	143	85	84.4815
29.2683	144	86	84.2222
29.4715	145	84	83.963
29.6748	146	85	83.7037
29.878	147	83	83.4444
30.0813	148	84	83.1852
30.2846	149	84	82.9259
30.4878	150	83	82.6667
30.6911	151	83	82.4074
30.8943	152	83	82.1481
31.0976	153	83	81.8889
31.3008	154	81	81.6296
31.5041	155	82	81.3704
31.7073	156	83	81.1111
31.9106	157	81	80.8519
32.1138	158	80	80.5926
32.3171	159	80	80.3333
32.5203	160	80	80.0741
32.7236	161	82	79.8148
32.9268	162	81	79.5556
33.1301	163	80	79.2963
33.3333	164	78	79.037
33.5366	165	81	78.7778
33.7398	166	80	78.5185
33.9431	167	82	78.2593
34.1463	168	78	78
34.3496	169	78	77.9118
34.5528	170	80	77.8235
34.7561	171	79	77.7353
34.9593	172	79	77.6471
35.1626	173	78	77.5588
35.3659	174	81	77.4706
35.5691	175	78	77.3824
35.7724	176	79	77.2941
35.9756	177	78	77.2059
36.1789	178	78	77.1176
36.3821	179	78	77.0294
36.5854	180	78	76.9412
36.7886	181	79	76.8529
36.9919	182	78	76.7647
37.1951	183	76	76.6765
37.3984	184	78	76.5882
37.6016	185	79	76.5
37.8049	186	79	76.4118
38.0081	187	78	76.3235
38.2114	188	77	76.2353
38.4146	189	79	76.1471
38.6179	190	78	76.0588
38.8211	191	78	75.9706
39.0244	192	78	75.8824
39.2276	193	77	75.7941
39.4309	194	77	75.7059
39.6341	195	78	75.6176
39.8374	196	78	75.5294
40.0407	197	77	75.4412
40.2439	198	76	75.3529
40.4472	199	78	75.2647
40.6504	200	76	75.1765
40.8537	201	76	75.0882
41.0569	202	75	75
41.2602	203	76	75
41.4634	204	77	75
41.6667	205	76	75
41.8699	206	76	75
42.0732	207	77	75
42.2764	208	76	75
42.4797	209	76	75
42.6829	210	77	75
42.8862	211	76	75
43.0894	212	74	75
43.2927	213	75	75
43.4959	214	75	75
43.6992	215	76	75
43.9024	216	74	75
44.1057	217	74	75
44.3089	218	74	75
44.5122	219	76	75
44.7154	220	75	75
44.9187	221	75	75
45.122	222	75	74.9333
45.3252	223	76	74.8667
45.5285	224	74	74.8
45.7317	225	75	74.7333
45.935	226	74	74.6667
46.1382	227	75	74.6
46.3415	228	74	74.5333
46.5447	229	75	74.4667
46.748	230	75	74.4
46.9512	231	74	74.3333
47.1545	232	75	74.2667
47.3577	233	75	74.2
47.561	234	74	74.1333
47.7642	235	74	74.0667
47.9675	236	74	74
48.1707	237	74	73.9333
48.374	238	76	73.8667
48.5772	239	75	73.8
48.7805	240	75	73.7333
48.9837	241	74	73.6667
49.187	242	74	73.6
49.3902	243	75	73.5333
49.5935	244	75	73.4667
49.7967	245	74	73.4
50	246	74	73.3333
50.2033	247	73	73.2667
50.4065	248	73	73.2
50.6098	249	74	73.1333
50.813	250	72	73.0667
51.0163	251	73	73
51.2195	252	72	72.9231
51.4228	253	74	72.8462
51.626	254	74	72.7692
51.8293	255	73	72.6923
52.0325	256	73	72.6154
52.2358	257	73	72.5385
52.439	258	74	72.4615
52.6423	259	73	72.3846
52.8455	260	73	72.3077
53.0488	261	73	72.2308
53.252	262	72	72.1538
53.4553	263	73	72.0769
53.6585	264	73	72
53.8618	265	73	71.9231
54.065	266	72	71.8462
54.2683	267	72	71.7692
54.4715	268	73	71.6923
54.6748	269	71	71.6154
54.878	270	71	71.5385
55.0813	271	72	71.4615
55.2846	272	72	71.3846
55.4878	273	72	71.3077
55.6911	274	71	71.2308
55.8943	275	71	71.1538
56.0976	276	71	71.0769
56.3008	277	71	71
56.5041	278	72	70.9737
56.7073	279	71	70.9474
56.9106	280	72	70.9211
57.1138	281	72	70.8947
57.3171	282	71	70.8684
57.5203	283	72	70.8421
57.7236	284	71	70.8158
57.9268	285	71	70.7895
58.1301	286	71	70.7632
58.3333	287	72	70.7368
58.5366	288	72	70.7105
58.7398	289	72	70.6842
58.9431	290	70	70.6579
59.1463	291	72	70.6316
59.3496	292	71	70.6053
59.5528	293	71	70.5789
59.7561	294	73	70.5526
59.9593	295	73	70.5263
60.1626	296	72	70.5
60.3659	297	71	70.4737
60.5691	298	71	70.4474
60.7724	299	72	70.4211
60.9756	300	71	70.3947
61.1789	301	73	70.3684
61.3821	302	72	70.3421
61.5854	303	72	70.3158
61.7886	304	71	70.2895
61.9919	305	71	70.2632
62.1951	306	72	70.2368
62.3984	307	71	70.2105
62.6016	308	70	70.1842
62.8049	309	71	70.1579
63.0081	310	70	70.1316
63.2114	311	70	70.1053
63.4146	312	70	70.0789
63.6179	313	69	70.0526
63.8211	314	69	70.0263
64.0244	315	70	70
64.2276	316	70	69.871
64.4309	317	69	69.7419
64.6341	318	69	69.6129
64.8374	319	68	69.4839
65.0407	320	70	69.3548
65.2439	321	70	69.2258
65.4472	322	69	69.0968
65.6504	323	70	68.9677
65.8537	324	69	68.8387
66.0569	325	68	68.7097
66.2602	326	68	68.5806
66.4634	327	69	68.4516
66.6667	328	68	68.3226
66.8699	329	69	68.1936
67.0732	330	69	68.0645
67.2764	331	69	67.9355
67.4797	332	68	67.8064
67.6829	333	69	67.6774
67.8862	334	69	67.5484
68.0894	335	68	67.4194
68.2927	336	70	67.2903
68.4959	337	69	67.1613
68.6992	338	69	67.0323
68.9024	339	68	66.9032
69.1057	340	69	66.7742
69.3089	341	70	66.6452
69.5122	342	69	66.5161
69.7154	343	69	66.3871
69.9187	344	69	66.2581
70.122	345	68	66.129
70.3252	346	66	66
70.5285	347	69	66.1333
70.7317	348	68	66.2667
70.935	349	69	66.4
71.1382	350	69	66.5333
71.3415	351	68	66.6667
71.5447	352	67	66.8
71.748	353	69	66.9333
71.9512	354	70	67.0667
72.1545	355	70	67.2
72.3577	356	69	67.3333
72.561	357	69	67.4667
72.7642	358	69	67.6
72.9675	359	69	67.7333
73.1707	360	68	67.8667
73.374	361	68	68
73.5772	362	69	68.04
73.7805	363	69	68.08
73.9837	364	69	68.12
74.187	365	68	68.16
74.3902	366	69	68.2
74.5935	367	68	68.24
74.7967	368	68	68.28
75	369	69	68.32
75.2033	370	70	68.36
75.4065	371	69	68.4
75.6098	372	69	68.44
75.813	373	67	68.48
76.0163	374	68	68.52
76.2195	375	69	68.56
76.4228	376	69	68.6
76.626	377	68	68.64
76.8293	378	69	68.68
77.0325	379	68	68.72
77.2358	380	70	68.76
77.439	381	69	68.8
77.6423	382	68	68.84
77.8455	383	69	68.88
78.0488	384	69	68.92
78.252	385	68	68.96
78.4553	386	69	69
78.6585	387	69	68.9655
78.8618	388	67	68.931
79.065	389	69	68.8966
79.2683	390	69	68.8621
79.4715	391	69	68.8276
79.6748	392	70	68.7931
79.878	393	68	68.7586
80.0813	394	70	68.7241
80.2846	395	69	68.6897
80.4878	396	69	68.6552
80.6911	397	70	68.6207
80.8943	398	69	68.5862
81.0976	399	69	68.5517
81.3008	400	69	68.5172
81.5041	401	68	68.4828
81.7073	402	69	68.4483
81.9106	403	70	68.4138
82.1138	404	70	68.3793
82.3171	405	69	68.3448
82.5203	406	69	68.3103
82.7236	407	70	68.2759
82.9268	408	70	68.2414
83.1301	409	69	68.2069
83.3333	410	68	68.1724
83.5366	411	68	68.1379
83.7398	412	68	68.1034
83.9431	413	70	68.069
84.1463	414	69	68.0345
84.3496	415	68	68
84.5528	416	69	68.0811
84.7561	417	70	68.1622
84.9593	418	70	68.2432
85.1626	419	69	68.3243
85.3659	420	69	68.4054
85.5691	421	69	68.4865
85.7724	422	69	68.5676
85.9756	423	69	68.6487
86.1789	424	69	68.7297
86.3821	425	70	68.8108
86.5854	426	70	68.8919
86.7886	427	69	68.973
86.9919	428	70	69.0541
87.1951	429	69	69.1351
87.3984	430	68	69.2162
87.6016	431	71	69.2973
87.8049	432	71	69.3784
88.0081	433	71	69.4595
88.2114	434	70	69.5405
88.4146	435	70	69.6216
88.6179	436	70	69.7027
88.8211	437	70	69.7838
89.0244	438	70	69.8649
89.2276	439	70	69.9459
89.4309	440	70	70.027
89.6341	441	70	70.1081
89.8374	442	71	70.1892
90.0407	443	69	70.2703
90.2439	444	69	70.3513
90.4472	445	70	70.4324
90.6504	446	70	70.5135
90.8537	447	70	70.5946
91.0569	448	70	70.6757
91.2602	449	69	70.7568
91.4634	450	72	70.8378
91.6667	451	72	70.9189
91.8699	452	71	71
92.0732	453	70	70.963
92.2764	454	70	70.9259
92.4797	455	69	70.8889
92.6829	456	70	70.8519
92.8862	457	70	70.8148
93.0894	458	70	70.7778
93.2927	459	70	70.7407
93.4959	460	70	70.7037
93.6992	461	70	70.6667
93.9024	462	69	70.6296
94.1057	463	69	70.5926
94.3089	464	70	70.5556
94.5122	465	70	70.5185
94.7154	466	69	70.4815
94.9187	467	69	70.4444
95.122	468	71	70.4074
95.3252	469	70	70.3704
95.5285	470	71	70.3333
95.7317	471	69	70.2963
95.935	472	70	70.2593
96.1382	473	69	70.2222
96.3415	474	70	70.1852
96.5447	475	70	70.1481
96.748	476	69	70.1111
96.9512	477	71	70.0741
97.1545	478	70	70.037
97.3577	479	70	70
97.561	480	71	69.9231
97.7642	481	69	69.8462
97.9675	482	70	69.7692
98.1707	483	69	69.6923
98.374	484	70	69.6154
98.5772	485	69	69.5385
98.7805	486	69	69.4615
98.9837	487	69	69.3846
99.187	488	69	69.3077
99.3902	489	71	69.2308
99.5935	490	70	69.1538
99.7967	491	70	69.0769
100	492	69	69
---------- 3: Untitled ----------			
Offset(%)	Offset(pix)	Profile	Background
0	0	76	76
0.2033	1	74	75.6522
0.4065	2	76	75.3043
0.6098	3	74	74.9565
0.813	4	74	74.6087
1.0163	5	75	74.2609
1.2195	6	73	73.913
1.4228	7	75	73.5652
1.626	8	74	73.2174
1.8293	9	74	72.8696
2.0325	10	74	72.5217
2.2358	11	76	72.1739
2.439	12	74	71.8261
2.6423	13	75	71.4783
2.8455	14	75	71.1304
3.0488	15	74	70.7826
3.252	16	75	70.4348
3.4553	17	74	70.087
3.6585	18	74	69.7391
3.8618	19	75	69.3913
4.065	20	75	69.0435
4.2683	21	72	68.6956
4.4715	22	72	68.3478
4.6748	23	68	68
4.878	24	70	68.375
5.0813	25	76	68.75
5.2846	26	79	69.125
5.4878	27	78	69.5
5.6911	28	76	69.875
5.8943	29	73	70.25
6.0976	30	71	70.625
6.3008	31	71	71
6.5041	32	71	71.0419
6.7073	33	71	71.0838
6.9106	34	74	71.1257
7.1138	35	79	71.1677
7.3171	36	80	71.2096
7.5203	37	79	71.2515
7.7236	38	82	71.2934
7.9268	39	80	71.3353
8.1301	40	78	71.3772
8.3333	41	74	71.4192
8.5366	42	75	71.4611
8.7398	43	77	71.503
8.9431	44	76	71.5449
9.1463	45	76	71.5868
9.3496	46	75	71.6287
9.5528	47	76	71.6707
9.7561	48	73	71.7126
9.9593	49	75	71.7545
10.1626	50	76	71.7964
10.3659	51	75	71.8383
10.5691	52	75	71.8802
10.7724	53	73	71.9222
10.9756	54	76	71.9641
11.1789	55	74	72.006
11.3821	56	74	72.0479
11.5854	57	75	72.0898
11.7886	58	74	72.1317
11.9919	59	75	72.1737
12.1951	60	76	72.2156
12.3984	61	75	72.2575
12.6016	62	74	72.2994
12.8049	63	74	72.3413
13.0081	64	75	72.3832
13.2114	65	74	72.4251
13.4146	66	74	72.4671
13.6179	67	73	72.509
13.8211	68	75	72.5509
14.0244	69	75	72.5928
14.2276	70	73	72.6347
14.4309	71	73	72.6766
14.6341	72	74	72.7186
14.8374	73	74	72.7605
15.0407	74	75	72.8024
15.2439	75	74	72.8443
15.4472	76	75	72.8862
15.6504	77	74	72.9281
15.8537	78	77	72.9701
16.0569	79	77	73.012
16.2602	80	77	73.0539
16.4634	81	77	73.0958
16.6667	82	78	73.1377
16.8699	83	80	73.1796
17.0732	84	79	73.2216
17.2764	85	80	73.2635
17.4797	86	78	73.3054
17.6829	87	82	73.3473
17.8862	88	83	73.3892
18.0894	89	84	73.4311
18.2927	90	86	73.4731
18.4959	91	88	73.515
18.6992	92	87	73.5569
18.9024	93	90	73.5988
19.1057	94	93	73.6407
19.3089	95	94	73.6826
19.5122	96	95	73.7245
19.7154	97	99	73.7665
19.9187	98	99	73.8084
20.122	99	100	73.8503
20.3252	100	99	73.8922
20.5285	101	102	73.9341
20.7317	102	102	73.9761
20.935	103	102	74.018
21.1382	104	102	74.0599
21.3415	105	100	74.1018
21.5447	106	100	74.1437
21.748	107	101	74.1856
21.9512	108	99	74.2275
22.1545	109	98	74.2695
22.3577	110	101	74.3114
22.561	111	99	74.3533
22.7642	112	98	74.3952
22.9675	113	98	74.4371
23.1707	114	98	74.479
23.374	115	97	74.521
23.5772	116	97	74.5629
23.7805	117	96	74.6048
23.9837	118	95	74.6467
24.187	119	94	74.6886
24.3902	120	94	74.7305
24.5935	121	95	74.7725
24.7967	122	95	74.8144
25	123	94	74.8563
25.2033	124	94	74.8982
25.4065	125	92	74.9401
25.6098	126	93	74.982
25.813	127	92	75.0239
26.0163	128	92	75.0659
26.2195	129	91	75.1078
26.4228	130	91	75.1497
26.626	131	90	75.1916
26.8293	132	89	75.2335
27.0325	133	89	75.2755
27.2358	134	87	75.3174
27.439	135	86	75.3593
27.6423	136	86	75.4012
27.8455	137	88	75.4431
28.0488	138	88	75.485
28.252	139	84	75.5269
28.4553	140	86	75.5689
28.6585	141	85	75.6108
28.8618	142	86	75.6527
29.065	143	85	75.6946
29.2683	144	85	75.7365
29.4715	145	85	75.7784
29.6748	146	84	75.8204
29.878	147	83	75.8623
30.0813	148	82	75.9042
30.2846	149	83	75.9461
30.4878	150	82	75.988
30.6911	151	81	76.0299
30.8943	152	82	76.0719
31.0976	153	81	76.1138
31.3008	154	81	76.1557
31.5041	155	81	76.1976
31.7073	156	82	76.2395
31.9106	157	81	76.2814
32.1138	158	81	76.3234
32.3171	159	80	76.3653
32.5203	160	80	76.4072
32.7236	161	82	76.4491
32.9268	162	81	76.491
33.1301	163	79	76.5329
33.3333	164	80	76.5749
33.5366	165	80	76.6168
33.7398	166	80	76.6587
33.9431	167	79	76.7006
34.1463	168	80	76.7425
34.3496	169	79	76.7844
34.5528	170	81	76.8263
34.7561	171	79	76.8683
34.9593	172	79	76.9102
35.1626	173	77	76.9521
35.3659	174	79	76.994
35.5691	175	78	77.0359
35.7724	176	78	77.0778
35.9756	177	79	77.1198
36.1789	178	79	77.1617
36.3821	179	77	77.2036
36.5854	180	78	77.2455
36.7886	181	79	77.2874
36.9919	182	78	77.3293
37.1951	183	77	77.3713
37.3984	184	78	77.4132
37.6016	185	78	77.4551
37.8049	186	77	77.497
38.0081	187	78	77.5389
38.2114	188	78	77.5808
38.4146	189	77	77.6228
38.6179	190	78	77.6647
38.8211	191	77	77.7066
39.0244	192	77	77.7485
39.2276	193	76	77.7904
39.4309	194	77	77.8323
39.6341	195	76	77.8743
39.8374	196	78	77.9162
40.0407	197	76	77.9581
40.2439	198	78	78
40.4472	199	77	77.8261
40.6504	200	76	77.6522
40.8537	201	76	77.4783
41.0569	202	76	77.3043
41.2602	203	77	77.1304
41.4634	204	78	76.9565
41.6667	205	76	76.7826
41.8699	206	75	76.6087
42.0732	207	76	76.4348
42.2764	208	76	76.2609
42.4797	209	76	76.087
42.6829	210	76	75.913
42.8862	211	74	75.7391
43.0894	212	74	75.5652
43.2927	213	76	75.3913
43.4959	214	76	75.2174
43.6992	215	76	75.0435
43.9024	216	75	74.8696
44.1057	217	75	74.6957
44.3089	218	76	74.5217
44.5122	219	74	74.3478
44.7154	220	74	74.1739
44.9187	221	74	74
45.122	222	74	73.9231
45.3252	223	75	73.8462
45.5285	224	74	73.7692
45.7317	225	75	73.6923
45.935	226	74	73.6154
46.1382	227	75	73.5385
46.3415	228	75	73.4615
46.5447	229	75	73.3846
46.748	230	74	73.3077
46.9512	231	74	73.2308
47.1545	232	75	73.1538
47.3577	233	74	73.0769
47.561	234	77	73
47.7642	235	75	72.9231
47.9675	236	73	72.8462
48.1707	237	73	72.7692
48.374	238	74	72.6923
48.5772	239	75	72.6154
48.7805	240	74	72.5385
48.9837	241	74	72.4615
49.187	242	74	72.3846
49.3902	243	74	72.3077
49.5935	244	73	72.2308
49.7967	245	74	72.1538
50	246	73	72.0769
50.2033	247	74	72
50.4065	248	74	71.9231
50.6098	249	74	71.8462
50.813	250	72	71.7692
51.0163	251	73	71.6923
51.2195	252	72	71.6154
51.4228	253	73	71.5385
51.626	254	73	71.4615
51.8293	255	72	71.3846
52.0325	256	72	71.3077
52.2358	257	75	71.2308
52.439	258	73	71.1538
52.6423	259	74	71.0769
52.8455	260	71	71
53.0488	261	73	71
53.252	262	71	71
53.4553	263	73	71
53.6585	264	71	71
53.8618	265	71	71
54.065	266	72	71
54.2683	267	73	71
54.4715	268	72	71
54.6748	269	72	71
54.878	270	72	71
55.0813	271	71	71
55.2846	272	72	71
55.4878	273	72	71
55.6911	274	72	71
55.8943	275	70	71
56.0976	276	72	71
56.3008	277	72	71
56.5041	278	71	71
56.7073	279	71	70.9722
56.9106	280	71	70.9444
57.1138	281	71	70.9167
57.3171	282	72	70.8889
57.5203	283	72	70.8611
57.7236	284	70	70.8333
57.9268	285	71	70.8056
58.1301	286	71	70.7778
58.3333	287	71	70.75
58.5366	288	70	70.7222
58.7398	289	70	70.6944
58.9431	290	71	70.6667
59.1463	291	73	70.6389
59.3496	292	72	70.6111
59.5528	293	71	70.5833
59.7561	294	72	70.5556
59.9593	295	71	70.5278
60.1626	296	72	70.5
60.3659	297	72	70.4722
60.5691	298	70	70.4444
60.7724	299	71	70.4167
60.9756	300	71	70.3889
61.1789	301	72	70.3611
61.3821	302	73	70.3333
61.5854	303	71	70.3056
61.7886	304	71	70.2778
61.9919	305	70	70.25
62.1951	306	70	70.2222
62.3984	307	70	70.1944
62.6016	308	69	70.1667
62.8049	309	70	70.1389
63.0081	310	70	70.1111
63.2114	311	70	70.0833
63.4146	312	70	70.0556
63.6179	313	71	70.0278
63.8211	314	70	70
64.0244	315	69	69.9362
64.2276	316	71	69.8723
64.4309	317	69	69.8085
64.6341	318	69	69.7447
64.8374	319	70	69.6809
65.0407	320	70	69.617
65.2439	321	69	69.5532
65.4472	322	69	69.4894
65.6504	323	68	69.4255
65.8537	324	69	69.3617
66.0569	325	69	69.2979
66.2602	326	69	69.234
66.4634	327	68	69.1702
66.6667	328	69	69.1064
66.8699	329	69	69.0426
67.0732	330	69	68.9787
67.2764	331	69	68.9149
67.4797	332	69	68.8511
67.6829	333	69	68.7872
67.8862	334	69	68.7234
68.0894	335	69	68.6596
68.2927	336	70	68.5957
68.4959	337	69	68.5319
68.6992	338	69	68.4681
68.9024	339	67	68.4043
69.1057	340	68	68.3404
69.3089	341	69	68.2766
69.5122	342	68	68.2128
69.7154	343	68	68.1489
69.9187	344	69	68.0851
70.122	345	68	68.0213
70.3252	346	68	67.9574
70.5285	347	68	67.8936
70.7317	348	69	67.8298
70.935	349	69	67.766
71.1382	350	69	67.7021
71.3415	351	69	67.6383
71.5447	352	68	67.5745
71.748	353	70	67.5106
71.9512	354	69	67.4468
72.1545	355	70	67.383
72.3577	356	68	67.3192
72.561	357	69	67.2553
72.7642	358	70	67.1915
72.9675	359	68	67.1277
73.1707	360	70	67.0638
73.374	361	67	67
73.5772	362	69	67
73.7805	363	69	67
73.9837	364	69	67
74.187	365	68	67
74.3902	366	69	67
74.5935	367	69	67
74.7967	368	70	67
75	369	69	67
75.2033	370	69	67
75.4065	371	70	67
75.6098	372	70	67
75.813	373	70	67
76.0163	374	70	67
76.2195	375	68	67
76.4228	376	69	67
76.626	377	70	67
76.8293	378	69	67
77.0325	379	69	67
77.2358	380	69	67
77.439	381	69	67
77.6423	382	69	67
77.8455	383	69	67
78.0488	384	70	67
78.252	385	68	67
78.4553	386	68	67
78.6585	387	70	67
78.8618	388	69	67
79.065	389	68	67
79.2683	390	68	67
79.4715	391	67	67
79.6748	392	69	67.0606
79.878	393	69	67.1212
80.0813	394	69	67.1818
80.2846	395	69	67.2424
80.4878	396	68	67.303
80.6911	397	69	67.3636
80.8943	398	70	67.4242
81.0976	399	69	67.4848
81.3008	400	68	67.5455
81.5041	401	69	67.6061
81.7073	402	69	67.6667
81.9106	403	70	67.7273
82.1138	404	69	67.7879
82.3171	405	69	67.8485
82.5203	406	69	67.9091
82.7236	407	68	67.9697
82.9268	408	69	68.0303
83.1301	409	69	68.0909
83.3333	410	69	68.1515
83.5366	411	70	68.2121
83.7398	412	69	68.2727
83.9431	413	69	68.3333
84.1463	414	69	68.3939
84.3496	415	69	68.4545
84.5528	416	69	68.5152
84.7561	417	69	68.5758
84.9593	418	70	68.6364
85.1626	419	69	68.697
85.3659	420	69	68.7576
85.5691	421	69	68.8182
85.7724	422	70	68.8788
85.9756	423	70	68.9394
86.1789	424	69	69
86.3821	425	69	68.9474
86.5854	426	69	68.8947
86.7886	427	70	68.8421
86.9919	428	68	68.7895
87.1951	429	68	68.7368
87.3984	430	69	68.6842
87.6016	431	70	68.6316
87.8049	432	70	68.5789
88.0081	433	69	68.5263
88.2114	434	68	68.4737
88.4146	435	69	68.4211
88.6179	436	70	68.3684
88.8211	437	69	68.3158
89.0244	438	70	68.2632
89.2276	439	69	68.2105
89.4309	440	71	68.1579
89.6341	441	69	68.1053
89.8374	442	69	68.0526
90.0407	443	68	68
90.2439	444	69	68.0313
90.4472	445	70	68.0625
90.6504	446	70	68.0938
90.8537	447	71	68.125
91.0569	448	70	68.1563
91.2602	449	71	68.1875
91.4634	450	69	68.2188
91.6667	451	70	68.25
91.8699	452	69	68.2813
92.0732	453	70	68.3125
92.2764	454	69	68.3438
92.4797	455	70	68.375
92.6829	456	70	68.4063
92.8862	457	70	68.4375
93.0894	458	69	68.4688
93.2927	459	71	68.5
93.4959	460	71	68.5313
93.6992	461	70	68.5625
93.9024	462	70	68.5938
94.1057	463	69	68.625
94.3089	464	71	68.6563
94.5122	465	69	68.6875
94.7154	466	70	68.7188
94.9187	467	70	68.75
95.122	468	70	68.7813
95.3252	469	70	68.8125
95.5285	470	71	68.8438
95.7317	471	71	68.875
95.935	472	71	68.9063
96.1382	473	69	68.9375
96.3415	474	70	68.9688
96.5447	475	69	69
96.748	476	71	69.0588
96.9512	477	69	69.1176
97.1545	478	70	69.1765
97.3577	479	70	69.2353
97.561	480	70	69.2941
97.7642	481	70	69.3529
97.9675	482	70	69.4118
98.1707	483	70	69.4706
98.374	484	70	69.5294
98.5772	485	70	69.5882
98.7805	486	69	69.6471
98.9837	487	70	69.7059
99.187	488	70	69.7647
99.3902	489	71	69.8235
99.5935	490	70	69.8824
99.7967	491	71	69.9412
100	492	70	70
---------- 4: Untitled ----------			
Offset(%)	Offset(pix)	Profile	Background
0	0	75	75
0.2033	1	76	74.8696
0.4065	2	75	74.7391
0.6098	3	75	74.6087
0.813	4	75	74.4783
1.0163	5	74	74.3478
1.2195	6	75	74.2174
1.4228	7	75	74.087
1.626	8	75	73.9565
1.8293	9	75	73.8261
2.0325	10	76	73.6957
2.2358	11	76	73.5652
2.439	12	75	73.4348
2.6423	13	75	73.3043
2.8455	14	75	73.1739
3.0488	15	74	73.0435
3.252	16	76	72.913
3.4553	17	75	72.7826
3.6585	18	75	72.6522
3.8618	19	76	72.5217
4.065	20	75	72.3913
4.2683	21	75	72.2609
4.4715	22	73	72.1304
4.6748	23	72	72
4.878	24	72	72.15
5.0813	25	78	72.3
5.2846	26	81	72.45
5.4878	27	81	72.6
5.6911	28	78	72.75
5.8943	29	75	72.9
6.0976	30	75	73.05
6.3008	31	73	73.2
6.5041	32	73	73.35
6.7073	33	78	73.5
6.9106	34	94	73.65
7.1138	35	111	73.8
7.3171	36	100	73.95
7.5203	37	85	74.1
7.7236	38	84	74.25
7.9268	39	90	74.4
8.1301	40	102	74.55
8.3333	41	111	74.7
8.5366	42	116	74.85
8.7398	43	125	75
8.9431	44	124	75.15
9.1463	45	114	75.3
9.3496	46	98	75.45
9.5528	47	86	75.6
9.7561	48	81	75.75
9.9593	49	81	75.9
10.1626	50	79	76.05
10.3659	51	78	76.2
10.5691	52	78	76.35
10.7724	53	79	76.5
10.9756	54	77	76.65
11.1789	55	78	76.8
11.3821	56	77	76.95
11.5854	57	78	77.1
11.7886	58	78	77.25
11.9919	59	77	77.4
12.1951	60	78	77.55
12.3984	61	79	77.7
12.6016	62	78	77.85
12.8049	63	78	78
13.0081	64	78	77.8765
13.2114	65	78	77.7531
13.4146	66	79	77.6296
13.6179	67	79	77.5062
13.8211	68	77	77.3827
14.0244	69	79	77.2593
14.2276	70	79	77.1358
14.4309	71	78	77.0123
14.6341	72	81	76.8889
14.8374	73	81	76.7654
15.0407	74	80	76.642
15.2439	75	79	76.5185
15.4472	76	81	76.3951
15.6504	77	81	76.2716
15.8537	78	83	76.1481
16.0569	79	83	76.0247
16.2602	80	84	75.9012
16.4634	81	86	75.7778
16.6667	82	87	75.6543
16.8699	83	89	75.5309
17.0732	84	91	75.4074
17.2764	85	95	75.284
17.4797	86	101	75.1605
17.6829	87	111	75.037
17.8862	88	127	74.9136
18.0894	89	146	74.7901
18.2927	90	170	74.6667
18.4959	91	186	74.5432
18.6992	92	192	74.4198
18.9024	93	191	74.2963
19.1057	94	180	74.1728
19.3089	95	168	74.0494
19.5122	96	158	73.9259
19.7154	97	145	73.8025
19.9187	98	135	73.679
20.122	99	128	73.5556
20.3252	100	117	73.4321
20.5285	101	113	73.3086
20.7317	102	107	73.1852
20.935	103	103	73.0617
21.1382	104	98	72.9383
21.3415	105	93	72.8148
21.5447	106	92	72.6914
21.748	107	90	72.5679
21.9512	108	88	72.4444
22.1545	109	86	72.321
22.3577	110	84	72.1975
22.561	111	84	72.0741
22.7642	112	83	71.9506
22.9675	113	81	71.8272
23.1707	114	80	71.7037
23.374	115	79	71.5802
23.5772	116	78	71.4568
23.7805	117	79	71.3333
23.9837	118	79	71.2099
24.187	119	75	71.0864
24.3902	120	77	70.963
24.5935	121	74	70.8395
24.7967	122	75	70.716
25	123	75	70.5926
25.2033	124	73	70.4691
25.4065	125	74	70.3457
25.6098	126	74	70.2222
25.813	127	73	70.0988
26.0163	128	73	69.9753
26.2195	129	72	69.8519
26.4228	130	72	69.7284
26.626	131	72	69.6049
26.8293	132	72	69.4815
27.0325	133	72	69.358
27.2358	134	70	69.2346
27.439	135	70	69.1111
27.6423	136	70	68.9877
27.8455	137	71	68.8642
28.0488	138	70	68.7407
28.252	139	69	68.6173
28.4553	140	70	68.4938
28.6585	141	71	68.3704
28.8618	142	70	68.2469
29.065	143	69	68.1235
29.2683	144	68	68
29.4715	145	69	67.9167
29.6748	146	68	67.8333
29.878	147	69	67.75
30.0813	148	69	67.6667
30.2846	149	69	67.5833
30.4878	150	68	67.5
30.6911	151	69	67.4167
30.8943	152	69	67.3333
31.0976	153	68	67.25
31.3008	154	67	67.1667
31.5041	155	69	67.0833
31.7073	156	67	67
31.9106	157	68	66.9167
32.1138	158	67	66.8333
32.3171	159	68	66.75
32.5203	160	67	66.6667
32.7236	161	67	66.5833
32.9268	162	67	66.5
33.1301	163	67	66.4167
33.3333	164	67	66.3333
33.5366	165	67	66.25
33.7398	166	66	66.1667
33.9431	167	66	66.0833
34.1463	168	66	66
34.3496	169	67	65.9545
34.5528	170	67	65.9091
34.7561	171	68	65.8636
34.9593	172	67	65.8182
35.1626	173	66	65.7727
35.3659	174	68	65.7273
35.5691	175	66	65.6818
35.7724	176	66	65.6364
35.9756	177	66	65.5909
36.1789	178	67	65.5455
36.3821	179	67	65.5
36.5854	180	68	65.4545
36.7886	181	66	65.4091
36.9919	182	67	65.3636
37.1951	183	66	65.3182
37.3984	184	68	65.2727
37.6016	185	67	65.2273
37.8049	186	67	65.1818
38.0081	187	66	65.1364
38.2114	188	67	65.0909
38.4146	189	67	65.0455
38.6179	190	65	65
38.8211	191	66	65.027
39.0244	192	68	65.0541
39.2276	193	67	65.0811
39.4309	194	68	65.1081
39.6341	195	68	65.1351
39.8374	196	67	65.1622
40.0407	197	67	65.1892
40.2439	198	67	65.2162
40.4472	199	68	65.2432
40.6504	200	68	65.2703
40.8537	201	67	65.2973
41.0569	202	67	65.3243
41.2602	203	68	65.3513
41.4634	204	68	65.3784
41.6667	205	68	65.4054
41.8699	206	67	65.4324
42.0732	207	68	65.4595
42.2764	208	67	65.4865
42.4797	209	68	65.5135
42.6829	210	67	65.5405
42.8862	211	67	65.5676
43.0894	212	68	65.5946
43.2927	213	68	65.6216
43.4959	214	69	65.6487
43.6992	215	69	65.6757
43.9024	216	68	65.7027
44.1057	217	67	65.7297
44.3089	218	68	65.7568
44.5122	219	68	65.7838
44.7154	220	68	65.8108
44.9187	221	67	65.8378
45.122	222	67	65.8649
45.3252	223	68	65.8919
45.5285	224	68	65.9189
45.7317	225	67	65.9459
45.935	226	68	65.973
46.1382	227	66	66
46.3415	228	68	66.1667
46.5447	229	68	66.3333
46.748	230	68	66.5
46.9512	231	68	66.6667
47.1545	232	67	66.8333
47.3577	233	68	67
47.561	234	67	67.1667
47.7642	235	68	67.3333
47.9675	236	67	67.5
48.1707	237	67	67.6667
48.374	238	68	67.8333
48.5772	239	68	68
48.7805	240	67	68.1667
48.9837	241	67	68.3333
49.187	242	68	68.5
49.3902	243	69	68.6667
49.5935	244	67	68.8333
49.7967	245	69	69
50	246	67	68.9091
50.2033	247	68	68.8182
50.4065	248	68	68.7273
50.6098	249	67	68.6364
50.813	250	67	68.5455
51.0163	251	67	68.4545
51.2195	252	67	68.3636
51.4228	253	68	68.2727
51.626	254	68	68.1818
51.8293	255	68	68.0909
52.0325	256	68	68
52.2358	257	69	67.9091
52.439	258	67	67.8182
52.6423	259	67	67.7273
52.8455	260	67	67.6364
53.0488	261	67	67.5455
53.252	262	68	67.4545
53.4553	263	67	67.3636
53.6585	264	67	67.2727
53.8618	265	68	67.1818
54.065	266	68	67.0909
54.2683	267	68	67
54.4715	268	67	66.9091
54.6748	269	66	66.8182
54.878	270	68	66.7273
55.0813	271	67	66.6364
55.2846	272	68	66.5455
55.4878	273	66	66.4545
55.6911	274	67	66.3636
55.8943	275	68	66.2727
56.0976	276	67	66.1818
56.3008	277	67	66.0909
56.5041	278	66	66
56.7073	279	67	66
56.9106	280	67	66
57.1138	281	66	66
57.3171	282	67	66
57.5203	283	67	66
57.7236	284	68	66
57.9268	285	68	66
58.1301	286	68	66
58.3333	287	69	66
58.5366	288	68	66
58.7398	289	66	66
58.9431	290	67	66
59.1463	291	68	66
59.3496	292	69	66
59.5528	293	68	66
59.7561	294	67	66
59.9593	295	67	66
60.1626	296	68	66
60.3659	297	69	66
60.5691	298	67	66
60.7724	299	67	66
60.9756	300	68	66
61.1789	301	70	66
61.3821	302	66	66
61.5854	303	66	66
61.7886	304	67	66
61.9919	305	67	66
62.1951	306	66	66
62.3984	307	68	66
62.6016	308	67	66
62.8049	309	67	66
63.0081	310	67	66
63.2114	311	68	66
63.4146	312	67	66
63.6179	313	67	66
63.8211	314	68	66
64.0244	315	67	66
64.2276	316	67	66
64.4309	317	68	66
64.6341	318	68	66
64.8374	319	67	66
65.0407	320	68	66
65.2439	321	68	66
65.4472	322	68	66
65.6504	323	66	66
65.8537	324	69	66.0588
66.0569	325	67	66.1176
66.2602	326	68	66.1765
66.4634	327	68	66.2353
66.6667	328	68	66.2941
66.8699	329	68	66.3529
67.0732	330	67	66.4118
67.2764	331	68	66.4706
67.4797	332	67	66.5294
67.6829	333	67	66.5882
67.8862	334	67	66.6471
68.0894	335	68	66.7059
68.2927	336	68	66.7647
68.4959	337	69	66.8235
68.6992	338	67	66.8824
68.9024	339	69	66.9412
69.1057	340	67	67
69.3089	341	67	67.0588
69.5122	342	68	67.1176
69.7154	343	68	67.1765
69.9187	344	67	67.2353
70.122	345	68	67.2941
70.3252	346	67	67.3529
70.5285	347	68	67.4118
70.7317	348	68	67.4706
70.935	349	69	67.5294
71.1382	350	69	67.5882
71.3415	351	67	67.6471
71.5447	352	67	67.7059
71.748	353	69	67.7647
71.9512	354	67	67.8235
72.1545	355	68	67.8824
72.3577	356	69	67.9412
72.561	357	68	68
72.7642	358	69	68.0156
72.9675	359	68	68.0313
73.1707	360	68	68.0469
73.374	361	68	68.0625
73.5772	362	68	68.0781
73.7805	363	69	68.0938
73.9837	364	69	68.1094
74.187	365	70	68.125
74.3902	366	69	68.1406
74.5935	367	70	68.1563
74.7967	368	69	68.1719
75	369	70	68.1875
75.2033	370	68	68.2031
75.4065	371	69	68.2188
75.6098	372	69	68.2344
75.813	373	70	68.25
76.0163	374	69	68.2656
76.2195	375	69	68.2813
76.4228	376	70	68.2969
76.626	377	70	68.3125
76.8293	378	71	68.3281
77.0325	379	70	68.3438
77.2358	380	69	68.3594
77.439	381	70	68.375
77.6423	382	70	68.3906
77.8455	383	68	68.4063
78.0488	384	69	68.4219
78.252	385	70	68.4375
78.4553	386	68	68.4531
78.6585	387	69	68.4688
78.8618	388	69	68.4844
79.065	389	69	68.5
79.2683	390	70	68.5156
79.4715	391	69	68.5313
79.6748	392	68	68.5469
79.878	393	68	68.5625
80.0813	394	67	68.5781
80.2846	395	68	68.5938
80.4878	396	69	68.6094
80.6911	397	69	68.625
80.8943	398	70	68.6406
81.0976	399	69	68.6563
81.3008	400	68	68.6719
81.5041	401	69	68.6875
81.7073	402	70	68.7031
81.9106	403	68	68.7188
82.1138	404	69	68.7344
82.3171	405	69	68.75
82.5203	406	70	68.7656
82.7236	407	70	68.7813
82.9268	408	69	68.7969
83.1301	409	69	68.8125
83.3333	410	69	68.8281
83.5366	411	70	68.8438
83.7398	412	70	68.8594
83.9431	413	69	68.875
84.1463	414	68	68.8906
84.3496	415	68	68.9063
84.5528	416	70	68.9219
84.7561	417	70	68.9375
84.9593	418	68	68.9531
85.1626	419	69	68.9688
85.3659	420	68	68.9844
85.5691	421	69	69
85.7724	422	69	68.9412
85.9756	423	68	68.8824
86.1789	424	68	68.8235
86.3821	425	68	68.7647
86.5854	426	70	68.7059
86.7886	427	69	68.6471
86.9919	428	69	68.5882
87.1951	429	70	68.5294
87.3984	430	69	68.4706
87.6016	431	70	68.4118
87.8049	432	71	68.3529
88.0081	433	68	68.2941
88.2114	434	69	68.2353
88.4146	435	70	68.1765
88.6179	436	69	68.1176
88.8211	437	69	68.0588
89.0244	438	68	68
89.2276	439	70	68.0444
89.4309	440	70	68.0889
89.6341	441	70	68.1333
89.8374	442	71	68.1778
90.0407	443	69	68.2222
90.2439	444	69	68.2667
90.4472	445	71	68.3111
90.6504	446	69	68.3556
90.8537	447	70	68.4
91.0569	448	70	68.4444
91.2602	449	70	68.4889
91.4634	450	71	68.5333
91.6667	451	70	68.5778
91.8699	452	69	68.6222
92.0732	453	69	68.6667
92.2764	454	70	68.7111
92.4797	455	70	68.7556
92.6829	456	69	68.8
92.8862	457	70	68.8444
93.0894	458	70	68.8889
93.2927	459	69	68.9333
93.4959	460	70	68.9778
93.6992	461	70	69.0222
93.9024	462	71	69.0667
94.1057	463	70	69.1111
94.3089	464	70	69.1556
94.5122	465	70	69.2
94.7154	466	71	69.2444
94.9187	467	70	69.2889
95.122	468	70	69.3333
95.3252	469	71	69.3778
95.5285	470	71	69.4222
95.7317	471	70	69.4667
95.935	472	70	69.5111
96.1382	473	69	69.5556
96.3415	474	72	69.6
96.5447	475	71	69.6444
96.748	476	70	69.6889
96.9512	477	70	69.7333
97.1545	478	71	69.7778
97.3577	479	71	69.8222
97.561	480	69	69.8667
97.7642	481	69	69.9111
97.9675	482	71	69.9556
98.1707	483	70	70
98.374	484	71	70
98.5772	485	70	70
98.7805	486	71	70
98.9837	487	70	70
99.187	488	70	70
99.3902	489	71	70
99.5935	490	69	70
99.7967	491	69	70
100	492	70	70
---------- 5: Untitled ----------			
Offset(%)	Offset(pix)	Profile	Background
0	0	78	78
0.2033	1	76	77.7391
0.4065	2	78	77.4783
0.6098	3	77	77.2174
0.813	4	77	76.9565
1.0163	5	78	76.6957
1.2195	6	78	76.4348
1.4228	7	77	76.1739
1.626	8	77	75.913
1.8293	9	76	75.6522
2.0325	10	79	75.3913
2.2358	11	77	75.1304
2.439	12	77	74.8696
2.6423	13	77	74.6087
2.8455	14	77	74.3478
3.0488	15	78	74.087
3.252	16	77	73.8261
3.4553	17	77	73.5652
3.6585	18	78	73.3044
3.8618	19	78	73.0435
4.065	20	79	72.7826
4.2683	21	75	72.5217
4.4715	22	73	72.2609
4.6748	23	72	72
4.878	24	74	72.0588
5.0813	25	80	72.1176
5.2846	26	82	72.1765
5.4878	27	81	72.2353
5.6911	28	79	72.2941
5.8943	29	77	72.3529
6.0976	30	75	72.4118
6.3008	31	70	72.4706
6.5041	32	68	72.5294
6.7073	33	71	72.5882
6.9106	34	70	72.6471
7.1138	35	73	72.7059
7.3171	36	77	72.7647
7.5203	37	87	72.8235
7.7236	38	91	72.8824
7.9268	39	85	72.9412
8.1301	40	81	73
8.3333	41	77	73.0588
8.5366	42	78	73.1176
8.7398	43	79	73.1765
8.9431	44	79	73.2353
9.1463	45	78	73.2941
9.3496	46	79	73.3529
9.5528	47	79	73.4118
9.7561	48	78	73.4706
9.9593	49	77	73.5294
10.1626	50	75	73.5882
10.3659	51	76	73.6471
10.5691	52	75	73.7059
10.7724	53	76	73.7647
10.9756	54	75	73.8235
11.1789	55	75	73.8824
11.3821	56	76	73.9412
11.5854	57	75	74
11.7886	58	77	74.0588
11.9919	59	76	74.1176
12.1951	60	76	74.1765
12.3984	61	76	74.2353
12.6016	62	76	74.2941
12.8049	63	77	74.3529
13.0081	64	76	74.4118
13.2114	65	76	74.4706
13.4146	66	77	74.5294
13.6179	67	75	74.5882
13.8211	68	75	74.6471
14.0244	69	75	74.7059
14.2276	70	75	74.7647
14.4309	71	76	74.8235
14.6341	72	75	74.8824
14.8374	73	76	74.9412
15.0407	74	75	75
15.2439	75	74	75.0714
15.4472	76	75	75.1429
15.6504	77	75	75.2143
15.8537	78	75	75.2857
16.0569	79	74	75.3571
16.2602	80	74	75.4286
16.4634	81	76	75.5
16.6667	82	76	75.5714
16.8699	83	76	75.6429
17.0732	84	74	75.7143
17.2764	85	76	75.7857
17.4797	86	76	75.8571
17.6829	87	77	75.9286
17.8862	88	76	76
18.0894	89	77	75.9455
18.2927	90	78	75.8909
18.4959	91	80	75.8364
18.6992	92	80	75.7818
18.9024	93	81	75.7273
19.1057	94	81	75.6727
19.3089	95	83	75.6182
19.5122	96	82	75.5636
19.7154	97	84	75.5091
19.9187	98	86	75.4545
20.122	99	85	75.4
20.3252	100	85	75.3455
20.5285	101	84	75.2909
20.7317	102	84	75.2364
20.935	103	86	75.1818
21.1382	104	85	75.1273
21.3415	105	87	75.0727
21.5447	106	85	75.0182
21.748	107	84	74.9636
21.9512	108	84	74.9091
22.1545	109	83	74.8545
22.3577	110	83	74.8
22.561	111	83	74.7455
22.7642	112	84	74.6909
22.9675	113	82	74.6364
23.1707	114	81	74.5818
23.374	115	81	74.5273
23.5772	116	82	74.4727
23.7805	117	81	74.4182
23.9837	118	81	74.3636
24.187	119	79	74.3091
24.3902	120	78	74.2545
24.5935	121	79	74.2
24.7967	122	79	74.1455
25	123	80	74.0909
25.2033	124	80	74.0364
25.4065	125	78	73.9818
25.6098	126	78	73.9273
25.813	127	78	73.8727
26.0163	128	77	73.8182
26.2195	129	78	73.7636
26.4228	130	77	73.7091
26.626	131	78	73.6545
26.8293	132	76	73.6
27.0325	133	77	73.5455
27.2358	134	76	73.4909
27.439	135	76	73.4364
27.6423	136	75	73.3818
27.8455	137	75	73.3273
28.0488	138	74	73.2727
28.252	139	74	73.2182
28.4553	140	74	73.1636
28.6585	141	74	73.1091
28.8618	142	73	73.0545
29.065	143	73	73
29.2683	144	73	72.8929
29.4715	145	72	72.7857
29.6748	146	74	72.6786
29.878	147	73	72.5714
30.0813	148	73	72.4643
30.2846	149	72	72.3571
30.4878	150	71	72.25
30.6911	151	73	72.1429
30.8943	152	71	72.0357
31.0976	153	71	71.9286
31.3008	154	72	71.8214
31.5041	155	72	71.7143
31.7073	156	70	71.6071
31.9106	157	71	71.5
32.1138	158	71	71.3929
32.3171	159	70	71.2857
32.5203	160	71	71.1786
32.7236	161	71	71.0714
32.9268	162	71	70.9643
33.1301	163	71	70.8571
33.3333	164	71	70.75
33.5366	165	72	70.6429
33.7398	166	71	70.5357
33.9431	167	70	70.4286
34.1463	168	71	70.3214
34.3496	169	71	70.2143
34.5528	170	69	70.1071
34.7561	171	70	70
34.9593	172	69	70
35.1626	173	70	70
35.3659	174	70	70
35.5691	175	70	70
35.7724	176	69	70
35.9756	177	70	70
36.1789	178	70	70
36.3821	179	70	70
36.5854	180	69	70
36.7886	181	69	70
36.9919	182	69	70
37.1951	183	71	70
37.3984	184	70	70
37.6016	185	70	70
37.8049	186	70	70
38.0081	187	70	70
38.2114	188	70	70
38.4146	189	70	70
38.6179	190	70	70
38.8211	191	70	69.9565
39.0244	192	69	69.913
39.2276	193	70	69.8696
39.4309	194	71	69.8261
39.6341	195	70	69.7826
39.8374	196	70	69.7391
40.0407	197	69	69.6957
40.2439	198	70	69.6522
40.4472	199	71	69.6087
40.6504	200	69	69.5652
40.8537	201	69	69.5217
41.0569	202	69	69.4783
41.2602	203	70	69.4348
41.4634	204	70	69.3913
41.6667	205	69	69.3478
41.8699	206	69	69.3043
42.0732	207	70	69.2609
42.2764	208	71	69.2174
42.4797	209	70	69.1739
42.6829	210	69	69.1304
42.8862	211	70	69.087
43.0894	212	68	69.0435
43.2927	213	69	69
43.4959	214	70	69
43.6992	215	68	69
43.9024	216	70	69
44.1057	217	69	69
44.3089	218	69	69
44.5122	219	69	69
44.7154	220	69	69
44.9187	221	69	69
45.122	222	70	69
45.3252	223	69	69
45.5285	224	69	69
45.7317	225	69	69
45.935	226	69	69
46.1382	227	69	69
46.3415	228	70	69
46.5447	229	70	69
46.748	230	69	69
46.9512	231	69	69
47.1545	232	70	69
47.3577	233	70	69
47.561	234	69	69
47.7642	235	68	69
47.9675	236	69	69
48.1707	237	70	69
48.374	238	69	69
48.5772	239	69	69
48.7805	240	69	69
48.9837	241	68	69
49.187	242	70	69
49.3902	243	69	69
49.5935	244	69	69
49.7967	245	69	69
50	246	68	69
50.2033	247	69	69
50.4065	248	69	68.9643
50.6098	249	69	68.9286
50.813	250	69	68.8929
51.0163	251	69	68.8571
51.2195	252	69	68.8214
51.4228	253	69	68.7857
51.626	254	69	68.75
51.8293	255	69	68.7143
52.0325	256	68	68.6786
52.2358	257	69	68.6429
52.439	258	70	68.6071
52.6423	259	69	68.5714
52.8455	260	68	68.5357
53.0488	261	69	68.5
53.252	262	68	68.4643
53.4553	263	67	68.4286
53.6585	264	69	68.3929
53.8618	265	68	68.3571
54.065	266	69	68.3214
54.2683	267	69	68.2857
54.4715	268	68	68.25
54.6748	269	67	68.2143
54.878	270	69	68.1786
55.0813	271	68	68.1429
55.2846	272	68	68.1071
55.4878	273	68	68.0714
55.6911	274	67	68.0357
55.8943	275	68	68
56.0976	276	67	68.0357
56.3008	277	68	68.0714
56.5041	278	68	68.1071
56.7073	279	68	68.1429
56.9106	280	69	68.1786
57.1138	281	69	68.2143
57.3171	282	68	68.25
57.5203	283	67	68.2857
57.7236	284	68	68.3214
57.9268	285	69	68.3571
58.1301	286	70	68.3929
58.3333	287	68	68.4286
58.5366	288	68	68.4643
58.7398	289	67	68.5
58.9431	290	69	68.5357
59.1463	291	69	68.5714
59.3496	292	67	68.6071
59.5528	293	69	68.6429
59.7561	294	70	68.6786
59.9593	295	69	68.7143
60.1626	296	68	68.75
60.3659	297	67	68.7857
60.5691	298	68	68.8214
60.7724	299	68	68.8571
60.9756	300	69	68.8929
61.1789	301	68	68.9286
61.3821	302	68	68.9643
61.5854	303	69	69
61.7886	304	69	68.9643
61.9919	305	69	68.9286
62.1951	306	69	68.8929
62.3984	307	69	68.8571
62.6016	308	68	68.8214
62.8049	309	69	68.7857
63.0081	310	69	68.75
63.2114	311	70	68.7143
63.4146	312	69	68.6786
63.6179	313	68	68.6429
63.8211	314	69	68.6071
64.0244	315	69	68.5714
64.2276	316	67	68.5357
64.4309	317	68	68.5
64.6341	318	69	68.4643
64.8374	319	68	68.4286
65.0407	320	68	68.3929
65.2439	321	68	68.3571
65.4472	322	68	68.3214
65.6504	323	68	68.2857
65.8537	324	68	68.25
66.0569	325	69	68.2143
66.2602	326	67	68.1786
66.4634	327	69	68.1429
66.6667	328	69	68.1071
66.8699	329	68	68.0714
67.0732	330	68	68.0357
67.2764	331	68	68
67.4797	332	68	68.0333
67.6829	333	69	68.0667
67.8862	334	68	68.1
68.0894	335	67	68.1333
68.2927	336	68	68.1667
68.4959	337	69	68.2
68.6992	338	69	68.2333
68.9024	339	69	68.2667
69.1057	340	69	68.3
69.3089	341	68	68.3333
69.5122	342	68	68.3667
69.7154	343	68	68.4
69.9187	344	69	68.4333
70.122	345	69	68.4667
70.3252	346	68	68.5
70.5285	347	68	68.5333
70.7317	348	69	68.5667
70.935	349	67	68.6
71.1382	350	67	68.6333
71.3415	351	68	68.6667
71.5447	352	69	68.7
71.748	353	70	68.7333
71.9512	354	68	68.7667
72.1545	355	68	68.8
72.3577	356	68	68.8333
72.561	357	69	68.8667
72.7642	358	68	68.9
72.9675	359	69	68.9333
73.1707	360	68	68.9667
73.374	361	69	69
73.5772	362	68	69
73.7805	363	70	69
73.9837	364	67	69
74.187	365	69	69
74.3902	366	68	69
74.5935	367	68	69
74.7967	368	69	69
75	369	68	69
75.2033	370	69	69
75.4065	371	67	69
75.6098	372	69	69
75.813	373	68	69
76.0163	374	69	69
76.2195	375	68	69
76.4228	376	70	69
76.626	377	69	69
76.8293	378	68	69
77.0325	379	69	69
77.2358	380	69	69
77.439	381	69	69
77.6423	382	70	69
77.8455	383	70	69
78.0488	384	68	69
78.252	385	68	69
78.4553	386	71	69
78.6585	387	70	69
78.8618	388	69	69
79.065	389	69	69
79.2683	390	69	69
79.4715	391	69	69
79.6748	392	69	68.9412
79.878	393	67	68.8824
80.0813	394	70	68.8235
80.2846	395	68	68.7647
80.4878	396	69	68.7059
80.6911	397	69	68.6471
80.8943	398	68	68.5882
81.0976	399	69	68.5294
81.3008	400	69	68.4706
81.5041	401	69	68.4118
81.7073	402	69	68.3529
81.9106	403	69	68.2941
82.1138	404	69	68.2353
82.3171	405	68	68.1765
82.5203	406	69	68.1176
82.7236	407	70	68.0588
82.9268	408	68	68
83.1301	409	70	68
83.3333	410	69	68
83.5366	411	69	68
83.7398	412	69	68
83.9431	413	69	68
84.1463	414	69	68
84.3496	415	69	68
84.5528	416	69	68
84.7561	417	70	68
84.9593	418	69	68
85.1626	419	69	68
85.3659	420	70	68
85.5691	421	70	68
85.7724	422	69	68
85.9756	423	70	68
86.1789	424	69	68
86.3821	425	70	68
86.5854	426	70	68
86.7886	427	69	68
86.9919	428	70	68
87.1951	429	70	68
87.3984	430	69	68
87.6016	431	69	68
87.8049	432	69	68
88.0081	433	70	68
88.2114	434	70	68
88.4146	435	70	68
88.6179	436	70	68
88.8211	437	70	68
89.0244	438	69	68
89.2276	439	70	68
89.4309	440	70	68
89.6341	441	70	68
89.8374	442	70	68
90.0407	443	70	68
90.2439	444	71	68
90.4472	445	71	68
90.6504	446	70	68
90.8537	447	71	68
91.0569	448	69	68
91.2602	449	70	68
91.4634	450	70	68
91.6667	451	70	68
91.8699	452	71	68
92.0732	453	71	68
92.2764	454	70	68
92.4797	455	71	68
92.6829	456	70	68
92.8862	457	71	68
93.0894	458	68	68
93.2927	459	70	68.1429
93.4959	460	70	68.2857
93.6992	461	70	68.4286
93.9024	462	70	68.5714
94.1057	463	70	68.7143
94.3089	464	70	68.8571
94.5122	465	71	69
94.7154	466	70	69.1429
94.9187	467	71	69.2857
95.122	468	71	69.4286
95.3252	469	71	69.5714
95.5285	470	71	69.7143
95.7317	471	71	69.8571
95.935	472	70	70
96.1382	473	71	70.1429
96.3415	474	70	70.2857
96.5447	475	69	70.4286
96.748	476	70	70.5714
96.9512	477	69	70.7143
97.1545	478	70	70.8571
97.3577	479	71	71
97.561	480	69	70.9231
97.7642	481	70	70.8462
97.9675	482	69	70.7692
98.1707	483	70	70.6923
98.374	484	70	70.6154
98.5772	485	69	70.5385
98.7805	486	70	70.4615
98.9837	487	70	70.3846
99.187	488	71	70.3077
99.3902	489	71	70.2308
99.5935	490	70	70.1538
99.7967	491	71	70.0769
100	492	70	70
---------- 6: Untitled ----------			
Offset(%)	Offset(pix)	Profile	Background
0	0	76	76
0.2033	1	77	76.3333
0.4065	2	76	76.6667
0.6098	3	77	77
0.813	4	76	77.0353
1.0163	5	78	77.0706
1.2195	6	76	77.1059
1.4228	7	77	77.1412
1.626	8	78	77.1765
1.8293	9	77	77.2118
2.0325	10	79	77.2471
2.2358	11	80	77.2824
2.439	12	78	77.3176
2.6423	13	78	77.3529
2.8455	14	79	77.3882
3.0488	15	79	77.4235
3.252	16	80	77.4588
3.4553	17	80	77.4941
3.6585	18	80	77.5294
3.8618	19	83	77.5647
4.065	20	90	77.6
4.2683	21	103	77.6353
4.4715	22	106	77.6706
4.6748	23	96	77.7059
4.878	24	88	77.7412
5.0813	25	93	77.7765
5.2846	26	105	77.8118
5.4878	27	105	77.8471
5.6911	28	97	77.8824
5.8943	29	89	77.9176
6.0976	30	87	77.9529
6.3008	31	92	77.9882
6.5041	32	102	78.0235
6.7073	33	104	78.0588
6.9106	34	122	78.0941
7.1138	35	223	78.1294
7.3171	36	596	78.1647
7.5203	37	815	78.2
7.7236	38	565	78.2353
7.9268	39	364	78.2706
8.1301	40	556	78.3059
8.3333	41	818	78.3412
8.5366	42	912	78.3765
8.7398	43	909	78.4118
8.9431	44	765	78.4471
9.1463	45	469	78.4824
9.3496	46	313	78.5176
9.5528	47	227	78.5529
9.7561	48	168	78.5882
9.9593	49	148	78.6235
10.1626	50	142	78.6588
10.3659	51	138	78.6941
10.5691	52	138	78.7294
10.7724	53	134	78.7647
10.9756	54	130	78.8
11.1789	55	130	78.8353
11.3821	56	125	78.8706
11.5854	57	127	78.9059
11.7886	58	123	78.9412
11.9919	59	123	78.9765
12.1951	60	123	79.0118
12.3984	61	123	79.0471
12.6016	62	124	79.0824
12.8049	63	124	79.1176
13.0081	64	126	79.1529
13.2114	65	124	79.1882
13.4146	66	125	79.2235
13.6179	67	125	79.2588
13.8211	68	125	79.2941
14.0244	69	127	79.3294
14.2276	70	123	79.3647
14.4309	71	125	79.4
14.6341	72	127	79.4353
14.8374	73	128	79.4706
15.0407	74	130	79.5059
15.2439	75	135	79.5412
15.4472	76	136	79.5765
15.6504	77	147	79.6118
15.8537	78	151	79.6471
16.0569	79	157	79.6824
16.2602	80	166	79.7176
16.4634	81	178	79.7529
16.6667	82	196	79.7882
16.8699	83	214	79.8235
17.0732	84	247	79.8588
17.2764	85	277	79.8941
17.4797	86	337	79.9294
17.6829	87	396	79.9647
17.8862	88	465	80
18.0894	89	532	80.0353
18.2927	90	589	80.0706
18.4959	91	614	80.1059
18.6992	92	631	80.1412
18.9024	93	643	80.1765
19.1057	94	643	80.2118
19.3089	95	632	80.2471
19.5122	96	606	80.2824
19.7154	97	579	80.3176
19.9187	98	568	80.3529
20.122	99	543	80.3882
20.3252	100	516	80.4235
20.5285	101	498	80.4588
20.7317	102	467	80.4941
20.935	103	447	80.5294
21.1382	104	427	80.5647
21.3415	105	395	80.6
21.5447	106	379	80.6353
21.748	107	356	80.6706
21.9512	108	338	80.7059
22.1545	109	319	80.7412
22.3577	110	302	80.7765
22.561	111	286	80.8118
22.7642	112	272	80.8471
22.9675	113	258	80.8824
23.1707	114	238	80.9176
23.374	115	234	80.9529
23.5772	116	225	80.9882
23.7805	117	216	81.0235
23.9837	118	205	81.0588
24.187	119	193	81.0941
24.3902	120	192	81.1294
24.5935	121	182	81.1647
24.7967	122	175	81.2
25	123	172	81.2353
25.2033	124	165	81.2706
25.4065	125	159	81.3059
25.6098	126	155	81.3412
25.813	127	151	81.3765
26.0163	128	145	81.4118
26.2195	129	144	81.4471
26.4228	130	142	81.4824
26.626	131	140	81.5176
26.8293	132	135	81.5529
27.0325	133	131	81.5882
27.2358	134	128	81.6235
27.439	135	125	81.6588
27.6423	136	123	81.6941
27.8455	137	123	81.7294
28.0488	138	116	81.7647
28.252	139	117	81.8
28.4553	140	114	81.8353
28.6585	141	115	81.8706
28.8618	142	111	81.9059
29.065	143	109	81.9412
29.2683	144	108	81.9765
29.4715	145	106	82.0118
29.6748	146	106	82.0471
29.878	147	102	82.0824
30.0813	148	100	82.1176
30.2846	149	103	82.1529
30.4878	150	100	82.1882
30.6911	151	97	82.2235
30.8943	152	97	82.2588
31.0976	153	95	82.2941
31.3008	154	95	82.3294
31.5041	155	95	82.3647
31.7073	156	93	82.4
31.9106	157	93	82.4353
32.1138	158	90	82.4706
32.3171	159	90	82.5059
32.5203	160	88	82.5412
32.7236	161	88	82.5765
32.9268	162	88	82.6118
33.1301	163	87	82.6471
33.3333	164	88	82.6824
33.5366	165	87	82.7176
33.7398	166	87	82.7529
33.9431	167	85	82.7882
34.1463	168	87	82.8235
34.3496	169	85	82.8588
34.5528	170	85	82.8941
34.7561	171	86	82.9294
34.9593	172	84	82.9647
35.1626	173	83	83
35.3659	174	84	82.8333
35.5691	175	83	82.6667
35.7724	176	83	82.5
35.9756	177	82	82.3333
36.1789	178	82	82.1667
36.3821	179	83	82
36.5854	180	81	81.8333
36.7886	181	82	81.6667
36.9919	182	81	81.5
37.1951	183	84	81.3333
37.3984	184	81	81.1667
37.6016	185	81	81
37.8049	186	80	80.8333
38.0081	187	80	80.6667
38.2114	188	79	80.5
38.4146	189	80	80.3333
38.6179	190	78	80.1667
38.8211	191	79	80
39.0244	192	80	79.8333
39.2276	193	79	79.6667
39.4309	194	80	79.5
39.6341	195	79	79.3333
39.8374	196	78	79.1667
40.0407	197	79	79
40.2439	198	79	78.8929
40.4472	199	79	78.7857
40.6504	200	78	78.6786
40.8537	201	77	78.5714
41.0569	202	77	78.4643
41.2602	203	78	78.3571
41.4634	204	77	78.25
41.6667	205	78	78.1429
41.8699	206	78	78.0357
42.0732	207	77	77.9286
42.2764	208	77	77.8214
42.4797	209	78	77.7143
42.6829	210	76	77.6071
42.8862	211	76	77.5
43.0894	212	78	77.3929
43.2927	213	76	77.2857
43.4959	214	77	77.1786
43.6992	215	75	77.0714
43.9024	216	76	76.9643
44.1057	217	77	76.8571
44.3089	218	78	76.75
44.5122	219	75	76.6429
44.7154	220	76	76.5357
44.9187	221	76	76.4286
45.122	222	77	76.3214
45.3252	223	75	76.2143
45.5285	224	76	76.1071
45.7317	225	76	76
45.935	226	75	75.9231
46.1382	227	76	75.8462
46.3415	228	75	75.7692
46.5447	229	75	75.6923
46.748	230	75	75.6154
46.9512	231	75	75.5385
47.1545	232	74	75.4615
47.3577	233	75	75.3846
47.561	234	75	75.3077
47.7642	235	75	75.2308
47.9675	236	74	75.1538
48.1707	237	75	75.0769
48.374	238	73	75
48.5772	239	73	74.9231
48.7805	240	73	74.8462
48.9837	241	75	74.7692
49.187	242	74	74.6923
49.3902	243	74	74.6154
49.5935	244	74	74.5385
49.7967	245	74	74.4615
50	246	74	74.3846
50.2033	247	75	74.3077
50.4065	248	73	74.2308
50.6098	249	72	74.1538
50.813	250	72	74.0769
51.0163	251	74	74
51.2195	252	74	73.9286
51.4228	253	73	73.8571
51.626	254	73	73.7857
51.8293	255	73	73.7143
52.0325	256	72	73.6429
52.2358	257	73	73.5714
52.439	258	73	73.5
52.6423	259	74	73.4286
52.8455	260	73	73.3571
53.0488	261	73	73.2857
53.252	262	72	73.2143
53.4553	263	72	73.1429
53.6585	264	72	73.0714
53.8618	265	72	73
54.065	266	72	72.9286
54.2683	267	73	72.8571
54.4715	268	72	72.7857
54.6748	269	71	72.7143
54.878	270	73	72.6429
55.0813	271	73	72.5714
55.2846	272	71	72.5
55.4878	273	71	72.4286
55.6911	274	72	72.3571
55.8943	275	72	72.2857
56.0976	276	72	72.2143
56.3008	277	71	72.1429
56.5041	278	72	72.0714
56.7073	279	72	72
56.9106	280	71	71.9333
57.1138	281	73	71.8667
57.3171	282	71	71.8
57.5203	283	71	71.7333
57.7236	284	71	71.6667
57.9268	285	72	71.6
58.1301	286	72	71.5333
58.3333	287	71	71.4667
58.5366	288	70	71.4
58.7398	289	72	71.3333
58.9431	290	71	71.2667
59.1463	291	71	71.2
59.3496	292	70	71.1333
59.5528	293	70	71.0667
59.7561	294	73	71
59.9593	295	72	70.9333
60.1626	296	72	70.8667
60.3659	297	71	70.8
60.5691	298	72	70.7333
60.7724	299	71	70.6667
60.9756	300	71	70.6
61.1789	301	71	70.5333
61.3821	302	71	70.4667
61.5854	303	70	70.4
61.7886	304	71	70.3333
61.9919	305	71	70.2667
62.1951	306	69	70.2
62.3984	307	70	70.1333
62.6016	308	70	70.0667
62.8049	309	70	70
63.0081	310	72	69.9643
63.2114	311	69	69.9286
63.4146	312	69	69.8929
63.6179	313	71	69.8571
63.8211	314	71	69.8214
64.0244	315	70	69.7857
64.2276	316	71	69.75
64.4309	317	70	69.7143
64.6341	318	70	69.6786
64.8374	319	69	69.6429
65.0407	320	69	69.6071
65.2439	321	69	69.5714
65.4472	322	68	69.5357
65.6504	323	70	69.5
65.8537	324	70	69.4643
66.0569	325	68	69.4286
66.2602	326	70	69.3929
66.4634	327	69	69.3571
66.6667	328	69	69.3214
66.8699	329	69	69.2857
67.0732	330	68	69.25
67.2764	331	69	69.2143
67.4797	332	68	69.1786
67.6829	333	70	69.1429
67.8862	334	69	69.1071
68.0894	335	69	69.0714
68.2927	336	67	69.0357
68.4959	337	69	69
68.6992	338	69	68.9565
68.9024	339	68	68.913
69.1057	340	68	68.8696
69.3089	341	68	68.8261
69.5122	342	69	68.7826
69.7154	343	68	68.7391
69.9187	344	70	68.6957
70.122	345	68	68.6522
70.3252	346	68	68.6087
70.5285	347	68	68.5652
70.7317	348	69	68.5217
70.935	349	69	68.4783
71.1382	350	69	68.4348
71.3415	351	68	68.3913
71.5447	352	69	68.3478
71.748	353	68	68.3043
71.9512	354	68	68.2609
72.1545	355	69	68.2174
72.3577	356	69	68.1739
72.561	357	67	68.1304
72.7642	358	69	68.087
72.9675	359	68	68.0435
73.1707	360	68	68
73.374	361	69	68.027
73.5772	362	69	68.0541
73.7805	363	69	68.0811
73.9837	364	68	68.1081
74.187	365	69	68.1351
74.3902	366	70	68.1622
74.5935	367	71	68.1892
74.7967	368	70	68.2162
75	369	67	68.2432
75.2033	370	70	68.2703
75.4065	371	69	68.2973
75.6098	372	70	68.3243
75.813	373	69	68.3513
76.0163	374	69	68.3784
76.2195	375	68	68.4054
76.4228	376	69	68.4324
76.626	377	70	68.4595
76.8293	378	69	68.4865
77.0325	379	69	68.5135
77.2358	380	70	68.5405
77.439	381	70	68.5676
77.6423	382	69	68.5946
77.8455	383	69	68.6216
78.0488	384	69	68.6487
78.252	385	70	68.6757
78.4553	386	69	68.7027
78.6585	387	68	68.7297
78.8618	388	69	68.7568
79.065	389	69	68.7838
79.2683	390	70	68.8108
79.4715	391	70	68.8378
79.6748	392	69	68.8649
79.878	393	69	68.8919
80.0813	394	69	68.9189
80.2846	395	68	68.9459
80.4878	396	71	68.973
80.6911	397	69	69
80.8943	398	69	69
81.0976	399	69	69
81.3008	400	70	69
81.5041	401	69	69
81.7073	402	70	69
81.9106	403	68	69
82.1138	404	69	69
82.3171	405	68	69
82.5203	406	70	69
82.7236	407	70	69
82.9268	408	69	69
83.1301	409	69	69
83.3333	410	70	69
83.5366	411	70	69
83.7398	412	70	69
83.9431	413	70	69
84.1463	414	69	69
84.3496	415	69	69
84.5528	416	69	69
84.7561	417	70	69
84.9593	418	68	69
85.1626	419	70	69
85.3659	420	69	69
85.5691	421	70	69
85.7724	422	69	69
85.9756	423	70	69
86.1789	424	70	69
86.3821	425	69	69
86.5854	426	70	69.05
86.7886	427	70	69.1
86.9919	428	69	69.15
87.1951	429	70	69.2
87.3984	430	71	69.25
87.6016	431	70	69.3
87.8049	432	68	69.35
88.0081	433	70	69.4
88.2114	434	71	69.45
88.4146	435	69	69.5
88.6179	436	69	69.55
88.8211	437	69	69.6
89.0244	438	70	69.65
89.2276	439	70	69.7
89.4309	440	71	69.75
89.6341	441	70	69.8
89.8374	442	70	69.85
90.0407	443	70	69.9
90.2439	444	70	69.95
90.4472	445	70	70
90.6504	446	70	69.9677
90.8537	447	69	69.9355
91.0569	448	71	69.9032
91.2602	449	70	69.871
91.4634	450	70	69.8387
91.6667	451	70	69.8064
91.8699	452	70	69.7742
92.0732	453	70	69.7419
92.2764	454	70	69.7097
92.4797	455	69	69.6774
92.6829	456	70	69.6452
92.8862	457	70	69.6129
93.0894	458	70	69.5806
93.2927	459	70	69.5484
93.4959	460	70	69.5161
93.6992	461	69	69.4839
93.9024	462	70	69.4516
94.1057	463	70	69.4194
94.3089	464	71	69.3871
94.5122	465	69	69.3548
94.7154	466	69	69.3226
94.9187	467	70	69.2903
95.122	468	71	69.2581
95.3252	469	70	69.2258
95.5285	470	70	69.1936
95.7317	471	70	69.1613
95.935	472	69	69.129
96.1382	473	70	69.0968
96.3415	474	71	69.0645
96.5447	475	71	69.0323
96.748	476	69	69
96.9512	477	71	69.125
97.1545	478	70	69.25
97.3577	479	70	69.375
97.561	480	71	69.5
97.7642	481	69	69.625
97.9675	482	70	69.75
98.1707	483	70	69.875
98.374	484	71	70
98.5772	485	69	70.125
98.7805	486	71	70.25
98.9837	487	70	70.375
99.187	488	70	70.5
99.3902	489	70	70.625
99.5935	490	69	70.75
99.7967	491	70	70.875
100	492	71	71