DP	[2]id	[3]bin	[4]number of genotypes	[5]fraction of genotypes (%)	[6]number of sites	[7]fraction of sites (%)
DP	0	1	30584	5.083118	0	0.000000
DP	0	2	28941	4.810048	0	0.000000
DP	0	3	25644	4.262080	0	0.000000
DP	0	4	23088	3.837268	0	0.000000
DP	0	5	20872	3.468965	0	0.000000
DP	0	6	18949	3.149359	0	0.000000
DP	0	7	17136	2.848035	0	0.000000
DP	0	8	15514	2.578456	51	0.059334
DP	0	9	14306	2.377684	111	0.129139
DP	0	10	13364	2.221122	152	0.176839
DP	0	11	12484	2.074864	192	0.223375
DP	0	12	11689	1.942733	177	0.205924
DP	0	13	11058	1.837860	218	0.253624
DP	0	14	10200	1.695259	247	0.287363
DP	0	15	9899	1.645232	266	0.309468
DP	0	16	9123	1.516260	263	0.305978
DP	0	17	8561	1.422854	275	0.319939
DP	0	18	8212	1.364850	299	0.347860
DP	0	19	7743	1.286901	344	0.400214
DP	0	20	7456	1.239201	345	0.401377
DP	0	21	6937	1.152942	388	0.451404
DP	0	22	6661	1.107071	337	0.392070
DP	0	23	6280	1.043748	377	0.438607
DP	0	24	5938	0.986907	398	0.463038
DP	0	25	5716	0.950010	383	0.445587
DP	0	26	5458	0.907130	358	0.416502
DP	0	27	5398	0.897158	440	0.511902
DP	0	28	5020	0.834333	432	0.502594
DP	0	29	4909	0.815885	411	0.478163
DP	0	30	4680	0.777825	370	0.430463
DP	0	31	4490	0.746246	428	0.497941
DP	0	32	4298	0.714336	416	0.483980
DP	0	33	4259	0.707854	441	0.513065
DP	0	34	4096	0.680763	408	0.474672
DP	0	35	3885	0.645694	439	0.510738
DP	0	36	3870	0.643201	399	0.464202
DP	0	37	3734	0.620598	410	0.476999
DP	0	38	3603	0.598825	385	0.447914
DP	0	39	3493	0.580543	399	0.464202
DP	0	40	3478	0.578050	378	0.439770
DP	0	41	3348	0.556444	398	0.463038
DP	0	42	3193	0.530683	377	0.438607
DP	0	43	3041	0.505420	393	0.457221
DP	0	44	2948	0.489963	414	0.481653
DP	0	45	2884	0.479326	418	0.486307
DP	0	46	2833	0.470850	363	0.422319
DP	0	47	2667	0.443260	399	0.464202
DP	0	48	2598	0.431792	388	0.451404
DP	0	49	2548	0.423482	379	0.440934
DP	0	50	2464	0.409521	346	0.402541
DP	0	51	2406	0.399882	382	0.444424
DP	0	52	2333	0.387749	357	0.415338
DP	0	53	2206	0.366641	390	0.453731
DP	0	54	2239	0.372126	340	0.395560
DP	0	55	2181	0.362486	390	0.453731
DP	0	56	2031	0.337556	388	0.451404
DP	0	57	2027	0.336891	353	0.410685
DP	0	58	1987	0.330243	332	0.386253
DP	0	59	1974	0.328082	373	0.433953
DP	0	60	1886	0.313457	339	0.394397
DP	0	61	1874	0.311462	336	0.390907
DP	0	62	1871	0.310964	331	0.385090
DP	0	63	1730	0.287529	379	0.440934
DP	0	64	1762	0.292848	376	0.437443
DP	0	65	1728	0.287197	334	0.388580
DP	0	66	1598	0.265591	322	0.374619
DP	0	67	1557	0.258776	307	0.357168
DP	0	68	1586	0.263596	352	0.409521
DP	0	69	1598	0.265591	346	0.402541
DP	0	70	1547	0.257114	344	0.400214
DP	0	71	1491	0.247807	333	0.387417
DP	0	72	1451	0.241159	311	0.361821
DP	0	73	1472	0.244649	318	0.369965
DP	0	74	1371	0.227863	315	0.366475
DP	0	75	1347	0.223874	329	0.382763
DP	0	76	1331	0.221215	307	0.357168
DP	0	77	1339	0.222544	275	0.319939
DP	0	78	1206	0.200439	301	0.350187
DP	0	79	1246	0.207088	322	0.374619
DP	0	80	1218	0.202434	277	0.322265
DP	0	81	1271	0.211243	281	0.326919
DP	0	82	1195	0.198611	283	0.329246
DP	0	83	1209	0.200938	279	0.324592
DP	0	84	1147	0.190634	294	0.342043
DP	0	85	1088	0.180828	262	0.304814
DP	0	86	1083	0.179997	269	0.312958
DP	0	87	1094	0.181825	279	0.324592
DP	0	88	1013	0.168362	275	0.319939
DP	0	89	1010	0.167864	294	0.342043
DP	0	90	972	0.161548	274	0.318775
DP	0	91	993	0.165038	267	0.310631
DP	0	92	1031	0.171354	282	0.328082
DP	0	93	988	0.164207	275	0.319939
DP	0	94	912	0.151576	232	0.269912
DP	0	95	1008	0.167531	243	0.282709
DP	0	96	915	0.152075	215	0.250134
DP	0	97	875	0.145427	239	0.278056
DP	0	98	911	0.151410	253	0.294343
DP	0	99	861	0.143100	302	0.351351
DP	0	100	873	0.145094	229	0.266422
DP	0	101	869	0.144429	238	0.276892
DP	0	102	813	0.135122	228	0.265258
DP	0	103	805	0.133792	236	0.274565
DP	0	104	808	0.134291	238	0.276892
DP	0	105	838	0.139277	213	0.247807
DP	0	106	785	0.130468	242	0.281546
DP	0	107	797	0.132463	201	0.233846
DP	0	108	767	0.127477	235	0.273402
DP	0	109	777	0.129139	234	0.272239
DP	0	110	734	0.121992	246	0.286200
DP	0	111	719	0.119499	216	0.251297
DP	0	112	703	0.116840	235	0.273402
DP	0	113	716	0.119001	227	0.264095
DP	0	114	684	0.113682	185	0.215231
DP	0	115	723	0.120164	210	0.244317
DP	0	116	695	0.115510	205	0.238500
DP	0	117	647	0.107533	213	0.247807
DP	0	118	706	0.117339	230	0.267585
DP	0	119	659	0.109527	182	0.211741
DP	0	120	643	0.106868	173	0.201270
DP	0	121	620	0.103045	196	0.228029
DP	0	122	608	0.101051	213	0.247807
DP	0	123	626	0.104042	189	0.219885
DP	0	124	629	0.104541	203	0.236173
DP	0	125	645	0.107200	180	0.209414
DP	0	126	635	0.105538	170	0.197780
DP	0	127	607	0.100885	182	0.211741
DP	0	128	572	0.095067	179	0.208251
DP	0	129	575	0.095566	187	0.217558
DP	0	130	560	0.093073	154	0.179166
DP	0	131	537	0.089250	163	0.189636
DP	0	132	582	0.096729	178	0.207088
DP	0	133	534	0.088752	155	0.180329
DP	0	134	513	0.085262	161	0.187309
DP	0	135	522	0.086757	159	0.184983
DP	0	136	546	0.090746	176	0.204761
DP	0	137	530	0.088087	168	0.195453
DP	0	138	483	0.080275	157	0.182656
DP	0	139	492	0.081771	152	0.176839
DP	0	140	522	0.086757	169	0.196617
DP	0	141	445	0.073960	168	0.195453
DP	0	142	469	0.077949	160	0.186146
DP	0	143	471	0.078281	189	0.219885
DP	0	144	508	0.084431	146	0.169858
DP	0	145	500	0.083101	141	0.164041
DP	0	146	455	0.075622	190	0.221048
DP	0	147	471	0.078281	173	0.201270
DP	0	148	461	0.076619	167	0.194290
DP	0	149	446	0.074126	182	0.211741
DP	0	150	465	0.077284	163	0.189636
DP	0	151	443	0.073627	183	0.212905
DP	0	152	418	0.069472	132	0.153571
DP	0	153	431	0.071633	160	0.186146
DP	0	154	426	0.070802	159	0.184983
DP	0	155	417	0.069306	139	0.161714
DP	0	156	445	0.073960	143	0.166368
DP	0	157	470	0.078115	135	0.157061
DP	0	158	410	0.068143	149	0.173349
DP	0	159	399	0.066315	157	0.182656
DP	0	160	375	0.062326	119	0.138446
DP	0	161	365	0.060664	146	0.169858
DP	0	162	398	0.066148	142	0.165205
DP	0	163	403	0.066979	138	0.160551
DP	0	164	382	0.063489	141	0.164041
DP	0	165	382	0.063489	142	0.165205
DP	0	166	392	0.065151	136	0.158224
DP	0	167	361	0.059999	156	0.181492
DP	0	168	368	0.061162	154	0.179166
DP	0	169	334	0.055511	148	0.172185
DP	0	170	339	0.056342	154	0.179166
DP	0	171	329	0.054680	151	0.175675
DP	0	172	331	0.055013	149	0.173349
DP	0	173	339	0.056342	138	0.160551
DP	0	174	332	0.055179	148	0.172185
DP	0	175	326	0.054182	130	0.151244
DP	0	176	338	0.056176	129	0.150080
DP	0	177	330	0.054847	125	0.145427
DP	0	178	323	0.053683	127	0.147753
DP	0	179	279	0.046370	129	0.150080
DP	0	180	324	0.053849	136	0.158224
DP	0	181	323	0.053683	129	0.150080
DP	0	182	305	0.050692	137	0.159388
DP	0	183	315	0.052354	157	0.182656
DP	0	184	276	0.045872	120	0.139610
DP	0	185	294	0.048863	132	0.153571
DP	0	186	321	0.053351	140	0.162878
DP	0	187	310	0.051523	138	0.160551
DP	0	188	300	0.049861	140	0.162878
DP	0	189	299	0.049694	134	0.155897
DP	0	190	262	0.043545	113	0.131466
DP	0	191	292	0.048531	117	0.136119
DP	0	192	274	0.045539	137	0.159388
DP	0	193	289	0.048032	117	0.136119
DP	0	194	266	0.044210	124	0.144263
DP	0	195	284	0.047201	106	0.123322
DP	0	196	241	0.040055	114	0.132629
DP	0	197	262	0.043545	135	0.157061
DP	0	198	287	0.047700	116	0.134956
DP	0	199	275	0.045706	119	0.138446
DP	0	200	254	0.042215	127	0.147753
DP	0	201	249	0.041384	109	0.126812
DP	0	202	246	0.040886	127	0.147753
DP	0	203	257	0.042714	115	0.133792
DP	0	204	248	0.041218	116	0.134956
DP	0	205	223	0.037063	119	0.138446
DP	0	206	247	0.041052	105	0.122158
DP	0	207	226	0.037562	108	0.125649
DP	0	208	241	0.040055	115	0.133792
DP	0	209	233	0.038725	129	0.150080
DP	0	210	239	0.039722	106	0.123322
DP	0	211	233	0.038725	99	0.115178
DP	0	212	242	0.040221	113	0.131466
DP	0	213	219	0.036398	103	0.119832
DP	0	214	242	0.040221	109	0.126812
DP	0	215	233	0.038725	112	0.130302
DP	0	216	233	0.038725	105	0.122158
DP	0	217	227	0.037728	119	0.138446
DP	0	218	255	0.042381	113	0.131466
DP	0	219	210	0.034902	110	0.127975
DP	0	220	194	0.032243	94	0.109361
DP	0	221	219	0.036398	101	0.117505
DP	0	222	181	0.030083	95	0.110524
DP	0	223	207	0.034404	117	0.136119
DP	0	224	191	0.031745	111	0.129139
DP	0	225	200	0.033240	119	0.138446
DP	0	226	197	0.032742	103	0.119832
DP	0	227	192	0.031911	100	0.116341
DP	0	228	211	0.035069	114	0.132629
DP	0	229	222	0.036897	96	0.111688
DP	0	230	206	0.034238	80	0.093073
DP	0	231	195	0.032409	111	0.129139
DP	0	232	192	0.031911	107	0.124485
DP	0	233	208	0.034570	110	0.127975
DP	0	234	159	0.026426	128	0.148917
DP	0	235	174	0.028919	94	0.109361
DP	0	236	211	0.035069	108	0.125649
DP	0	237	198	0.032908	103	0.119832
DP	0	238	210	0.034902	119	0.138446
DP	0	239	180	0.029916	84	0.097727
DP	0	240	171	0.028421	105	0.122158
DP	0	241	186	0.030914	104	0.120995
DP	0	242	192	0.031911	94	0.109361
DP	0	243	146	0.024265	99	0.115178
DP	0	244	178	0.029584	105	0.122158
DP	0	245	177	0.029418	105	0.122158
DP	0	246	185	0.030747	81	0.094236
DP	0	247	185	0.030747	114	0.132629
DP	0	248	164	0.027257	100	0.116341
DP	0	249	160	0.026592	91	0.105871
DP	0	250	187	0.031080	97	0.112851
DP	0	251	156	0.025927	103	0.119832
DP	0	252	168	0.027922	86	0.100054
DP	0	253	158	0.026260	91	0.105871
DP	0	254	161	0.026758	105	0.122158
DP	0	255	152	0.025263	81	0.094236
DP	0	256	160	0.026592	109	0.126812
DP	0	257	147	0.024432	83	0.096563
DP	0	258	170	0.028254	94	0.109361
DP	0	259	145	0.024099	97	0.112851
DP	0	260	160	0.026592	86	0.100054
DP	0	261	145	0.024099	78	0.090746
DP	0	262	139	0.023102	104	0.120995
DP	0	263	142	0.023601	90	0.104707
DP	0	264	151	0.025096	97	0.112851
DP	0	265	144	0.023933	73	0.084929
DP	0	266	155	0.025761	77	0.089583
DP	0	267	145	0.024099	60	0.069805
DP	0	268	153	0.025429	94	0.109361
DP	0	269	163	0.027091	83	0.096563
DP	0	270	151	0.025096	82	0.095400
DP	0	271	161	0.026758	91	0.105871
DP	0	272	144	0.023933	104	0.120995
DP	0	273	137	0.022770	86	0.100054
DP	0	274	151	0.025096	84	0.097727
DP	0	275	120	0.019944	79	0.091910
DP	0	276	125	0.020775	79	0.091910
DP	0	277	135	0.022437	73	0.084929
DP	0	278	155	0.025761	67	0.077949
DP	0	279	148	0.024598	74	0.086093
DP	0	280	141	0.023434	72	0.083766
DP	0	281	136	0.022603	69	0.080275
DP	0	282	132	0.021939	70	0.081439
DP	0	283	131	0.021772	95	0.110524
DP	0	284	119	0.019778	72	0.083766
DP	0	285	138	0.022936	74	0.086093
DP	0	286	123	0.020443	95	0.110524
DP	0	287	131	0.021772	63	0.073295
DP	0	288	131	0.021772	89	0.103544
DP	0	289	113	0.018781	78	0.090746
DP	0	290	138	0.022936	79	0.091910
DP	0	291	130	0.021606	78	0.090746
DP	0	292	142	0.023601	79	0.091910
DP	0	293	114	0.018947	87	0.101217
DP	0	294	104	0.017285	63	0.073295
DP	0	295	148	0.024598	77	0.089583
DP	0	296	130	0.021606	80	0.093073
DP	0	297	123	0.020443	70	0.081439
DP	0	298	113	0.018781	78	0.090746
DP	0	299	124	0.020609	64	0.074458
DP	0	300	125	0.020775	79	0.091910
DP	0	301	116	0.019279	87	0.101217
DP	0	302	123	0.020443	77	0.089583
DP	0	303	109	0.018116	76	0.088419
DP	0	304	125	0.020775	70	0.081439
DP	0	305	127	0.021108	90	0.104707
DP	0	306	116	0.019279	69	0.080275
DP	0	307	98	0.016288	62	0.072132
DP	0	308	109	0.018116	85	0.098890
DP	0	309	127	0.021108	66	0.076785
DP	0	310	92	0.015291	79	0.091910
DP	0	311	108	0.017950	86	0.100054
DP	0	312	119	0.019778	73	0.084929
DP	0	313	102	0.016953	70	0.081439
DP	0	314	106	0.017617	74	0.086093
DP	0	315	111	0.018448	75	0.087256
DP	0	316	105	0.017451	51	0.059334
DP	0	317	107	0.017784	60	0.069805
DP	0	318	103	0.017119	68	0.079112
DP	0	319	102	0.016953	58	0.067478
DP	0	320	107	0.017784	69	0.080275
DP	0	321	104	0.017285	68	0.079112
DP	0	322	97	0.016122	60	0.069805
DP	0	323	114	0.018947	85	0.098890
DP	0	324	110	0.018282	56	0.065151
DP	0	325	105	0.017451	77	0.089583
DP	0	326	101	0.016786	70	0.081439
DP	0	327	125	0.020775	60	0.069805
DP	0	328	90	0.014958	59	0.068641
DP	0	329	93	0.015457	62	0.072132
DP	0	330	113	0.018781	60	0.069805
DP	0	331	106	0.017617	70	0.081439
DP	0	332	121	0.020110	62	0.072132
DP	0	333	94	0.015623	63	0.073295
DP	0	334	111	0.018448	82	0.095400
DP	0	335	91	0.015124	72	0.083766
DP	0	336	92	0.015291	74	0.086093
DP	0	337	101	0.016786	56	0.065151
DP	0	338	88	0.014626	64	0.074458
DP	0	339	80	0.013296	60	0.069805
DP	0	340	100	0.016620	65	0.075622
DP	0	341	82	0.013629	60	0.069805
DP	0	342	104	0.017285	67	0.077949
DP	0	343	88	0.014626	62	0.072132
DP	0	344	101	0.016786	60	0.069805
DP	0	345	95	0.015789	64	0.074458
DP	0	346	95	0.015789	77	0.089583
DP	0	347	97	0.016122	51	0.059334
DP	0	348	99	0.016454	66	0.076785
DP	0	349	84	0.013961	59	0.068641
DP	0	350	112	0.018615	56	0.065151
DP	0	351	79	0.013130	65	0.075622
DP	0	352	86	0.014293	62	0.072132
DP	0	353	89	0.014792	43	0.050027
DP	0	354	87	0.014460	52	0.060497
DP	0	355	93	0.015457	55	0.063988
DP	0	356	85	0.014127	58	0.067478
DP	0	357	74	0.012299	61	0.070968
DP	0	358	76	0.012631	61	0.070968
DP	0	359	95	0.015789	59	0.068641
DP	0	360	100	0.016620	61	0.070968
DP	0	361	78	0.012964	58	0.067478
DP	0	362	66	0.010969	41	0.047700
DP	0	363	98	0.016288	63	0.073295
DP	0	364	97	0.016122	50	0.058171
DP	0	365	78	0.012964	54	0.062824
DP	0	366	80	0.013296	49	0.057007
DP	0	367	94	0.015623	59	0.068641
DP	0	368	78	0.012964	58	0.067478
DP	0	369	94	0.015623	50	0.058171
DP	0	370	79	0.013130	45	0.052354
DP	0	371	73	0.012133	59	0.068641
DP	0	372	55	0.009141	52	0.060497
DP	0	373	86	0.014293	55	0.063988
DP	0	374	69	0.011468	49	0.057007
DP	0	375	82	0.013629	53	0.061661
DP	0	376	80	0.013296	49	0.057007
DP	0	377	66	0.010969	65	0.075622
DP	0	378	74	0.012299	60	0.069805
DP	0	379	58	0.009640	60	0.069805
DP	0	380	76	0.012631	47	0.054680
DP	0	381	84	0.013961	55	0.063988
DP	0	382	71	0.011800	62	0.072132
DP	0	383	75	0.012465	53	0.061661
DP	0	384	71	0.011800	48	0.055844
DP	0	385	75	0.012465	53	0.061661
DP	0	386	70	0.011634	60	0.069805
DP	0	387	78	0.012964	50	0.058171
DP	0	388	67	0.011136	48	0.055844
DP	0	389	56	0.009307	51	0.059334
DP	0	390	84	0.013961	49	0.057007
DP	0	391	79	0.013130	50	0.058171
DP	0	392	57	0.009474	47	0.054680
DP	0	393	78	0.012964	44	0.051190
DP	0	394	87	0.014460	57	0.066315
DP	0	395	83	0.013795	51	0.059334
DP	0	396	81	0.013462	44	0.051190
DP	0	397	65	0.010803	44	0.051190
DP	0	398	63	0.010471	39	0.045373
DP	0	399	79	0.013130	41	0.047700
DP	0	400	60	0.009972	40	0.046537
DP	0	401	77	0.012798	46	0.053517
DP	0	402	82	0.013629	65	0.075622
DP	0	403	74	0.012299	41	0.047700
DP	0	404	71	0.011800	37	0.043046
DP	0	405	61	0.010138	55	0.063988
DP	0	406	69	0.011468	54	0.062824
DP	0	407	54	0.008975	32	0.037229
DP	0	408	58	0.009640	49	0.057007
DP	0	409	61	0.010138	47	0.054680
DP	0	410	66	0.010969	36	0.041883
DP	0	411	62	0.010305	39	0.045373
DP	0	412	75	0.012465	31	0.036066
DP	0	413	74	0.012299	37	0.043046
DP	0	414	79	0.013130	50	0.058171
DP	0	415	57	0.009474	45	0.052354
DP	0	416	72	0.011967	52	0.060497
DP	0	417	60	0.009972	45	0.052354
DP	0	418	65	0.010803	40	0.046537
DP	0	419	57	0.009474	41	0.047700
DP	0	420	73	0.012133	44	0.051190
DP	0	421	73	0.012133	51	0.059334
DP	0	422	73	0.012133	53	0.061661
DP	0	423	77	0.012798	40	0.046537
DP	0	424	60	0.009972	43	0.050027
DP	0	425	61	0.010138	45	0.052354
DP	0	426	67	0.011136	40	0.046537
DP	0	427	77	0.012798	53	0.061661
DP	0	428	67	0.011136	46	0.053517
DP	0	429	48	0.007978	35	0.040719
DP	0	430	67	0.011136	41	0.047700
DP	0	431	64	0.010637	46	0.053517
DP	0	432	56	0.009307	50	0.058171
DP	0	433	58	0.009640	37	0.043046
DP	0	434	46	0.007645	43	0.050027
DP	0	435	55	0.009141	39	0.045373
DP	0	436	60	0.009972	40	0.046537
DP	0	437	69	0.011468	44	0.051190
DP	0	438	69	0.011468	39	0.045373
DP	0	439	66	0.010969	51	0.059334
DP	0	440	67	0.011136	43	0.050027
DP	0	441	54	0.008975	46	0.053517
DP	0	442	55	0.009141	53	0.061661
DP	0	443	59	0.009806	37	0.043046
DP	0	444	42	0.006980	42	0.048863
DP	0	445	48	0.007978	38	0.044210
DP	0	446	51	0.008476	46	0.053517
DP	0	447	40	0.006648	41	0.047700
DP	0	448	40	0.006648	33	0.038393
DP	0	449	55	0.009141	45	0.052354
DP	0	450	58	0.009640	57	0.066315
DP	0	451	38	0.006316	42	0.048863
DP	0	452	70	0.011634	44	0.051190
DP	0	453	62	0.010305	41	0.047700
DP	0	454	59	0.009806	42	0.048863
DP	0	455	60	0.009972	35	0.040719
DP	0	456	58	0.009640	32	0.037229
DP	0	457	46	0.007645	30	0.034902
DP	0	458	52	0.008642	28	0.032576
DP	0	459	49	0.008144	39	0.045373
DP	0	460	36	0.005983	51	0.059334
DP	0	461	55	0.009141	45	0.052354
DP	0	462	50	0.008310	27	0.031412
DP	0	463	47	0.007811	36	0.041883
DP	0	464	60	0.009972	52	0.060497
DP	0	465	47	0.007811	32	0.037229
DP	0	466	50	0.008310	35	0.040719
DP	0	467	47	0.007811	37	0.043046
DP	0	468	43	0.007147	40	0.046537
DP	0	469	44	0.007313	46	0.053517
DP	0	470	45	0.007479	31	0.036066
DP	0	471	45	0.007479	32	0.037229
DP	0	472	47	0.007811	35	0.040719
DP	0	473	54	0.008975	39	0.045373
DP	0	474	52	0.008642	42	0.048863
DP	0	475	47	0.007811	37	0.043046
DP	0	476	48	0.007978	36	0.041883
DP	0	477	55	0.009141	35	0.040719
DP	0	478	50	0.008310	47	0.054680
DP	0	479	45	0.007479	36	0.041883
DP	0	480	46	0.007645	41	0.047700
DP	0	481	42	0.006980	36	0.041883
DP	0	482	45	0.007479	33	0.038393
DP	0	483	60	0.009972	44	0.051190
DP	0	484	45	0.007479	41	0.047700
DP	0	485	56	0.009307	31	0.036066
DP	0	486	40	0.006648	34	0.039556
DP	0	487	43	0.007147	41	0.047700
DP	0	488	54	0.008975	34	0.039556
DP	0	489	41	0.006814	37	0.043046
DP	0	490	55	0.009141	32	0.037229
DP	0	491	42	0.006980	37	0.043046
DP	0	492	49	0.008144	30	0.034902
DP	0	493	36	0.005983	27	0.031412
DP	0	494	36	0.005983	32	0.037229
DP	0	495	45	0.007479	29	0.033739
DP	0	496	60	0.009972	37	0.043046
DP	0	497	50	0.008310	33	0.038393
DP	0	498	34	0.005651	44	0.051190
DP	0	499	43	0.007147	33	0.038393
DP	0	500	44	0.007313	32	0.037229
DP	0	501	31	0.005152	30	0.034902
DP	0	502	37	0.006149	25	0.029085
DP	0	503	50	0.008310	29	0.033739
DP	0	504	53	0.008809	31	0.036066
DP	0	505	51	0.008476	34	0.039556
DP	0	506	47	0.007811	45	0.052354
DP	0	507	49	0.008144	35	0.040719
DP	0	508	36	0.005983	30	0.034902
DP	0	509	41	0.006814	44	0.051190
DP	0	510	41	0.006814	33	0.038393
DP	0	511	45	0.007479	25	0.029085
DP	0	512	45	0.007479	32	0.037229
DP	0	513	39	0.006482	37	0.043046
DP	0	514	42	0.006980	34	0.039556
DP	0	515	37	0.006149	37	0.043046
DP	0	516	35	0.005817	32	0.037229
DP	0	517	39	0.006482	34	0.039556
DP	0	518	44	0.007313	37	0.043046
DP	0	519	43	0.007147	25	0.029085
DP	0	520	49	0.008144	32	0.037229
DP	0	521	46	0.007645	37	0.043046
DP	0	522	39	0.006482	25	0.029085
DP	0	523	39	0.006482	34	0.039556
DP	0	524	41	0.006814	44	0.051190
DP	0	525	34	0.005651	38	0.044210
DP	0	526	29	0.004820	26	0.030249
DP	0	527	37	0.006149	34	0.039556
DP	0	528	47	0.007811	29	0.033739
DP	0	529	32	0.005318	40	0.046537
DP	0	530	33	0.005485	38	0.044210
DP	0	531	35	0.005817	29	0.033739
DP	0	532	36	0.005983	28	0.032576
DP	0	533	34	0.005651	37	0.043046
DP	0	534	32	0.005318	38	0.044210
DP	0	535	41	0.006814	40	0.046537
DP	0	536	29	0.004820	29	0.033739
DP	0	537	47	0.007811	40	0.046537
DP	0	538	31	0.005152	34	0.039556
DP	0	539	40	0.006648	34	0.039556
DP	0	540	43	0.007147	35	0.040719
DP	0	541	38	0.006316	23	0.026758
DP	0	542	47	0.007811	34	0.039556
DP	0	543	37	0.006149	40	0.046537
DP	0	544	40	0.006648	25	0.029085
DP	0	545	37	0.006149	37	0.043046
DP	0	546	36	0.005983	23	0.026758
DP	0	547	39	0.006482	35	0.040719
DP	0	548	35	0.005817	32	0.037229
DP	0	549	34	0.005651	31	0.036066
DP	0	550	31	0.005152	25	0.029085
DP	0	551	38	0.006316	28	0.032576
DP	0	552	55	0.009141	23	0.026758
DP	0	553	44	0.007313	27	0.031412
DP	0	554	32	0.005318	33	0.038393
DP	0	555	42	0.006980	30	0.034902
DP	0	556	41	0.006814	20	0.023268
DP	0	557	33	0.005485	30	0.034902
DP	0	558	40	0.006648	31	0.036066
DP	0	559	27	0.004487	28	0.032576
DP	0	560	28	0.004654	22	0.025595
DP	0	561	43	0.007147	24	0.027922
DP	0	562	25	0.004155	26	0.030249
DP	0	563	40	0.006648	24	0.027922
DP	0	564	35	0.005817	25	0.029085
DP	0	565	30	0.004986	25	0.029085
DP	0	566	38	0.006316	31	0.036066
DP	0	567	41	0.006814	31	0.036066
DP	0	568	36	0.005983	26	0.030249
DP	0	569	38	0.006316	23	0.026758
DP	0	570	26	0.004321	38	0.044210
DP	0	571	36	0.005983	27	0.031412
DP	0	572	30	0.004986	25	0.029085
DP	0	573	34	0.005651	20	0.023268
DP	0	574	38	0.006316	25	0.029085
DP	0	575	35	0.005817	23	0.026758
DP	0	576	27	0.004487	22	0.025595
DP	0	577	41	0.006814	36	0.041883
DP	0	578	24	0.003989	23	0.026758
DP	0	579	28	0.004654	35	0.040719
DP	0	580	38	0.006316	32	0.037229
DP	0	581	28	0.004654	24	0.027922
DP	0	582	41	0.006814	26	0.030249
DP	0	583	24	0.003989	29	0.033739
DP	0	584	34	0.005651	15	0.017451
DP	0	585	38	0.006316	47	0.054680
DP	0	586	29	0.004820	32	0.037229
DP	0	587	26	0.004321	23	0.026758
DP	0	588	39	0.006482	21	0.024432
DP	0	589	25	0.004155	28	0.032576
DP	0	590	21	0.003490	18	0.020941
DP	0	591	36	0.005983	26	0.030249
DP	0	592	29	0.004820	18	0.020941
DP	0	593	31	0.005152	37	0.043046
DP	0	594	20	0.003324	27	0.031412
DP	0	595	30	0.004986	32	0.037229
DP	0	596	42	0.006980	22	0.025595
DP	0	597	40	0.006648	19	0.022105
DP	0	598	33	0.005485	26	0.030249
DP	0	599	28	0.004654	29	0.033739
DP	0	600	32	0.005318	21	0.024432
DP	0	601	20	0.003324	25	0.029085
DP	0	602	29	0.004820	29	0.033739
DP	0	603	31	0.005152	21	0.024432
DP	0	604	28	0.004654	17	0.019778
DP	0	605	37	0.006149	30	0.034902
DP	0	606	26	0.004321	27	0.031412
DP	0	607	34	0.005651	32	0.037229
DP	0	608	28	0.004654	25	0.029085
DP	0	609	22	0.003656	21	0.024432
DP	0	610	34	0.005651	26	0.030249
DP	0	611	28	0.004654	29	0.033739
DP	0	612	43	0.007147	26	0.030249
DP	0	613	27	0.004487	14	0.016288
DP	0	614	26	0.004321	28	0.032576
DP	0	615	31	0.005152	22	0.025595
DP	0	616	22	0.003656	25	0.029085
DP	0	617	20	0.003324	21	0.024432
DP	0	618	33	0.005485	26	0.030249
DP	0	619	30	0.004986	28	0.032576
DP	0	620	26	0.004321	25	0.029085
DP	0	621	21	0.003490	24	0.027922
DP	0	622	19	0.003158	27	0.031412
DP	0	623	31	0.005152	19	0.022105
DP	0	624	29	0.004820	22	0.025595
DP	0	625	37	0.006149	11	0.012798
DP	0	626	39	0.006482	21	0.024432
DP	0	627	22	0.003656	24	0.027922
DP	0	628	27	0.004487	21	0.024432
DP	0	629	27	0.004487	20	0.023268
DP	0	630	38	0.006316	29	0.033739
DP	0	631	25	0.004155	26	0.030249
DP	0	632	22	0.003656	15	0.017451
DP	0	633	32	0.005318	17	0.019778
DP	0	634	19	0.003158	20	0.023268
DP	0	635	29	0.004820	13	0.015124
DP	0	636	28	0.004654	28	0.032576
DP	0	637	27	0.004487	22	0.025595
DP	0	638	31	0.005152	26	0.030249
DP	0	639	23	0.003823	17	0.019778
DP	0	640	36	0.005983	21	0.024432
DP	0	641	18	0.002992	18	0.020941
DP	0	642	33	0.005485	18	0.020941
DP	0	643	28	0.004654	18	0.020941
DP	0	644	31	0.005152	22	0.025595
DP	0	645	12	0.001994	17	0.019778
DP	0	646	24	0.003989	23	0.026758
DP	0	647	28	0.004654	27	0.031412
DP	0	648	24	0.003989	15	0.017451
DP	0	649	33	0.005485	22	0.025595
DP	0	650	36	0.005983	23	0.026758
DP	0	651	29	0.004820	16	0.018615
DP	0	652	33	0.005485	15	0.017451
DP	0	653	25	0.004155	28	0.032576
DP	0	654	28	0.004654	24	0.027922
DP	0	655	43	0.007147	27	0.031412
DP	0	656	26	0.004321	18	0.020941
DP	0	657	29	0.004820	19	0.022105
DP	0	658	18	0.002992	27	0.031412
DP	0	659	14	0.002327	28	0.032576
DP	0	660	37	0.006149	22	0.025595
DP	0	661	22	0.003656	15	0.017451
DP	0	662	30	0.004986	13	0.015124
DP	0	663	22	0.003656	21	0.024432
DP	0	664	26	0.004321	24	0.027922
DP	0	665	26	0.004321	26	0.030249
DP	0	666	33	0.005485	17	0.019778
DP	0	667	24	0.003989	16	0.018615
DP	0	668	26	0.004321	27	0.031412
DP	0	669	23	0.003823	17	0.019778
DP	0	670	17	0.002825	20	0.023268
DP	0	671	31	0.005152	14	0.016288
DP	0	672	25	0.004155	15	0.017451
DP	0	673	30	0.004986	23	0.026758
DP	0	674	23	0.003823	22	0.025595
DP	0	675	25	0.004155	17	0.019778
DP	0	676	24	0.003989	15	0.017451
DP	0	677	25	0.004155	21	0.024432
DP	0	678	34	0.005651	22	0.025595
DP	0	679	15	0.002493	22	0.025595
DP	0	680	20	0.003324	17	0.019778
DP	0	681	32	0.005318	28	0.032576
DP	0	682	24	0.003989	13	0.015124
DP	0	683	21	0.003490	24	0.027922
DP	0	684	36	0.005983	13	0.015124
DP	0	685	22	0.003656	14	0.016288
DP	0	686	27	0.004487	25	0.029085
DP	0	687	21	0.003490	26	0.030249
DP	0	688	17	0.002825	11	0.012798
DP	0	689	19	0.003158	23	0.026758
DP	0	690	21	0.003490	19	0.022105
DP	0	691	34	0.005651	22	0.025595
DP	0	692	23	0.003823	21	0.024432
DP	0	693	21	0.003490	17	0.019778
DP	0	694	20	0.003324	20	0.023268
DP	0	695	25	0.004155	20	0.023268
DP	0	696	23	0.003823	23	0.026758
DP	0	697	18	0.002992	18	0.020941
DP	0	698	21	0.003490	23	0.026758
DP	0	699	26	0.004321	13	0.015124
DP	0	700	22	0.003656	23	0.026758
DP	0	701	19	0.003158	23	0.026758
DP	0	702	24	0.003989	24	0.027922
DP	0	703	28	0.004654	15	0.017451
DP	0	704	22	0.003656	21	0.024432
DP	0	705	19	0.003158	21	0.024432
DP	0	706	21	0.003490	16	0.018615
DP	0	707	18	0.002992	16	0.018615
DP	0	708	21	0.003490	20	0.023268
DP	0	709	21	0.003490	18	0.020941
DP	0	710	10	0.001662	21	0.024432
DP	0	711	18	0.002992	15	0.017451
DP	0	712	24	0.003989	19	0.022105
DP	0	713	26	0.004321	14	0.016288
DP	0	714	24	0.003989	21	0.024432
DP	0	715	15	0.002493	13	0.015124
DP	0	716	24	0.003989	20	0.023268
DP	0	717	21	0.003490	23	0.026758
DP	0	718	21	0.003490	23	0.026758
DP	0	719	21	0.003490	16	0.018615
DP	0	720	16	0.002659	18	0.020941
DP	0	721	18	0.002992	14	0.016288
DP	0	722	32	0.005318	14	0.016288
DP	0	723	19	0.003158	18	0.020941
DP	0	724	25	0.004155	11	0.012798
DP	0	725	16	0.002659	12	0.013961
DP	0	726	23	0.003823	6	0.006980
DP	0	727	20	0.003324	15	0.017451
DP	0	728	21	0.003490	17	0.019778
DP	0	729	24	0.003989	24	0.027922
DP	0	730	16	0.002659	21	0.024432
DP	0	731	26	0.004321	16	0.018615
DP	0	732	19	0.003158	15	0.017451
DP	0	733	17	0.002825	20	0.023268
DP	0	734	18	0.002992	9	0.010471
DP	0	735	21	0.003490	17	0.019778
DP	0	736	18	0.002992	14	0.016288
DP	0	737	20	0.003324	23	0.026758
DP	0	738	21	0.003490	12	0.013961
DP	0	739	22	0.003656	21	0.024432
DP	0	740	19	0.003158	13	0.015124
DP	0	741	23	0.003823	16	0.018615
DP	0	742	18	0.002992	10	0.011634
DP	0	743	14	0.002327	23	0.026758
DP	0	744	32	0.005318	14	0.016288
DP	0	745	19	0.003158	16	0.018615
DP	0	746	26	0.004321	18	0.020941
DP	0	747	22	0.003656	12	0.013961
DP	0	748	20	0.003324	22	0.025595
DP	0	749	14	0.002327	14	0.016288
DP	0	750	15	0.002493	13	0.015124
DP	0	751	28	0.004654	22	0.025595
DP	0	752	20	0.003324	13	0.015124
DP	0	753	15	0.002493	17	0.019778
DP	0	754	18	0.002992	27	0.031412
DP	0	755	22	0.003656	22	0.025595
DP	0	756	12	0.001994	12	0.013961
DP	0	757	22	0.003656	11	0.012798
DP	0	758	20	0.003324	11	0.012798
DP	0	759	32	0.005318	23	0.026758
DP	0	760	17	0.002825	21	0.024432
DP	0	761	15	0.002493	15	0.017451
DP	0	762	21	0.003490	15	0.017451
DP	0	763	17	0.002825	24	0.027922
DP	0	764	20	0.003324	17	0.019778
DP	0	765	22	0.003656	17	0.019778
DP	0	766	20	0.003324	12	0.013961
DP	0	767	25	0.004155	19	0.022105
DP	0	768	16	0.002659	22	0.025595
DP	0	769	15	0.002493	15	0.017451
DP	0	770	15	0.002493	18	0.020941
DP	0	771	25	0.004155	23	0.026758
DP	0	772	29	0.004820	14	0.016288
DP	0	773	14	0.002327	21	0.024432
DP	0	774	19	0.003158	22	0.025595
DP	0	775	13	0.002161	11	0.012798
DP	0	776	18	0.002992	15	0.017451
DP	0	777	28	0.004654	19	0.022105
DP	0	778	22	0.003656	17	0.019778
DP	0	779	16	0.002659	16	0.018615
DP	0	780	12	0.001994	19	0.022105
DP	0	781	17	0.002825	13	0.015124
DP	0	782	21	0.003490	15	0.017451
DP	0	783	18	0.002992	11	0.012798
DP	0	784	21	0.003490	14	0.016288
DP	0	785	24	0.003989	8	0.009307
DP	0	786	19	0.003158	11	0.012798
DP	0	787	19	0.003158	7	0.008144
DP	0	788	17	0.002825	14	0.016288
DP	0	789	18	0.002992	17	0.019778
DP	0	790	16	0.002659	22	0.025595
DP	0	791	13	0.002161	22	0.025595
DP	0	792	13	0.002161	11	0.012798
DP	0	793	13	0.002161	13	0.015124
DP	0	794	22	0.003656	11	0.012798
DP	0	795	16	0.002659	15	0.017451
DP	0	796	19	0.003158	15	0.017451
DP	0	797	20	0.003324	20	0.023268
DP	0	798	20	0.003324	21	0.024432
DP	0	799	21	0.003490	14	0.016288
DP	0	800	13	0.002161	6	0.006980
DP	0	801	19	0.003158	22	0.025595
DP	0	802	30	0.004986	6	0.006980
DP	0	803	21	0.003490	22	0.025595
DP	0	804	17	0.002825	14	0.016288
DP	0	805	22	0.003656	13	0.015124
DP	0	806	21	0.003490	17	0.019778
DP	0	807	24	0.003989	11	0.012798
DP	0	808	16	0.002659	19	0.022105
DP	0	809	15	0.002493	17	0.019778
DP	0	810	11	0.001828	11	0.012798
DP	0	811	9	0.001496	16	0.018615
DP	0	812	16	0.002659	11	0.012798
DP	0	813	25	0.004155	13	0.015124
DP	0	814	25	0.004155	22	0.025595
DP	0	815	12	0.001994	12	0.013961
DP	0	816	16	0.002659	15	0.017451
DP	0	817	10	0.001662	17	0.019778
DP	0	818	15	0.002493	17	0.019778
DP	0	819	17	0.002825	14	0.016288
DP	0	820	12	0.001994	15	0.017451
DP	0	821	14	0.002327	12	0.013961
DP	0	822	11	0.001828	10	0.011634
DP	0	823	13	0.002161	13	0.015124
DP	0	824	13	0.002161	14	0.016288
DP	0	825	12	0.001994	11	0.012798
DP	0	826	21	0.003490	13	0.015124
DP	0	827	21	0.003490	12	0.013961
DP	0	828	20	0.003324	17	0.019778
DP	0	829	15	0.002493	9	0.010471
DP	0	830	14	0.002327	13	0.015124
DP	0	831	11	0.001828	10	0.011634
DP	0	832	16	0.002659	15	0.017451
DP	0	833	11	0.001828	13	0.015124
DP	0	834	11	0.001828	18	0.020941
DP	0	835	17	0.002825	20	0.023268
DP	0	836	17	0.002825	3	0.003490
DP	0	837	14	0.002327	11	0.012798
DP	0	838	19	0.003158	14	0.016288
DP	0	839	16	0.002659	13	0.015124
DP	0	840	15	0.002493	13	0.015124
DP	0	841	18	0.002992	18	0.020941
DP	0	842	16	0.002659	13	0.015124
DP	0	843	13	0.002161	10	0.011634
DP	0	844	14	0.002327	19	0.022105
DP	0	845	18	0.002992	13	0.015124
DP	0	846	10	0.001662	12	0.013961
DP	0	847	13	0.002161	11	0.012798
DP	0	848	21	0.003490	15	0.017451
DP	0	849	19	0.003158	13	0.015124
DP	0	850	19	0.003158	11	0.012798
DP	0	851	22	0.003656	8	0.009307
DP	0	852	20	0.003324	10	0.011634
DP	0	853	11	0.001828	11	0.012798
DP	0	854	15	0.002493	11	0.012798
DP	0	855	19	0.003158	12	0.013961
DP	0	856	20	0.003324	5	0.005817
DP	0	857	8	0.001330	14	0.016288
DP	0	858	7	0.001163	13	0.015124
DP	0	859	15	0.002493	15	0.017451
DP	0	860	18	0.002992	12	0.013961
DP	0	861	19	0.003158	14	0.016288
DP	0	862	12	0.001994	11	0.012798
DP	0	863	21	0.003490	12	0.013961
DP	0	864	14	0.002327	17	0.019778
DP	0	865	16	0.002659	14	0.016288
DP	0	866	8	0.001330	12	0.013961
DP	0	867	15	0.002493	15	0.017451
DP	0	868	20	0.003324	17	0.019778
DP	0	869	13	0.002161	16	0.018615
DP	0	870	13	0.002161	13	0.015124
DP	0	871	12	0.001994	15	0.017451
DP	0	872	13	0.002161	10	0.011634
DP	0	873	10	0.001662	10	0.011634
DP	0	874	8	0.001330	14	0.016288
DP	0	875	11	0.001828	15	0.017451
DP	0	876	16	0.002659	19	0.022105
DP	0	877	11	0.001828	11	0.012798
DP	0	878	14	0.002327	16	0.018615
DP	0	879	19	0.003158	13	0.015124
DP	0	880	14	0.002327	8	0.009307
DP	0	881	16	0.002659	8	0.009307
DP	0	882	14	0.002327	7	0.008144
DP	0	883	15	0.002493	10	0.011634
DP	0	884	12	0.001994	13	0.015124
DP	0	885	21	0.003490	14	0.016288
DP	0	886	15	0.002493	11	0.012798
DP	0	887	12	0.001994	9	0.010471
DP	0	888	11	0.001828	15	0.017451
DP	0	889	13	0.002161	8	0.009307
DP	0	890	25	0.004155	17	0.019778
DP	0	891	15	0.002493	6	0.006980
DP	0	892	15	0.002493	9	0.010471
DP	0	893	16	0.002659	17	0.019778
DP	0	894	17	0.002825	13	0.015124
DP	0	895	16	0.002659	11	0.012798
DP	0	896	14	0.002327	15	0.017451
DP	0	897	14	0.002327	13	0.015124
DP	0	898	15	0.002493	14	0.016288
DP	0	899	12	0.001994	14	0.016288
DP	0	900	17	0.002825	12	0.013961
DP	0	901	20	0.003324	12	0.013961
DP	0	902	13	0.002161	10	0.011634
DP	0	903	12	0.001994	9	0.010471
DP	0	904	12	0.001994	8	0.009307
DP	0	905	14	0.002327	11	0.012798
DP	0	906	12	0.001994	14	0.016288
DP	0	907	7	0.001163	7	0.008144
DP	0	908	16	0.002659	12	0.013961
DP	0	909	12	0.001994	14	0.016288
DP	0	910	15	0.002493	14	0.016288
DP	0	911	16	0.002659	21	0.024432
DP	0	912	12	0.001994	10	0.011634
DP	0	913	15	0.002493	14	0.016288
DP	0	914	16	0.002659	20	0.023268
DP	0	915	8	0.001330	9	0.010471
DP	0	916	20	0.003324	11	0.012798
DP	0	917	15	0.002493	13	0.015124
DP	0	918	11	0.001828	13	0.015124
DP	0	919	13	0.002161	18	0.020941
DP	0	920	13	0.002161	6	0.006980
DP	0	921	18	0.002992	9	0.010471
DP	0	922	10	0.001662	10	0.011634
DP	0	923	13	0.002161	4	0.004654
DP	0	924	19	0.003158	13	0.015124
DP	0	925	18	0.002992	13	0.015124
DP	0	926	18	0.002992	9	0.010471
DP	0	927	21	0.003490	11	0.012798
DP	0	928	16	0.002659	12	0.013961
DP	0	929	18	0.002992	10	0.011634
DP	0	930	12	0.001994	15	0.017451
DP	0	931	12	0.001994	8	0.009307
DP	0	932	13	0.002161	16	0.018615
DP	0	933	13	0.002161	8	0.009307
DP	0	934	6	0.000997	8	0.009307
DP	0	935	14	0.002327	13	0.015124
DP	0	936	14	0.002327	13	0.015124
DP	0	937	23	0.003823	7	0.008144
DP	0	938	9	0.001496	9	0.010471
DP	0	939	10	0.001662	13	0.015124
DP	0	940	10	0.001662	16	0.018615
DP	0	941	11	0.001828	11	0.012798
DP	0	942	7	0.001163	12	0.013961
DP	0	943	18	0.002992	5	0.005817
DP	0	944	11	0.001828	5	0.005817
DP	0	945	10	0.001662	15	0.017451
DP	0	946	10	0.001662	12	0.013961
DP	0	947	15	0.002493	7	0.008144
DP	0	948	21	0.003490	13	0.015124
DP	0	949	14	0.002327	12	0.013961
DP	0	950	20	0.003324	8	0.009307
DP	0	951	19	0.003158	11	0.012798
DP	0	952	17	0.002825	10	0.011634
DP	0	953	14	0.002327	8	0.009307
DP	0	954	11	0.001828	8	0.009307
DP	0	955	8	0.001330	10	0.011634
DP	0	956	6	0.000997	7	0.008144
DP	0	957	13	0.002161	13	0.015124
DP	0	958	14	0.002327	8	0.009307
DP	0	959	12	0.001994	10	0.011634
DP	0	960	8	0.001330	9	0.010471
DP	0	961	15	0.002493	11	0.012798
DP	0	962	7	0.001163	6	0.006980
DP	0	963	14	0.002327	19	0.022105
DP	0	964	11	0.001828	10	0.011634
DP	0	965	10	0.001662	10	0.011634
DP	0	966	12	0.001994	12	0.013961
DP	0	967	13	0.002161	7	0.008144
DP	0	968	15	0.002493	15	0.017451
DP	0	969	10	0.001662	6	0.006980
DP	0	970	14	0.002327	13	0.015124
DP	0	971	20	0.003324	10	0.011634
DP	0	972	10	0.001662	11	0.012798
DP	0	973	12	0.001994	8	0.009307
DP	0	974	9	0.001496	15	0.017451
DP	0	975	14	0.002327	14	0.016288
DP	0	976	13	0.002161	10	0.011634
DP	0	977	14	0.002327	8	0.009307
DP	0	978	11	0.001828	8	0.009307
DP	0	979	12	0.001994	16	0.018615
DP	0	980	8	0.001330	8	0.009307
DP	0	981	10	0.001662	6	0.006980
DP	0	982	13	0.002161	10	0.011634
DP	0	983	14	0.002327	11	0.012798
DP	0	984	11	0.001828	8	0.009307
DP	0	985	12	0.001994	8	0.009307
DP	0	986	11	0.001828	9	0.010471
DP	0	987	14	0.002327	6	0.006980
DP	0	988	14	0.002327	14	0.016288
DP	0	989	13	0.002161	7	0.008144
DP	0	990	10	0.001662	11	0.012798
DP	0	991	11	0.001828	20	0.023268
DP	0	992	8	0.001330	11	0.012798
DP	0	993	12	0.001994	8	0.009307
DP	0	994	12	0.001994	7	0.008144
DP	0	995	14	0.002327	15	0.017451
DP	0	996	10	0.001662	13	0.015124
DP	0	997	10	0.001662	18	0.020941
DP	0	998	13	0.002161	9	0.010471
DP	0	999	12	0.001994	15	0.017451
DP	0	1000	12	0.001994	9	0.010471
DP	0	1001	7	0.001163	12	0.013961
DP	0	1002	8	0.001330	11	0.012798
DP	0	1003	11	0.001828	11	0.012798
DP	0	1004	17	0.002825	6	0.006980
DP	0	1005	14	0.002327	3	0.003490
DP	0	1006	8	0.001330	11	0.012798
DP	0	1007	16	0.002659	7	0.008144
DP	0	1008	11	0.001828	11	0.012798
DP	0	1009	13	0.002161	10	0.011634
DP	0	1010	16	0.002659	13	0.015124
DP	0	1011	9	0.001496	13	0.015124
DP	0	1012	15	0.002493	12	0.013961
DP	0	1013	11	0.001828	7	0.008144
DP	0	1014	12	0.001994	10	0.011634
DP	0	1015	6	0.000997	10	0.011634
DP	0	1016	13	0.002161	11	0.012798
DP	0	1017	14	0.002327	5	0.005817
DP	0	1018	7	0.001163	10	0.011634
DP	0	1019	14	0.002327	13	0.015124
DP	0	1020	13	0.002161	7	0.008144
DP	0	1021	13	0.002161	8	0.009307
DP	0	1022	13	0.002161	14	0.016288
DP	0	1023	13	0.002161	13	0.015124
DP	0	1024	19	0.003158	10	0.011634
DP	0	1025	15	0.002493	6	0.006980
DP	0	1026	9	0.001496	10	0.011634
DP	0	1027	11	0.001828	10	0.011634
DP	0	1028	13	0.002161	5	0.005817
DP	0	1029	7	0.001163	9	0.010471
DP	0	1030	5	0.000831	9	0.010471
DP	0	1031	15	0.002493	9	0.010471
DP	0	1032	7	0.001163	15	0.017451
DP	0	1033	8	0.001330	8	0.009307
DP	0	1034	9	0.001496	11	0.012798
DP	0	1035	10	0.001662	10	0.011634
DP	0	1036	14	0.002327	13	0.015124
DP	0	1037	10	0.001662	10	0.011634
DP	0	1038	12	0.001994	8	0.009307
DP	0	1039	15	0.002493	11	0.012798
DP	0	1040	10	0.001662	7	0.008144
DP	0	1041	8	0.001330	8	0.009307
DP	0	1042	6	0.000997	6	0.006980
DP	0	1043	14	0.002327	5	0.005817
DP	0	1044	11	0.001828	14	0.016288
DP	0	1045	11	0.001828	5	0.005817
DP	0	1046	17	0.002825	4	0.004654
DP	0	1047	4	0.000665	8	0.009307
DP	0	1048	14	0.002327	7	0.008144
DP	0	1049	12	0.001994	8	0.009307
DP	0	1050	10	0.001662	10	0.011634
DP	0	1051	13	0.002161	8	0.009307
DP	0	1052	15	0.002493	9	0.010471
DP	0	1053	12	0.001994	12	0.013961
DP	0	1054	7	0.001163	12	0.013961
DP	0	1055	8	0.001330	12	0.013961
DP	0	1056	5	0.000831	5	0.005817
DP	0	1057	9	0.001496	7	0.008144
DP	0	1058	10	0.001662	11	0.012798
DP	0	1059	9	0.001496	10	0.011634
DP	0	1060	10	0.001662	11	0.012798
DP	0	1061	12	0.001994	11	0.012798
DP	0	1062	6	0.000997	11	0.012798
DP	0	1063	11	0.001828	8	0.009307
DP	0	1064	8	0.001330	12	0.013961
DP	0	1065	9	0.001496	8	0.009307
DP	0	1066	15	0.002493	12	0.013961
DP	0	1067	9	0.001496	6	0.006980
DP	0	1068	13	0.002161	6	0.006980
DP	0	1069	12	0.001994	9	0.010471
DP	0	1070	4	0.000665	5	0.005817
DP	0	1071	13	0.002161	12	0.013961
DP	0	1072	7	0.001163	7	0.008144
DP	0	1073	13	0.002161	12	0.013961
DP	0	1074	15	0.002493	7	0.008144
DP	0	1075	8	0.001330	12	0.013961
DP	0	1076	10	0.001662	4	0.004654
DP	0	1077	11	0.001828	6	0.006980
DP	0	1078	11	0.001828	5	0.005817
DP	0	1079	9	0.001496	6	0.006980
DP	0	1080	10	0.001662	13	0.015124
DP	0	1081	11	0.001828	7	0.008144
DP	0	1082	6	0.000997	16	0.018615
DP	0	1083	7	0.001163	6	0.006980
DP	0	1084	10	0.001662	10	0.011634
DP	0	1085	8	0.001330	9	0.010471
DP	0	1086	10	0.001662	5	0.005817
DP	0	1087	12	0.001994	6	0.006980
DP	0	1088	6	0.000997	10	0.011634
DP	0	1089	12	0.001994	8	0.009307
DP	0	1090	12	0.001994	13	0.015124
DP	0	1091	6	0.000997	9	0.010471
DP	0	1092	7	0.001163	9	0.010471
DP	0	1093	11	0.001828	10	0.011634
DP	0	1094	2	0.000332	7	0.008144
DP	0	1095	11	0.001828	7	0.008144
DP	0	1096	3	0.000499	15	0.017451
DP	0	1097	5	0.000831	5	0.005817
DP	0	1098	12	0.001994	10	0.011634
DP	0	1099	5	0.000831	10	0.011634
DP	0	1100	10	0.001662	6	0.006980
DP	0	1101	6	0.000997	10	0.011634
DP	0	1102	11	0.001828	8	0.009307
DP	0	1103	10	0.001662	8	0.009307
DP	0	1104	8	0.001330	6	0.006980
DP	0	1105	5	0.000831	6	0.006980
DP	0	1106	14	0.002327	9	0.010471
DP	0	1107	10	0.001662	9	0.010471
DP	0	1108	10	0.001662	13	0.015124
DP	0	1109	9	0.001496	10	0.011634
DP	0	1110	11	0.001828	10	0.011634
DP	0	1111	12	0.001994	5	0.005817
DP	0	1112	11	0.001828	14	0.016288
DP	0	1113	6	0.000997	6	0.006980
DP	0	1114	13	0.002161	5	0.005817
DP	0	1115	6	0.000997	8	0.009307
DP	0	1116	5	0.000831	8	0.009307
DP	0	1117	9	0.001496	9	0.010471
DP	0	1118	11	0.001828	6	0.006980
DP	0	1119	7	0.001163	9	0.010471
DP	0	1120	9	0.001496	12	0.013961
DP	0	1121	5	0.000831	9	0.010471
DP	0	1122	7	0.001163	9	0.010471
DP	0	1123	17	0.002825	9	0.010471
DP	0	1124	7	0.001163	8	0.009307
DP	0	1125	6	0.000997	8	0.009307
DP	0	1126	12	0.001994	6	0.006980
DP	0	1127	10	0.001662	9	0.010471
DP	0	1128	17	0.002825	8	0.009307
DP	0	1129	5	0.000831	7	0.008144
DP	0	1130	7	0.001163	11	0.012798
DP	0	1131	9	0.001496	9	0.010471
DP	0	1132	8	0.001330	5	0.005817
DP	0	1133	11	0.001828	14	0.016288
DP	0	1134	12	0.001994	14	0.016288
DP	0	1135	8	0.001330	12	0.013961
DP	0	1136	6	0.000997	7	0.008144
DP	0	1137	8	0.001330	13	0.015124
DP	0	1138	16	0.002659	9	0.010471
DP	0	1139	7	0.001163	5	0.005817
DP	0	1140	7	0.001163	2	0.002327
DP	0	1141	8	0.001330	8	0.009307
DP	0	1142	9	0.001496	10	0.011634
DP	0	1143	9	0.001496	5	0.005817
DP	0	1144	9	0.001496	12	0.013961
DP	0	1145	10	0.001662	11	0.012798
DP	0	1146	10	0.001662	12	0.013961
DP	0	1147	12	0.001994	8	0.009307
DP	0	1148	11	0.001828	13	0.015124
DP	0	1149	6	0.000997	11	0.012798
DP	0	1150	11	0.001828	8	0.009307
DP	0	1151	3	0.000499	5	0.005817
DP	0	1152	6	0.000997	7	0.008144
DP	0	1153	11	0.001828	8	0.009307
DP	0	1154	8	0.001330	5	0.005817
DP	0	1155	11	0.001828	11	0.012798
DP	0	1156	10	0.001662	10	0.011634
DP	0	1157	13	0.002161	5	0.005817
DP	0	1158	7	0.001163	3	0.003490
DP	0	1159	11	0.001828	8	0.009307
DP	0	1160	5	0.000831	6	0.006980
DP	0	1161	8	0.001330	5	0.005817
DP	0	1162	5	0.000831	8	0.009307
DP	0	1163	7	0.001163	4	0.004654
DP	0	1164	9	0.001496	7	0.008144
DP	0	1165	7	0.001163	9	0.010471
DP	0	1166	3	0.000499	9	0.010471
DP	0	1167	8	0.001330	6	0.006980
DP	0	1168	10	0.001662	9	0.010471
DP	0	1169	7	0.001163	7	0.008144
DP	0	1170	7	0.001163	10	0.011634
DP	0	1171	7	0.001163	6	0.006980
DP	0	1172	11	0.001828	8	0.009307
DP	0	1173	10	0.001662	16	0.018615
DP	0	1174	10	0.001662	3	0.003490
DP	0	1175	3	0.000499	7	0.008144
DP	0	1176	10	0.001662	10	0.011634
DP	0	1177	10	0.001662	6	0.006980
DP	0	1178	7	0.001163	9	0.010471
DP	0	1179	7	0.001163	7	0.008144
DP	0	1180	7	0.001163	5	0.005817
DP	0	1181	4	0.000665	2	0.002327
DP	0	1182	10	0.001662	6	0.006980
DP	0	1183	11	0.001828	6	0.006980
DP	0	1184	9	0.001496	6	0.006980
DP	0	1185	8	0.001330	9	0.010471
DP	0	1186	6	0.000997	5	0.005817
DP	0	1187	9	0.001496	11	0.012798
DP	0	1188	11	0.001828	8	0.009307
DP	0	1189	11	0.001828	9	0.010471
DP	0	1190	8	0.001330	5	0.005817
DP	0	1191	8	0.001330	9	0.010471
DP	0	1192	6	0.000997	7	0.008144
DP	0	1193	8	0.001330	9	0.010471
DP	0	1194	7	0.001163	13	0.015124
DP	0	1195	8	0.001330	11	0.012798
DP	0	1196	6	0.000997	5	0.005817
DP	0	1197	4	0.000665	2	0.002327
DP	0	1198	9	0.001496	10	0.011634
DP	0	1199	13	0.002161	4	0.004654
DP	0	1200	5	0.000831	9	0.010471
DP	0	1201	7	0.001163	8	0.009307
DP	0	1202	6	0.000997	11	0.012798
DP	0	1203	7	0.001163	12	0.013961
DP	0	1204	8	0.001330	9	0.010471
DP	0	1205	12	0.001994	5	0.005817
DP	0	1206	5	0.000831	3	0.003490
DP	0	1207	9	0.001496	6	0.006980
DP	0	1208	14	0.002327	2	0.002327
DP	0	1209	4	0.000665	4	0.004654
DP	0	1210	8	0.001330	7	0.008144
DP	0	1211	8	0.001330	8	0.009307
DP	0	1212	7	0.001163	14	0.016288
DP	0	1213	6	0.000997	6	0.006980
DP	0	1214	5	0.000831	4	0.004654
DP	0	1215	8	0.001330	8	0.009307
DP	0	1216	4	0.000665	9	0.010471
DP	0	1217	4	0.000665	10	0.011634
DP	0	1218	6	0.000997	8	0.009307
DP	0	1219	10	0.001662	10	0.011634
DP	0	1220	4	0.000665	6	0.006980
DP	0	1221	12	0.001994	3	0.003490
DP	0	1222	4	0.000665	5	0.005817
DP	0	1223	5	0.000831	8	0.009307
DP	0	1224	6	0.000997	10	0.011634
DP	0	1225	7	0.001163	6	0.006980
DP	0	1226	11	0.001828	3	0.003490
DP	0	1227	4	0.000665	4	0.004654
DP	0	1228	7	0.001163	10	0.011634
DP	0	1229	10	0.001662	5	0.005817
DP	0	1230	4	0.000665	3	0.003490
DP	0	1231	5	0.000831	8	0.009307
DP	0	1232	4	0.000665	7	0.008144
DP	0	1233	8	0.001330	6	0.006980
DP	0	1234	7	0.001163	8	0.009307
DP	0	1235	7	0.001163	8	0.009307
DP	0	1236	10	0.001662	5	0.005817
DP	0	1237	8	0.001330	7	0.008144
DP	0	1238	8	0.001330	5	0.005817
DP	0	1239	6	0.000997	6	0.006980
DP	0	1240	5	0.000831	7	0.008144
DP	0	1241	5	0.000831	5	0.005817
DP	0	1242	7	0.001163	5	0.005817
DP	0	1243	9	0.001496	6	0.006980
DP	0	1244	5	0.000831	11	0.012798
DP	0	1245	4	0.000665	10	0.011634
DP	0	1246	5	0.000831	7	0.008144
DP	0	1247	6	0.000997	4	0.004654
DP	0	1248	8	0.001330	7	0.008144
DP	0	1249	9	0.001496	4	0.004654
DP	0	1250	5	0.000831	8	0.009307
DP	0	1251	6	0.000997	3	0.003490
DP	0	1252	9	0.001496	3	0.003490
DP	0	1253	4	0.000665	7	0.008144
DP	0	1254	7	0.001163	7	0.008144
DP	0	1255	9	0.001496	11	0.012798
DP	0	1256	6	0.000997	1	0.001163
DP	0	1257	8	0.001330	5	0.005817
DP	0	1258	8	0.001330	4	0.004654
DP	0	1259	7	0.001163	5	0.005817
DP	0	1260	4	0.000665	5	0.005817
DP	0	1261	7	0.001163	7	0.008144
DP	0	1262	5	0.000831	5	0.005817
DP	0	1263	7	0.001163	11	0.012798
DP	0	1264	11	0.001828	5	0.005817
DP	0	1265	10	0.001662	4	0.004654
DP	0	1266	8	0.001330	4	0.004654
DP	0	1267	9	0.001496	5	0.005817
DP	0	1268	9	0.001496	5	0.005817
DP	0	1269	4	0.000665	8	0.009307
DP	0	1270	11	0.001828	4	0.004654
DP	0	1271	8	0.001330	6	0.006980
DP	0	1272	3	0.000499	8	0.009307
DP	0	1273	4	0.000665	8	0.009307
DP	0	1274	6	0.000997	10	0.011634
DP	0	1275	9	0.001496	4	0.004654
DP	0	1276	6	0.000997	4	0.004654
DP	0	1277	9	0.001496	4	0.004654
DP	0	1278	5	0.000831	4	0.004654
DP	0	1279	16	0.002659	8	0.009307
DP	0	1280	10	0.001662	6	0.006980
DP	0	1281	3	0.000499	3	0.003490
DP	0	1282	3	0.000499	7	0.008144
DP	0	1283	4	0.000665	9	0.010471
DP	0	1284	6	0.000997	5	0.005817
DP	0	1285	7	0.001163	7	0.008144
DP	0	1286	6	0.000997	10	0.011634
DP	0	1287	4	0.000665	4	0.004654
DP	0	1288	10	0.001662	3	0.003490
DP	0	1289	7	0.001163	5	0.005817
DP	0	1290	12	0.001994	10	0.011634
DP	0	1291	3	0.000499	9	0.010471
DP	0	1292	7	0.001163	5	0.005817
DP	0	1293	8	0.001330	3	0.003490
DP	0	1294	5	0.000831	8	0.009307
DP	0	1295	8	0.001330	3	0.003490
DP	0	1296	7	0.001163	10	0.011634
DP	0	1297	7	0.001163	4	0.004654
DP	0	1298	5	0.000831	5	0.005817
DP	0	1299	10	0.001662	8	0.009307
DP	0	1300	7	0.001163	4	0.004654
DP	0	1301	4	0.000665	10	0.011634
DP	0	1302	4	0.000665	9	0.010471
DP	0	1303	6	0.000997	7	0.008144
DP	0	1304	9	0.001496	10	0.011634
DP	0	1305	5	0.000831	5	0.005817
DP	0	1306	6	0.000997	7	0.008144
DP	0	1307	3	0.000499	4	0.004654
DP	0	1308	7	0.001163	11	0.012798
DP	0	1309	8	0.001330	7	0.008144
DP	0	1310	7	0.001163	4	0.004654
DP	0	1311	3	0.000499	3	0.003490
DP	0	1312	5	0.000831	8	0.009307
DP	0	1313	4	0.000665	8	0.009307
DP	0	1314	2	0.000332	8	0.009307
DP	0	1315	3	0.000499	11	0.012798
DP	0	1316	3	0.000499	7	0.008144
DP	0	1317	8	0.001330	7	0.008144
DP	0	1318	5	0.000831	7	0.008144
DP	0	1319	7	0.001163	7	0.008144
DP	0	1320	4	0.000665	10	0.011634
DP	0	1321	5	0.000831	8	0.009307
DP	0	1322	3	0.000499	8	0.009307
DP	0	1323	9	0.001496	6	0.006980
DP	0	1324	10	0.001662	7	0.008144
DP	0	1325	7	0.001163	4	0.004654
DP	0	1326	1	0.000166	10	0.011634
DP	0	1327	6	0.000997	4	0.004654
DP	0	1328	4	0.000665	6	0.006980
DP	0	1329	7	0.001163	3	0.003490
DP	0	1330	6	0.000997	2	0.002327
DP	0	1331	5	0.000831	4	0.004654
DP	0	1332	11	0.001828	5	0.005817
DP	0	1333	5	0.000831	7	0.008144
DP	0	1334	7	0.001163	6	0.006980
DP	0	1335	7	0.001163	8	0.009307
DP	0	1336	2	0.000332	2	0.002327
DP	0	1337	3	0.000499	5	0.005817
DP	0	1338	7	0.001163	3	0.003490
DP	0	1339	9	0.001496	7	0.008144
DP	0	1340	5	0.000831	9	0.010471
DP	0	1341	5	0.000831	6	0.006980
DP	0	1342	3	0.000499	7	0.008144
DP	0	1343	5	0.000831	6	0.006980
DP	0	1344	2	0.000332	3	0.003490
DP	0	1345	4	0.000665	6	0.006980
DP	0	1346	9	0.001496	9	0.010471
DP	0	1347	7	0.001163	8	0.009307
DP	0	1348	6	0.000997	3	0.003490
DP	0	1349	7	0.001163	7	0.008144
DP	0	1350	3	0.000499	9	0.010471
DP	0	1351	2	0.000332	8	0.009307
DP	0	1352	4	0.000665	7	0.008144
DP	0	1353	4	0.000665	3	0.003490
DP	0	1354	5	0.000831	0	0.000000
DP	0	1355	5	0.000831	8	0.009307
DP	0	1356	4	0.000665	6	0.006980
DP	0	1357	5	0.000831	3	0.003490
DP	0	1358	6	0.000997	4	0.004654
DP	0	1359	5	0.000831	1	0.001163
DP	0	1360	5	0.000831	1	0.001163
DP	0	1361	3	0.000499	6	0.006980
DP	0	1362	9	0.001496	6	0.006980
DP	0	1363	10	0.001662	7	0.008144
DP	0	1364	4	0.000665	4	0.004654
DP	0	1365	5	0.000831	2	0.002327
DP	0	1366	8	0.001330	6	0.006980
DP	0	1367	5	0.000831	3	0.003490
DP	0	1368	7	0.001163	7	0.008144
DP	0	1369	6	0.000997	9	0.010471
DP	0	1370	3	0.000499	5	0.005817
DP	0	1371	9	0.001496	5	0.005817
DP	0	1372	3	0.000499	6	0.006980
DP	0	1373	4	0.000665	3	0.003490
DP	0	1374	7	0.001163	4	0.004654
DP	0	1375	7	0.001163	6	0.006980
DP	0	1376	4	0.000665	5	0.005817
DP	0	1377	5	0.000831	7	0.008144
DP	0	1378	10	0.001662	5	0.005817
DP	0	1379	5	0.000831	4	0.004654
DP	0	1380	5	0.000831	3	0.003490
DP	0	1381	7	0.001163	1	0.001163
DP	0	1382	3	0.000499	6	0.006980
DP	0	1383	7	0.001163	7	0.008144
DP	0	1384	3	0.000499	7	0.008144
DP	0	1385	5	0.000831	4	0.004654
DP	0	1386	7	0.001163	6	0.006980
DP	0	1387	9	0.001496	5	0.005817
DP	0	1388	4	0.000665	6	0.006980
DP	0	1389	4	0.000665	4	0.004654
DP	0	1390	3	0.000499	8	0.009307
DP	0	1391	8	0.001330	6	0.006980
DP	0	1392	8	0.001330	5	0.005817
DP	0	1393	7	0.001163	5	0.005817
DP	0	1394	2	0.000332	4	0.004654
DP	0	1395	11	0.001828	8	0.009307
DP	0	1396	6	0.000997	6	0.006980
DP	0	1397	5	0.000831	6	0.006980
DP	0	1398	2	0.000332	8	0.009307
DP	0	1399	3	0.000499	2	0.002327
DP	0	1400	6	0.000997	2	0.002327
DP	0	1401	4	0.000665	7	0.008144
DP	0	1402	4	0.000665	9	0.010471
DP	0	1403	7	0.001163	8	0.009307
DP	0	1404	1	0.000166	10	0.011634
DP	0	1405	4	0.000665	2	0.002327
DP	0	1406	5	0.000831	9	0.010471
DP	0	1407	7	0.001163	7	0.008144
DP	0	1408	8	0.001330	4	0.004654
DP	0	1409	6	0.000997	2	0.002327
DP	0	1410	7	0.001163	6	0.006980
DP	0	1411	10	0.001662	3	0.003490
DP	0	1412	5	0.000831	7	0.008144
DP	0	1413	3	0.000499	2	0.002327
DP	0	1414	10	0.001662	3	0.003490
DP	0	1415	5	0.000831	4	0.004654
DP	0	1416	3	0.000499	3	0.003490
DP	0	1417	6	0.000997	5	0.005817
DP	0	1418	2	0.000332	6	0.006980
DP	0	1419	6	0.000997	6	0.006980
DP	0	1420	6	0.000997	7	0.008144
DP	0	1421	2	0.000332	7	0.008144
DP	0	1422	3	0.000499	3	0.003490
DP	0	1423	5	0.000831	0	0.000000
DP	0	1424	8	0.001330	6	0.006980
DP	0	1425	2	0.000332	6	0.006980
DP	0	1426	3	0.000499	3	0.003490
DP	0	1427	2	0.000332	5	0.005817
DP	0	1428	5	0.000831	10	0.011634
DP	0	1429	7	0.001163	4	0.004654
DP	0	1430	5	0.000831	3	0.003490
DP	0	1431	1	0.000166	7	0.008144
DP	0	1432	6	0.000997	6	0.006980
DP	0	1433	8	0.001330	1	0.001163
DP	0	1434	8	0.001330	4	0.004654
DP	0	1435	4	0.000665	9	0.010471
DP	0	1436	5	0.000831	7	0.008144
DP	0	1437	9	0.001496	5	0.005817
DP	0	1438	3	0.000499	9	0.010471
DP	0	1439	2	0.000332	5	0.005817
DP	0	1440	5	0.000831	4	0.004654
DP	0	1441	6	0.000997	8	0.009307
DP	0	1442	6	0.000997	4	0.004654
DP	0	1443	4	0.000665	5	0.005817
DP	0	1444	6	0.000997	7	0.008144
DP	0	1445	3	0.000499	5	0.005817
DP	0	1446	5	0.000831	4	0.004654
DP	0	1447	5	0.000831	5	0.005817
DP	0	1448	4	0.000665	5	0.005817
DP	0	1449	4	0.000665	4	0.004654
DP	0	1450	5	0.000831	6	0.006980
DP	0	1451	8	0.001330	8	0.009307
DP	0	1452	5	0.000831	7	0.008144
DP	0	1453	5	0.000831	10	0.011634
DP	0	1454	4	0.000665	7	0.008144
DP	0	1455	6	0.000997	5	0.005817
DP	0	1456	2	0.000332	8	0.009307
DP	0	1457	7	0.001163	7	0.008144
DP	0	1458	4	0.000665	4	0.004654
DP	0	1459	6	0.000997	2	0.002327
DP	0	1460	3	0.000499	3	0.003490
DP	0	1461	4	0.000665	6	0.006980
DP	0	1462	2	0.000332	6	0.006980
DP	0	1463	6	0.000997	6	0.006980
DP	0	1464	8	0.001330	8	0.009307
DP	0	1465	2	0.000332	5	0.005817
DP	0	1466	1	0.000166	4	0.004654
DP	0	1467	3	0.000499	3	0.003490
DP	0	1468	7	0.001163	6	0.006980
DP	0	1469	4	0.000665	3	0.003490
DP	0	1470	2	0.000332	8	0.009307
DP	0	1471	6	0.000997	5	0.005817
DP	0	1472	6	0.000997	4	0.004654
DP	0	1473	5	0.000831	6	0.006980
DP	0	1474	4	0.000665	7	0.008144
DP	0	1475	6	0.000997	5	0.005817
DP	0	1476	3	0.000499	1	0.001163
DP	0	1477	5	0.000831	7	0.008144
DP	0	1478	3	0.000499	4	0.004654
DP	0	1479	3	0.000499	5	0.005817
DP	0	1480	3	0.000499	4	0.004654
DP	0	1481	6	0.000997	5	0.005817
DP	0	1482	5	0.000831	6	0.006980
DP	0	1483	1	0.000166	4	0.004654
DP	0	1484	5	0.000831	3	0.003490
DP	0	1485	7	0.001163	7	0.008144
DP	0	1486	4	0.000665	2	0.002327
DP	0	1487	8	0.001330	3	0.003490
DP	0	1488	2	0.000332	4	0.004654
DP	0	1489	6	0.000997	7	0.008144
DP	0	1490	3	0.000499	5	0.005817
DP	0	1491	7	0.001163	6	0.006980
DP	0	1492	9	0.001496	3	0.003490
DP	0	1493	7	0.001163	4	0.004654
DP	0	1494	7	0.001163	6	0.006980
DP	0	1495	3	0.000499	4	0.004654
DP	0	1496	5	0.000831	1	0.001163
DP	0	1497	4	0.000665	5	0.005817
DP	0	1498	4	0.000665	4	0.004654
DP	0	1499	5	0.000831	7	0.008144
DP	0	1500	3	0.000499	4	0.004654
DP	0	1501	4	0.000665	2	0.002327
DP	0	1502	3	0.000499	2	0.002327
DP	0	1503	3	0.000499	3	0.003490
DP	0	1504	4	0.000665	3	0.003490
DP	0	1505	5	0.000831	3	0.003490
DP	0	1506	5	0.000831	6	0.006980
DP	0	1507	4	0.000665	4	0.004654
DP	0	1508	4	0.000665	5	0.005817
DP	0	1509	1	0.000166	3	0.003490
DP	0	1510	6	0.000997	4	0.004654
DP	0	1511	3	0.000499	1	0.001163
DP	0	1512	5	0.000831	7	0.008144
DP	0	1513	7	0.001163	3	0.003490
DP	0	1514	6	0.000997	7	0.008144
DP	0	1515	4	0.000665	4	0.004654
DP	0	1516	4	0.000665	9	0.010471
DP	0	1517	4	0.000665	5	0.005817
DP	0	1518	6	0.000997	4	0.004654
DP	0	1519	4	0.000665	3	0.003490
DP	0	1520	5	0.000831	4	0.004654
DP	0	1521	2	0.000332	6	0.006980
DP	0	1522	5	0.000831	2	0.002327
DP	0	1523	6	0.000997	4	0.004654
DP	0	1524	4	0.000665	3	0.003490
DP	0	1525	0	0.000000	6	0.006980
DP	0	1526	4	0.000665	4	0.004654
DP	0	1527	2	0.000332	4	0.004654
DP	0	1528	5	0.000831	5	0.005817
DP	0	1529	7	0.001163	4	0.004654
DP	0	1530	3	0.000499	9	0.010471
DP	0	1531	5	0.000831	5	0.005817
DP	0	1532	5	0.000831	6	0.006980
DP	0	1533	10	0.001662	6	0.006980
DP	0	1534	0	0.000000	4	0.004654
DP	0	1535	3	0.000499	7	0.008144
DP	0	1536	2	0.000332	5	0.005817
DP	0	1537	7	0.001163	6	0.006980
DP	0	1538	5	0.000831	2	0.002327
DP	0	1539	6	0.000997	3	0.003490
DP	0	1540	7	0.001163	7	0.008144
DP	0	1541	1	0.000166	5	0.005817
DP	0	1542	4	0.000665	4	0.004654
DP	0	1543	4	0.000665	5	0.005817
DP	0	1544	4	0.000665	2	0.002327
DP	0	1545	3	0.000499	4	0.004654
DP	0	1546	3	0.000499	12	0.013961
DP	0	1547	2	0.000332	3	0.003490
DP	0	1548	4	0.000665	5	0.005817
DP	0	1549	1	0.000166	8	0.009307
DP	0	1550	1	0.000166	3	0.003490
DP	0	1551	2	0.000332	4	0.004654
DP	0	1552	5	0.000831	6	0.006980
DP	0	1553	1	0.000166	6	0.006980
DP	0	1554	2	0.000332	5	0.005817
DP	0	1555	5	0.000831	1	0.001163
DP	0	1556	5	0.000831	5	0.005817
DP	0	1557	4	0.000665	5	0.005817
DP	0	1558	6	0.000997	5	0.005817
DP	0	1559	7	0.001163	9	0.010471
DP	0	1560	3	0.000499	7	0.008144
DP	0	1561	3	0.000499	4	0.004654
DP	0	1562	3	0.000499	5	0.005817
DP	0	1563	7	0.001163	4	0.004654
DP	0	1564	4	0.000665	5	0.005817
DP	0	1565	3	0.000499	5	0.005817
DP	0	1566	6	0.000997	6	0.006980
DP	0	1567	4	0.000665	4	0.004654
DP	0	1568	7	0.001163	4	0.004654
DP	0	1569	6	0.000997	6	0.006980
DP	0	1570	3	0.000499	12	0.013961
DP	0	1571	5	0.000831	2	0.002327
DP	0	1572	4	0.000665	5	0.005817
DP	0	1573	4	0.000665	4	0.004654
DP	0	1574	2	0.000332	6	0.006980
DP	0	1575	6	0.000997	4	0.004654
DP	0	1576	8	0.001330	7	0.008144
DP	0	1577	9	0.001496	7	0.008144
DP	0	1578	5	0.000831	3	0.003490
DP	0	1579	4	0.000665	2	0.002327
DP	0	1580	5	0.000831	3	0.003490
DP	0	1581	4	0.000665	4	0.004654
DP	0	1582	5	0.000831	4	0.004654
DP	0	1583	3	0.000499	3	0.003490
DP	0	1584	3	0.000499	5	0.005817
DP	0	1585	1	0.000166	4	0.004654
DP	0	1586	5	0.000831	7	0.008144
DP	0	1587	5	0.000831	5	0.005817
DP	0	1588	5	0.000831	4	0.004654
DP	0	1589	4	0.000665	2	0.002327
DP	0	1590	3	0.000499	7	0.008144
DP	0	1591	5	0.000831	7	0.008144
DP	0	1592	4	0.000665	6	0.006980
DP	0	1593	7	0.001163	5	0.005817
DP	0	1594	2	0.000332	6	0.006980
DP	0	1595	8	0.001330	4	0.004654
DP	0	1596	1	0.000166	9	0.010471
DP	0	1597	1	0.000166	7	0.008144
DP	0	1598	1	0.000166	7	0.008144
DP	0	1599	0	0.000000	8	0.009307
DP	0	1600	4	0.000665	5	0.005817
DP	0	1601	2	0.000332	6	0.006980
DP	0	1602	3	0.000499	6	0.006980
DP	0	1603	6	0.000997	1	0.001163
DP	0	1604	1	0.000166	3	0.003490
DP	0	1605	1	0.000166	3	0.003490
DP	0	1606	2	0.000332	3	0.003490
DP	0	1607	3	0.000499	2	0.002327
DP	0	1608	4	0.000665	5	0.005817
DP	0	1609	3	0.000499	7	0.008144
DP	0	1610	3	0.000499	3	0.003490
DP	0	1611	3	0.000499	3	0.003490
DP	0	1612	4	0.000665	4	0.004654
DP	0	1613	4	0.000665	8	0.009307
DP	0	1614	6	0.000997	4	0.004654
DP	0	1615	6	0.000997	3	0.003490
DP	0	1616	4	0.000665	4	0.004654
DP	0	1617	1	0.000166	5	0.005817
DP	0	1618	5	0.000831	3	0.003490
DP	0	1619	4	0.000665	2	0.002327
DP	0	1620	5	0.000831	8	0.009307
DP	0	1621	3	0.000499	5	0.005817
DP	0	1622	6	0.000997	5	0.005817
DP	0	1623	3	0.000499	1	0.001163
DP	0	1624	6	0.000997	4	0.004654
DP	0	1625	3	0.000499	2	0.002327
DP	0	1626	2	0.000332	6	0.006980
DP	0	1627	1	0.000166	2	0.002327
DP	0	1628	4	0.000665	4	0.004654
DP	0	1629	2	0.000332	4	0.004654
DP	0	1630	7	0.001163	5	0.005817
DP	0	1631	3	0.000499	5	0.005817
DP	0	1632	4	0.000665	1	0.001163
DP	0	1633	2	0.000332	5	0.005817
DP	0	1634	5	0.000831	9	0.010471
DP	0	1635	2	0.000332	4	0.004654
DP	0	1636	5	0.000831	6	0.006980
DP	0	1637	3	0.000499	4	0.004654
DP	0	1638	2	0.000332	3	0.003490
DP	0	1639	2	0.000332	5	0.005817
DP	0	1640	6	0.000997	5	0.005817
DP	0	1641	3	0.000499	2	0.002327
DP	0	1642	3	0.000499	4	0.004654
DP	0	1643	5	0.000831	3	0.003490
DP	0	1644	1	0.000166	3	0.003490
DP	0	1645	2	0.000332	5	0.005817
DP	0	1646	5	0.000831	4	0.004654
DP	0	1647	3	0.000499	2	0.002327
DP	0	1648	4	0.000665	1	0.001163
DP	0	1649	3	0.000499	5	0.005817
DP	0	1650	7	0.001163	3	0.003490
DP	0	1651	5	0.000831	1	0.001163
DP	0	1652	1	0.000166	8	0.009307
DP	0	1653	3	0.000499	8	0.009307
DP	0	1654	9	0.001496	7	0.008144
DP	0	1655	5	0.000831	3	0.003490
DP	0	1656	6	0.000997	4	0.004654
DP	0	1657	2	0.000332	5	0.005817
DP	0	1658	4	0.000665	4	0.004654
DP	0	1659	4	0.000665	4	0.004654
DP	0	1660	4	0.000665	6	0.006980
DP	0	1661	6	0.000997	2	0.002327
DP	0	1662	2	0.000332	5	0.005817
DP	0	1663	4	0.000665	5	0.005817
DP	0	1664	2	0.000332	5	0.005817
DP	0	1665	5	0.000831	5	0.005817
DP	0	1666	8	0.001330	5	0.005817
DP	0	1667	8	0.001330	5	0.005817
DP	0	1668	3	0.000499	2	0.002327
DP	0	1669	5	0.000831	6	0.006980
DP	0	1670	4	0.000665	5	0.005817
DP	0	1671	6	0.000997	5	0.005817
DP	0	1672	5	0.000831	6	0.006980
DP	0	1673	5	0.000831	2	0.002327
DP	0	1674	4	0.000665	8	0.009307
DP	0	1675	3	0.000499	4	0.004654
DP	0	1676	4	0.000665	5	0.005817
DP	0	1677	1	0.000166	5	0.005817
DP	0	1678	3	0.000499	5	0.005817
DP	0	1679	5	0.000831	5	0.005817
DP	0	1680	5	0.000831	4	0.004654
DP	0	1681	2	0.000332	5	0.005817
DP	0	1682	5	0.000831	3	0.003490
DP	0	1683	6	0.000997	4	0.004654
DP	0	1684	2	0.000332	4	0.004654
DP	0	1685	3	0.000499	3	0.003490
DP	0	1686	4	0.000665	0	0.000000
DP	0	1687	2	0.000332	4	0.004654
DP	0	1688	7	0.001163	1	0.001163
DP	0	1689	6	0.000997	4	0.004654
DP	0	1690	4	0.000665	3	0.003490
DP	0	1691	0	0.000000	3	0.003490
DP	0	1692	1	0.000166	2	0.002327
DP	0	1693	4	0.000665	5	0.005817
DP	0	1694	3	0.000499	3	0.003490
DP	0	1695	4	0.000665	3	0.003490
DP	0	1696	3	0.000499	5	0.005817
DP	0	1697	9	0.001496	5	0.005817
DP	0	1698	1	0.000166	1	0.001163
DP	0	1699	2	0.000332	9	0.010471
DP	0	1700	3	0.000499	4	0.004654
DP	0	1701	5	0.000831	4	0.004654
DP	0	1702	2	0.000332	3	0.003490
DP	0	1703	5	0.000831	4	0.004654
DP	0	1704	0	0.000000	3	0.003490
DP	0	1705	4	0.000665	4	0.004654
DP	0	1706	2	0.000332	4	0.004654
DP	0	1707	3	0.000499	4	0.004654
DP	0	1708	8	0.001330	2	0.002327
DP	0	1709	4	0.000665	4	0.004654
DP	0	1710	1	0.000166	7	0.008144
DP	0	1711	1	0.000166	7	0.008144
DP	0	1712	9	0.001496	2	0.002327
DP	0	1713	6	0.000997	2	0.002327
DP	0	1714	3	0.000499	1	0.001163
DP	0	1715	5	0.000831	4	0.004654
DP	0	1716	1	0.000166	5	0.005817
DP	0	1717	3	0.000499	6	0.006980
DP	0	1718	6	0.000997	4	0.004654
DP	0	1719	2	0.000332	5	0.005817
DP	0	1720	3	0.000499	2	0.002327
DP	0	1721	3	0.000499	2	0.002327
DP	0	1722	3	0.000499	5	0.005817
DP	0	1723	4	0.000665	4	0.004654
DP	0	1724	2	0.000332	9	0.010471
DP	0	1725	4	0.000665	9	0.010471
DP	0	1726	5	0.000831	3	0.003490
DP	0	1727	2	0.000332	2	0.002327
DP	0	1728	3	0.000499	2	0.002327
DP	0	1729	2	0.000332	3	0.003490
DP	0	1730	3	0.000499	1	0.001163
DP	0	1731	6	0.000997	2	0.002327
DP	0	1732	4	0.000665	4	0.004654
DP	0	1733	6	0.000997	4	0.004654
DP	0	1734	0	0.000000	2	0.002327
DP	0	1735	3	0.000499	2	0.002327
DP	0	1736	0	0.000000	1	0.001163
DP	0	1737	2	0.000332	4	0.004654
DP	0	1738	3	0.000499	5	0.005817
DP	0	1739	2	0.000332	5	0.005817
DP	0	1740	3	0.000499	3	0.003490
DP	0	1741	2	0.000332	4	0.004654
DP	0	1742	4	0.000665	5	0.005817
DP	0	1743	2	0.000332	3	0.003490
DP	0	1744	2	0.000332	1	0.001163
DP	0	1745	6	0.000997	4	0.004654
DP	0	1746	5	0.000831	2	0.002327
DP	0	1747	4	0.000665	4	0.004654
DP	0	1748	3	0.000499	3	0.003490
DP	0	1749	3	0.000499	5	0.005817
DP	0	1750	1	0.000166	3	0.003490
DP	0	1751	5	0.000831	1	0.001163
DP	0	1752	6	0.000997	4	0.004654
DP	0	1753	1	0.000166	8	0.009307
DP	0	1754	3	0.000499	6	0.006980
DP	0	1755	3	0.000499	4	0.004654
DP	0	1756	0	0.000000	4	0.004654
DP	0	1757	4	0.000665	2	0.002327
DP	0	1758	7	0.001163	2	0.002327
DP	0	1759	9	0.001496	5	0.005817
DP	0	1760	4	0.000665	1	0.001163
DP	0	1761	6	0.000997	4	0.004654
DP	0	1762	3	0.000499	3	0.003490
DP	0	1763	2	0.000332	3	0.003490
DP	0	1764	1	0.000166	2	0.002327
DP	0	1765	5	0.000831	1	0.001163
DP	0	1766	1	0.000166	8	0.009307
DP	0	1767	4	0.000665	6	0.006980
DP	0	1768	2	0.000332	6	0.006980
DP	0	1769	9	0.001496	2	0.002327
DP	0	1770	3	0.000499	5	0.005817
DP	0	1771	6	0.000997	4	0.004654
DP	0	1772	2	0.000332	2	0.002327
DP	0	1773	4	0.000665	4	0.004654
DP	0	1774	4	0.000665	5	0.005817
DP	0	1775	3	0.000499	3	0.003490
DP	0	1776	4	0.000665	3	0.003490
DP	0	1777	3	0.000499	3	0.003490
DP	0	1778	1	0.000166	8	0.009307
DP	0	1779	4	0.000665	7	0.008144
DP	0	1780	2	0.000332	4	0.004654
DP	0	1781	4	0.000665	4	0.004654
DP	0	1782	2	0.000332	2	0.002327
DP	0	1783	5	0.000831	1	0.001163
DP	0	1784	6	0.000997	5	0.005817
DP	0	1785	2	0.000332	3	0.003490
DP	0	1786	5	0.000831	5	0.005817
DP	0	1787	1	0.000166	4	0.004654
DP	0	1788	1	0.000166	5	0.005817
DP	0	1789	2	0.000332	3	0.003490
DP	0	1790	3	0.000499	0	0.000000
DP	0	1791	3	0.000499	6	0.006980
DP	0	1792	2	0.000332	5	0.005817
DP	0	1793	2	0.000332	2	0.002327
DP	0	1794	4	0.000665	1	0.001163
DP	0	1795	3	0.000499	3	0.003490
DP	0	1796	3	0.000499	2	0.002327
DP	0	1797	5	0.000831	5	0.005817
DP	0	1798	4	0.000665	3	0.003490
DP	0	1799	6	0.000997	2	0.002327
DP	0	1800	2	0.000332	2	0.002327
DP	0	1801	3	0.000499	5	0.005817
DP	0	1802	4	0.000665	4	0.004654
DP	0	1803	3	0.000499	5	0.005817
DP	0	1804	3	0.000499	4	0.004654
DP	0	1805	4	0.000665	6	0.006980
DP	0	1806	2	0.000332	4	0.004654
DP	0	1807	2	0.000332	7	0.008144
DP	0	1808	3	0.000499	3	0.003490
DP	0	1809	2	0.000332	3	0.003490
DP	0	1810	1	0.000166	3	0.003490
DP	0	1811	4	0.000665	1	0.001163
DP	0	1812	2	0.000332	5	0.005817
DP	0	1813	4	0.000665	1	0.001163
DP	0	1814	5	0.000831	4	0.004654
DP	0	1815	4	0.000665	2	0.002327
DP	0	1816	11	0.001828	6	0.006980
DP	0	1817	2	0.000332	3	0.003490
DP	0	1818	3	0.000499	2	0.002327
DP	0	1819	4	0.000665	3	0.003490
DP	0	1820	3	0.000499	7	0.008144
DP	0	1821	4	0.000665	3	0.003490
DP	0	1822	4	0.000665	4	0.004654
DP	0	1823	2	0.000332	1	0.001163
DP	0	1824	5	0.000831	3	0.003490
DP	0	1825	3	0.000499	4	0.004654
DP	0	1826	4	0.000665	5	0.005817
DP	0	1827	5	0.000831	1	0.001163
DP	0	1828	6	0.000997	4	0.004654
DP	0	1829	2	0.000332	4	0.004654
DP	0	1830	4	0.000665	5	0.005817
DP	0	1831	3	0.000499	7	0.008144
DP	0	1832	4	0.000665	3	0.003490
DP	0	1833	3	0.000499	4	0.004654
DP	0	1834	5	0.000831	3	0.003490
DP	0	1835	3	0.000499	6	0.006980
DP	0	1836	4	0.000665	4	0.004654
DP	0	1837	3	0.000499	4	0.004654
DP	0	1838	4	0.000665	0	0.000000
DP	0	1839	5	0.000831	1	0.001163
DP	0	1840	3	0.000499	4	0.004654
DP	0	1841	3	0.000499	3	0.003490
DP	0	1842	2	0.000332	6	0.006980
DP	0	1843	3	0.000499	5	0.005817
DP	0	1844	2	0.000332	3	0.003490
DP	0	1845	3	0.000499	4	0.004654
DP	0	1846	5	0.000831	4	0.004654
DP	0	1847	5	0.000831	0	0.000000
DP	0	1848	4	0.000665	4	0.004654
DP	0	1849	5	0.000831	0	0.000000
DP	0	1850	4	0.000665	1	0.001163
DP	0	1851	3	0.000499	4	0.004654
DP	0	1852	2	0.000332	3	0.003490
DP	0	1853	2	0.000332	3	0.003490
DP	0	1854	3	0.000499	2	0.002327
DP	0	1855	2	0.000332	7	0.008144
DP	0	1856	3	0.000499	1	0.001163
DP	0	1857	2	0.000332	4	0.004654
DP	0	1858	3	0.000499	2	0.002327
DP	0	1859	4	0.000665	2	0.002327
DP	0	1860	1	0.000166	6	0.006980
DP	0	1861	0	0.000000	1	0.001163
DP	0	1862	3	0.000499	1	0.001163
DP	0	1863	1	0.000166	4	0.004654
DP	0	1864	3	0.000499	4	0.004654
DP	0	1865	4	0.000665	2	0.002327
DP	0	1866	3	0.000499	4	0.004654
DP	0	1867	3	0.000499	1	0.001163
DP	0	1868	3	0.000499	5	0.005817
DP	0	1869	5	0.000831	3	0.003490
DP	0	1870	5	0.000831	2	0.002327
DP	0	1871	1	0.000166	3	0.003490
DP	0	1872	3	0.000499	1	0.001163
DP	0	1873	4	0.000665	2	0.002327
DP	0	1874	3	0.000499	3	0.003490
DP	0	1875	2	0.000332	0	0.000000
DP	0	1876	5	0.000831	3	0.003490
DP	0	1877	2	0.000332	4	0.004654
DP	0	1878	2	0.000332	2	0.002327
DP	0	1879	5	0.000831	1	0.001163
DP	0	1880	5	0.000831	4	0.004654
DP	0	1881	1	0.000166	3	0.003490
DP	0	1882	2	0.000332	4	0.004654
DP	0	1883	5	0.000831	4	0.004654
DP	0	1884	5	0.000831	2	0.002327
DP	0	1885	3	0.000499	3	0.003490
DP	0	1886	2	0.000332	3	0.003490
DP	0	1887	1	0.000166	4	0.004654
DP	0	1888	6	0.000997	2	0.002327
DP	0	1889	3	0.000499	1	0.001163
DP	0	1890	3	0.000499	3	0.003490
DP	0	1891	4	0.000665	4	0.004654
DP	0	1892	0	0.000000	4	0.004654
DP	0	1893	3	0.000499	1	0.001163
DP	0	1894	3	0.000499	6	0.006980
DP	0	1895	3	0.000499	3	0.003490
DP	0	1896	6	0.000997	2	0.002327
DP	0	1897	2	0.000332	4	0.004654
DP	0	1898	0	0.000000	1	0.001163
DP	0	1899	2	0.000332	4	0.004654
DP	0	1900	2	0.000332	2	0.002327
DP	0	1901	5	0.000831	2	0.002327
DP	0	1902	1	0.000166	1	0.001163
DP	0	1903	1	0.000166	3	0.003490
DP	0	1904	2	0.000332	3	0.003490
DP	0	1905	2	0.000332	4	0.004654
DP	0	1906	4	0.000665	3	0.003490
DP	0	1907	4	0.000665	3	0.003490
DP	0	1908	0	0.000000	4	0.004654
DP	0	1909	6	0.000997	3	0.003490
DP	0	1910	2	0.000332	2	0.002327
DP	0	1911	3	0.000499	2	0.002327
DP	0	1912	2	0.000332	1	0.001163
DP	0	1913	2	0.000332	3	0.003490
DP	0	1914	4	0.000665	2	0.002327
DP	0	1915	0	0.000000	1	0.001163
DP	0	1916	2	0.000332	4	0.004654
DP	0	1917	4	0.000665	6	0.006980
DP	0	1918	2	0.000332	2	0.002327
DP	0	1919	0	0.000000	1	0.001163
DP	0	1920	3	0.000499	5	0.005817
DP	0	1921	1	0.000166	1	0.001163
DP	0	1922	3	0.000499	4	0.004654
DP	0	1923	2	0.000332	2	0.002327
DP	0	1924	3	0.000499	3	0.003490
DP	0	1925	6	0.000997	1	0.001163
DP	0	1926	4	0.000665	7	0.008144
DP	0	1927	3	0.000499	2	0.002327
DP	0	1928	1	0.000166	6	0.006980
DP	0	1929	5	0.000831	7	0.008144
DP	0	1930	3	0.000499	3	0.003490
DP	0	1931	3	0.000499	2	0.002327
DP	0	1932	0	0.000000	1	0.001163
DP	0	1933	0	0.000000	3	0.003490
DP	0	1934	2	0.000332	2	0.002327
DP	0	1935	2	0.000332	1	0.001163
DP	0	1936	2	0.000332	2	0.002327
DP	0	1937	3	0.000499	1	0.001163
DP	0	1938	2	0.000332	2	0.002327
DP	0	1939	3	0.000499	5	0.005817
DP	0	1940	4	0.000665	5	0.005817
DP	0	1941	2	0.000332	3	0.003490
DP	0	1942	2	0.000332	2	0.002327
DP	0	1943	4	0.000665	4	0.004654
DP	0	1944	1	0.000166	5	0.005817
DP	0	1945	0	0.000000	6	0.006980
DP	0	1946	2	0.000332	4	0.004654
DP	0	1947	4	0.000665	3	0.003490
DP	0	1948	3	0.000499	1	0.001163
DP	0	1949	0	0.000000	2	0.002327
DP	0	1950	1	0.000166	2	0.002327
DP	0	1951	3	0.000499	4	0.004654
DP	0	1952	2	0.000332	1	0.001163
DP	0	1953	4	0.000665	1	0.001163
DP	0	1954	2	0.000332	4	0.004654
DP	0	1955	5	0.000831	2	0.002327
DP	0	1956	0	0.000000	5	0.005817
DP	0	1957	4	0.000665	4	0.004654
DP	0	1958	3	0.000499	6	0.006980
DP	0	1959	2	0.000332	3	0.003490
DP	0	1960	3	0.000499	2	0.002327
DP	0	1961	2	0.000332	2	0.002327
DP	0	1962	5	0.000831	6	0.006980
DP	0	1963	3	0.000499	5	0.005817
DP	0	1964	2	0.000332	4	0.004654
DP	0	1965	1	0.000166	2	0.002327
DP	0	1966	3	0.000499	2	0.002327
DP	0	1967	2	0.000332	3	0.003490
DP	0	1968	1	0.000166	3	0.003490
DP	0	1969	5	0.000831	2	0.002327
DP	0	1970	4	0.000665	2	0.002327
DP	0	1971	3	0.000499	4	0.004654
DP	0	1972	8	0.001330	2	0.002327
DP	0	1973	0	0.000000	2	0.002327
DP	0	1974	2	0.000332	3	0.003490
DP	0	1975	4	0.000665	2	0.002327
DP	0	1976	2	0.000332	1	0.001163
DP	0	1977	2	0.000332	5	0.005817
DP	0	1978	1	0.000166	8	0.009307
DP	0	1979	2	0.000332	5	0.005817
DP	0	1980	1	0.000166	4	0.004654
DP	0	1981	3	0.000499	2	0.002327
DP	0	1982	3	0.000499	3	0.003490
DP	0	1983	2	0.000332	1	0.001163
DP	0	1984	3	0.000499	5	0.005817
DP	0	1985	3	0.000499	4	0.004654
DP	0	1986	2	0.000332	2	0.002327
DP	0	1987	0	0.000000	4	0.004654
DP	0	1988	2	0.000332	3	0.003490
DP	0	1989	2	0.000332	2	0.002327
DP	0	1990	1	0.000166	1	0.001163
DP	0	1991	3	0.000499	1	0.001163
DP	0	1992	4	0.000665	4	0.004654
DP	0	1993	1	0.000166	4	0.004654
DP	0	1994	2	0.000332	2	0.002327
DP	0	1995	4	0.000665	1	0.001163
DP	0	1996	3	0.000499	1	0.001163
DP	0	1997	4	0.000665	2	0.002327
DP	0	1998	1	0.000166	2	0.002327
DP	0	1999	4	0.000665	0	0.000000
DP	0	2000	0	0.000000	7	0.008144
DP	0	>2000	3688	0.612952	5218	6.070689
