QUAL	[2]id	[3]Quality	[4]number of SNPs	[5]number of transitions (1st ALT)	[6]number of transversions (1st ALT)	[7]number of indels
QUAL	0	0	227	99	124	20
QUAL	0	1	9	4	5	2
QUAL	0	2	15	7	8	1
QUAL	0	3	7	4	3	2
QUAL	0	4	8	2	6	0
QUAL	0	5	11	5	6	2
QUAL	0	6	7	2	5	1
QUAL	0	7	9	3	6	0
QUAL	0	8	6	3	3	2
QUAL	0	9	7	3	4	1
QUAL	0	10	8	4	4	0
QUAL	0	11	8	3	5	2
QUAL	0	12	8	2	6	0
QUAL	0	13	7	3	3	0
QUAL	0	14	8	6	2	0
QUAL	0	15	7	3	3	4
QUAL	0	16	6	3	3	0
QUAL	0	17	11	5	6	5
QUAL	0	18	14	8	6	2
QUAL	0	19	9	5	4	2
QUAL	0	20	15	9	5	1
QUAL	0	21	9	5	3	1
QUAL	0	22	20	8	11	2
QUAL	0	23	18	9	8	3
QUAL	0	24	25	11	13	2
QUAL	0	25	20	9	10	3
QUAL	0	26	14	5	7	4
QUAL	0	27	20	7	11	6
QUAL	0	28	34	20	14	1
QUAL	0	29	23	8	15	4
QUAL	0	30	23	12	9	3
QUAL	0	31	22	8	14	4
QUAL	0	32	29	15	14	2
QUAL	0	33	28	12	14	8
QUAL	0	34	22	7	13	5
QUAL	0	35	22	10	10	1
QUAL	0	36	56	35	21	4
QUAL	0	37	41	20	20	1
QUAL	0	38	42	22	18	2
QUAL	0	39	47	24	22	10
QUAL	0	40	63	35	28	9
QUAL	0	41	38	15	23	4
QUAL	0	42	43	20	23	2
QUAL	0	43	54	22	31	2
QUAL	0	44	75	41	31	4
QUAL	0	45	44	15	28	6
QUAL	0	46	58	30	27	2
QUAL	0	47	59	31	27	3
QUAL	0	48	63	23	36	6
QUAL	0	49	19	4	14	7
QUAL	0	50	26	17	9	8
QUAL	0	51	30	20	10	3
QUAL	0	52	22	12	9	2
QUAL	0	53	26	16	8	3
QUAL	0	54	38	15	22	6
QUAL	0	55	22	11	10	1
QUAL	0	56	25	13	10	3
QUAL	0	57	17	9	7	4
QUAL	0	58	30	16	13	4
QUAL	0	59	28	15	13	3
QUAL	0	60	36	18	18	5
QUAL	0	61	36	12	22	9
QUAL	0	62	42	16	26	5
QUAL	0	63	33	19	13	3
QUAL	0	64	39	21	17	7
QUAL	0	65	32	17	13	2
QUAL	0	66	47	25	21	4
QUAL	0	67	46	24	22	2
QUAL	0	68	44	23	21	8
QUAL	0	69	33	19	12	1
QUAL	0	70	46	24	19	3
QUAL	0	71	53	22	29	4
QUAL	0	72	64	31	28	9
QUAL	0	73	35	15	20	6
QUAL	0	74	35	19	16	2
QUAL	0	75	54	26	25	5
QUAL	0	76	26	12	14	5
QUAL	0	77	26	12	13	3
QUAL	0	78	32	16	14	4
QUAL	0	79	23	9	12	4
QUAL	0	80	26	12	14	2
QUAL	0	81	24	9	15	2
QUAL	0	82	19	8	10	4
QUAL	0	83	19	7	11	2
QUAL	0	84	33	20	13	6
QUAL	0	85	24	11	13	2
QUAL	0	86	30	7	22	7
QUAL	0	87	35	16	19	5
QUAL	0	88	29	11	18	3
QUAL	0	89	33	15	18	4
QUAL	0	90	47	33	12	4
QUAL	0	91	38	20	17	8
QUAL	0	92	45	24	21	4
QUAL	0	93	32	17	15	4
QUAL	0	94	36	20	15	2
QUAL	0	95	43	22	20	5
QUAL	0	96	40	22	18	5
QUAL	0	97	37	19	18	2
QUAL	0	98	40	15	25	7
QUAL	0	99	45	18	26	3
QUAL	0	100	41	20	19	2
QUAL	0	101	52	25	27	1
QUAL	0	102	35	15	19	2
QUAL	0	103	24	11	13	3
QUAL	0	104	28	18	9	2
QUAL	0	105	39	20	19	3
QUAL	0	106	36	24	12	4
QUAL	0	107	25	12	11	4
QUAL	0	108	26	14	12	0
QUAL	0	109	30	16	13	4
QUAL	0	110	32	16	13	2
QUAL	0	111	33	11	20	3
QUAL	0	112	34	16	16	3
QUAL	0	113	30	16	14	5
QUAL	0	114	35	20	15	4
QUAL	0	115	30	15	12	5
QUAL	0	116	25	14	11	2
QUAL	0	117	29	20	8	4
QUAL	0	118	23	12	10	2
QUAL	0	119	44	19	24	2
QUAL	0	120	42	19	18	2
QUAL	0	121	30	17	11	4
QUAL	0	122	34	18	16	6
QUAL	0	123	48	19	25	5
QUAL	0	124	37	22	14	2
QUAL	0	125	47	29	16	1
QUAL	0	126	53	25	28	4
QUAL	0	127	42	21	20	7
QUAL	0	128	28	13	15	9
QUAL	0	129	36	21	13	2
QUAL	0	130	37	17	19	4
QUAL	0	131	33	15	17	1
QUAL	0	132	41	22	18	1
QUAL	0	133	37	14	21	4
QUAL	0	134	41	19	21	6
QUAL	0	135	31	10	20	3
QUAL	0	136	31	21	8	1
QUAL	0	137	39	17	20	3
QUAL	0	138	30	11	19	4
QUAL	0	139	29	16	12	5
QUAL	0	140	28	13	15	2
QUAL	0	141	35	20	15	1
QUAL	0	142	37	15	20	8
QUAL	0	143	32	15	17	5
QUAL	0	144	26	12	14	2
QUAL	0	145	38	20	18	4
QUAL	0	146	39	18	21	6
QUAL	0	147	46	23	23	5
QUAL	0	148	33	15	16	3
QUAL	0	149	34	18	15	4
QUAL	0	150	33	17	16	4
QUAL	0	151	48	25	21	2
QUAL	0	152	43	25	18	2
QUAL	0	153	35	20	15	5
QUAL	0	154	42	20	22	1
QUAL	0	155	42	18	24	2
QUAL	0	156	27	14	13	2
QUAL	0	157	32	20	10	1
QUAL	0	158	42	19	23	3
QUAL	0	159	42	24	16	3
QUAL	0	160	45	26	18	2
QUAL	0	161	39	15	23	3
QUAL	0	162	37	16	19	6
QUAL	0	163	37	23	13	4
QUAL	0	164	38	19	19	6
QUAL	0	165	17	7	10	3
QUAL	0	166	30	13	16	1
QUAL	0	167	29	18	10	5
QUAL	0	168	29	12	17	3
QUAL	0	169	45	22	21	1
QUAL	0	170	29	14	13	1
QUAL	0	171	22	9	13	5
QUAL	0	172	28	12	15	4
QUAL	0	173	30	14	16	2
QUAL	0	174	28	14	14	3
QUAL	0	175	25	12	13	5
QUAL	0	176	28	16	12	1
QUAL	0	177	38	21	16	5
QUAL	0	178	26	15	10	4
QUAL	0	179	30	21	9	5
QUAL	0	180	38	17	20	4
QUAL	0	181	37	21	16	1
QUAL	0	182	34	15	18	0
QUAL	0	183	47	32	15	3
QUAL	0	184	27	17	9	2
QUAL	0	185	41	23	18	1
QUAL	0	186	25	15	10	4
QUAL	0	187	36	19	17	4
QUAL	0	188	46	21	24	6
QUAL	0	189	27	13	14	3
QUAL	0	190	45	29	15	1
QUAL	0	191	35	17	16	3
QUAL	0	192	28	14	13	1
QUAL	0	193	39	21	17	2
QUAL	0	194	29	9	19	5
QUAL	0	195	24	12	11	6
QUAL	0	196	29	12	16	2
QUAL	0	197	30	16	13	3
QUAL	0	198	31	10	17	0
QUAL	0	199	24	11	13	3
QUAL	0	200	25	14	11	3
QUAL	0	201	28	13	14	4
QUAL	0	202	27	7	18	3
QUAL	0	203	37	22	12	1
QUAL	0	204	41	22	18	2
QUAL	0	205	38	22	16	5
QUAL	0	206	35	18	15	2
QUAL	0	207	32	15	15	5
QUAL	0	208	33	22	10	2
QUAL	0	209	29	15	13	2
QUAL	0	210	46	23	23	4
QUAL	0	211	50	24	23	3
QUAL	0	212	44	27	13	2
QUAL	0	213	41	21	20	7
QUAL	0	214	31	15	15	5
QUAL	0	215	42	17	25	3
QUAL	0	216	38	21	17	4
QUAL	0	217	42	21	19	2
QUAL	0	218	36	19	17	5
QUAL	0	219	37	21	16	0
QUAL	0	220	23	9	14	3
QUAL	0	221	33	19	12	5
QUAL	0	222	41	22	18	1
QUAL	0	223	20	14	5	2
QUAL	0	224	45	24	21	1
QUAL	0	225	27	9	17	1
QUAL	0	226	19	7	11	3
QUAL	0	227	25	9	14	3
QUAL	0	228	27	13	12	3
QUAL	0	229	31	21	10	2
QUAL	0	230	19	9	10	4
QUAL	0	231	23	11	11	1
QUAL	0	232	37	19	17	2
QUAL	0	233	26	16	8	3
QUAL	0	234	25	17	8	7
QUAL	0	235	30	15	13	1
QUAL	0	236	43	25	17	1
QUAL	0	237	37	21	15	5
QUAL	0	238	40	17	22	5
QUAL	0	239	38	22	16	3
QUAL	0	240	36	17	16	3
QUAL	0	241	33	16	16	5
QUAL	0	242	30	14	14	1
QUAL	0	243	39	22	16	2
QUAL	0	244	40	22	16	3
QUAL	0	245	32	19	12	2
QUAL	0	246	25	9	15	3
QUAL	0	247	39	17	17	5
QUAL	0	248	38	22	15	3
QUAL	0	249	29	19	9	0
QUAL	0	250	20	13	7	2
QUAL	0	251	39	18	21	5
QUAL	0	252	30	15	15	6
QUAL	0	253	29	11	17	1
QUAL	0	254	23	13	10	3
QUAL	0	255	27	17	9	1
QUAL	0	256	28	13	15	0
QUAL	0	257	34	21	13	4
QUAL	0	258	37	13	21	3
QUAL	0	259	22	13	8	2
QUAL	0	260	22	14	8	3
QUAL	0	261	31	15	16	5
QUAL	0	262	28	16	12	7
QUAL	0	263	29	16	11	5
QUAL	0	264	39	16	19	6
QUAL	0	265	37	21	16	2
QUAL	0	266	29	12	16	3
QUAL	0	267	33	13	19	1
QUAL	0	268	38	15	23	2
QUAL	0	269	29	12	17	3
QUAL	0	270	43	22	21	0
QUAL	0	271	40	14	25	1
QUAL	0	272	24	13	7	3
QUAL	0	273	29	13	14	1
QUAL	0	274	30	16	12	1
QUAL	0	275	36	22	14	3
QUAL	0	276	33	16	17	2
QUAL	0	277	28	18	9	6
QUAL	0	278	34	18	16	1
QUAL	0	279	35	21	14	2
QUAL	0	280	25	12	11	5
QUAL	0	281	29	12	17	0
QUAL	0	282	30	16	14	2
QUAL	0	283	29	16	12	2
QUAL	0	284	32	15	16	1
QUAL	0	285	20	14	5	2
QUAL	0	286	32	18	14	5
QUAL	0	287	19	11	8	3
QUAL	0	288	25	12	12	1
QUAL	0	289	29	18	9	3
QUAL	0	290	38	21	14	3
QUAL	0	291	37	15	21	3
QUAL	0	292	30	16	13	2
QUAL	0	293	33	17	14	3
QUAL	0	294	31	16	14	2
QUAL	0	295	25	12	11	3
QUAL	0	296	40	25	15	2
QUAL	0	297	24	10	14	4
QUAL	0	298	36	18	18	4
QUAL	0	299	29	13	14	6
QUAL	0	300	22	14	8	2
QUAL	0	301	31	20	11	7
QUAL	0	302	30	14	14	5
QUAL	0	303	25	15	10	2
QUAL	0	304	36	12	23	3
QUAL	0	305	27	14	10	2
QUAL	0	306	29	15	14	3
QUAL	0	307	39	21	18	4
QUAL	0	308	33	16	17	2
QUAL	0	309	33	14	18	7
QUAL	0	310	36	15	21	7
QUAL	0	311	27	13	14	5
QUAL	0	312	35	19	14	2
QUAL	0	313	32	16	15	0
QUAL	0	314	24	4	19	1
QUAL	0	315	17	9	8	2
QUAL	0	316	31	15	14	4
QUAL	0	317	23	9	14	3
QUAL	0	318	16	5	11	3
QUAL	0	319	23	13	10	5
QUAL	0	320	19	9	10	1
QUAL	0	321	31	16	15	2
QUAL	0	322	30	14	16	2
QUAL	0	323	23	13	10	3
QUAL	0	324	28	15	13	1
QUAL	0	325	42	16	24	2
QUAL	0	326	43	23	20	2
QUAL	0	327	27	12	15	0
QUAL	0	328	34	18	14	6
QUAL	0	329	42	21	21	3
QUAL	0	330	33	18	15	3
QUAL	0	331	30	14	15	3
QUAL	0	332	43	21	20	2
QUAL	0	333	24	17	7	2
QUAL	0	334	24	20	4	3
QUAL	0	335	31	14	16	3
QUAL	0	336	26	14	12	6
QUAL	0	337	40	21	16	4
QUAL	0	338	32	16	15	3
QUAL	0	339	20	7	13	1
QUAL	0	340	24	12	10	2
QUAL	0	341	24	14	8	1
QUAL	0	342	33	19	14	5
QUAL	0	343	29	12	16	3
QUAL	0	344	36	19	16	1
QUAL	0	345	30	13	16	1
QUAL	0	346	23	9	14	1
QUAL	0	347	15	10	5	5
QUAL	0	348	34	12	22	0
QUAL	0	349	25	15	10	3
QUAL	0	350	29	14	15	6
QUAL	0	351	32	14	17	2
QUAL	0	352	28	14	14	4
QUAL	0	353	23	14	9	2
QUAL	0	354	26	11	15	1
QUAL	0	355	27	13	14	2
QUAL	0	356	34	13	18	4
QUAL	0	357	24	12	12	1
QUAL	0	358	32	15	14	0
QUAL	0	359	30	8	20	5
QUAL	0	360	28	14	13	3
QUAL	0	361	23	14	8	1
QUAL	0	362	33	19	13	2
QUAL	0	363	30	15	14	1
QUAL	0	364	34	15	18	2
QUAL	0	365	31	19	12	1
QUAL	0	366	24	6	17	3
QUAL	0	367	24	17	7	3
QUAL	0	368	26	12	13	0
QUAL	0	369	24	15	9	4
QUAL	0	370	32	11	20	5
QUAL	0	371	28	13	15	2
QUAL	0	372	29	16	13	0
QUAL	0	373	29	14	14	1
QUAL	0	374	29	9	19	2
QUAL	0	375	33	14	19	1
QUAL	0	376	34	20	13	6
QUAL	0	377	35	18	17	1
QUAL	0	378	27	15	11	2
QUAL	0	379	23	12	9	2
QUAL	0	380	30	14	16	1
QUAL	0	381	24	7	15	2
QUAL	0	382	19	12	7	3
QUAL	0	383	24	13	11	2
QUAL	0	384	22	12	10	3
QUAL	0	385	27	13	14	1
QUAL	0	386	23	14	9	3
QUAL	0	387	22	7	14	4
QUAL	0	388	32	17	13	1
QUAL	0	389	32	14	16	0
QUAL	0	390	19	8	11	2
QUAL	0	391	31	19	12	0
QUAL	0	392	31	13	15	4
QUAL	0	393	34	15	19	4
QUAL	0	394	27	15	10	4
QUAL	0	395	23	13	10	1
QUAL	0	396	24	14	10	2
QUAL	0	397	44	19	25	2
QUAL	0	398	32	20	12	3
QUAL	0	399	32	16	14	4
QUAL	0	400	25	11	14	0
QUAL	0	401	16	11	5	2
QUAL	0	402	32	18	10	4
QUAL	0	403	28	15	13	3
QUAL	0	404	30	18	11	2
QUAL	0	405	27	15	11	2
QUAL	0	406	21	7	14	2
QUAL	0	407	24	9	13	0
QUAL	0	408	31	12	19	2
QUAL	0	409	21	11	10	5
QUAL	0	410	25	13	12	1
QUAL	0	411	29	10	17	1
QUAL	0	412	24	9	15	0
QUAL	0	413	25	17	7	4
QUAL	0	414	28	10	18	4
QUAL	0	415	18	5	12	2
QUAL	0	416	29	18	8	4
QUAL	0	417	34	15	19	2
QUAL	0	418	26	15	10	2
QUAL	0	419	25	11	14	1
QUAL	0	420	45	26	19	2
QUAL	0	421	33	16	16	3
QUAL	0	422	24	8	16	3
QUAL	0	423	26	6	19	1
QUAL	0	424	31	18	13	2
QUAL	0	425	31	14	16	1
QUAL	0	426	34	16	17	2
QUAL	0	427	22	17	5	0
QUAL	0	428	21	10	11	5
QUAL	0	429	37	14	23	5
QUAL	0	430	31	18	11	2
QUAL	0	431	38	19	17	1
QUAL	0	432	19	8	11	2
QUAL	0	433	33	17	16	7
QUAL	0	434	26	16	8	2
QUAL	0	435	22	15	7	1
QUAL	0	436	28	16	12	5
QUAL	0	437	20	8	12	2
QUAL	0	438	20	8	11	2
QUAL	0	439	20	8	11	1
QUAL	0	440	27	18	9	4
QUAL	0	441	17	10	6	3
QUAL	0	442	27	10	17	1
QUAL	0	443	20	9	10	3
QUAL	0	444	27	15	11	1
QUAL	0	445	33	21	10	1
QUAL	0	446	22	16	6	3
QUAL	0	447	27	17	9	0
QUAL	0	448	21	10	11	5
QUAL	0	449	22	9	11	0
QUAL	0	450	23	12	11	2
QUAL	0	451	25	16	8	2
QUAL	0	452	16	7	9	2
QUAL	0	453	29	17	12	2
QUAL	0	454	28	15	12	2
QUAL	0	455	24	11	12	3
QUAL	0	456	29	15	13	1
QUAL	0	457	21	9	12	0
QUAL	0	458	28	13	14	3
QUAL	0	459	29	18	11	2
QUAL	0	460	35	20	15	2
QUAL	0	461	33	17	16	0
QUAL	0	462	33	21	12	3
QUAL	0	463	25	11	14	5
QUAL	0	464	37	14	23	2
QUAL	0	465	29	12	16	2
QUAL	0	466	22	11	11	4
QUAL	0	467	23	6	17	0
QUAL	0	468	21	14	6	0
QUAL	0	469	25	15	9	1
QUAL	0	470	23	11	12	2
QUAL	0	471	34	15	19	0
QUAL	0	472	23	12	10	3
QUAL	0	473	26	15	10	3
QUAL	0	474	33	16	17	5
QUAL	0	475	22	11	11	3
QUAL	0	476	31	19	12	0
QUAL	0	477	33	21	11	2
QUAL	0	478	27	15	10	1
QUAL	0	479	28	15	12	0
QUAL	0	480	19	6	13	0
QUAL	0	481	19	12	7	3
QUAL	0	482	22	11	9	0
QUAL	0	483	31	13	17	2
QUAL	0	484	23	16	7	1
QUAL	0	485	25	15	9	2
QUAL	0	486	33	19	13	3
QUAL	0	487	34	16	16	1
QUAL	0	488	22	17	5	3
QUAL	0	489	22	11	11	2
QUAL	0	490	35	15	19	7
QUAL	0	491	17	10	7	1
QUAL	0	492	18	9	9	2
QUAL	0	493	25	15	8	1
QUAL	0	494	26	12	14	1
QUAL	0	495	32	17	13	2
QUAL	0	496	27	15	11	2
QUAL	0	497	23	13	9	4
QUAL	0	498	20	7	11	1
QUAL	0	499	28	16	11	1
QUAL	0	500	21	11	10	0
QUAL	0	501	37	16	21	6
QUAL	0	502	18	12	6	0
QUAL	0	503	31	19	12	0
QUAL	0	504	25	15	10	3
QUAL	0	505	27	14	13	0
QUAL	0	506	33	14	19	0
QUAL	0	507	19	9	10	3
QUAL	0	508	25	14	10	3
QUAL	0	509	21	14	7	4
QUAL	0	510	18	11	6	3
QUAL	0	511	22	10	12	3
QUAL	0	512	22	9	12	6
QUAL	0	513	18	8	10	2
QUAL	0	514	20	12	8	1
QUAL	0	515	27	12	14	3
QUAL	0	516	21	8	11	0
QUAL	0	517	36	14	21	3
QUAL	0	518	39	24	14	3
QUAL	0	519	30	19	10	3
QUAL	0	520	27	17	10	2
QUAL	0	521	15	8	7	0
QUAL	0	522	33	15	17	3
QUAL	0	523	27	14	12	2
QUAL	0	524	29	14	13	4
QUAL	0	525	21	13	8	2
QUAL	0	526	27	11	15	1
QUAL	0	527	25	8	14	0
QUAL	0	528	27	16	10	2
QUAL	0	529	31	18	12	2
QUAL	0	530	20	10	10	2
QUAL	0	531	20	12	7	0
QUAL	0	532	24	13	10	1
QUAL	0	533	18	9	9	3
QUAL	0	534	19	8	11	4
QUAL	0	535	23	13	9	1
QUAL	0	536	13	5	8	2
QUAL	0	537	27	10	17	3
QUAL	0	538	21	11	10	5
QUAL	0	539	22	15	7	0
QUAL	0	540	23	14	8	1
QUAL	0	541	24	11	10	0
QUAL	0	542	19	10	8	2
QUAL	0	543	16	9	7	1
QUAL	0	544	27	16	10	1
QUAL	0	545	26	15	10	1
QUAL	0	546	22	8	13	5
QUAL	0	547	24	18	6	1
QUAL	0	548	29	14	13	0
QUAL	0	549	25	15	10	0
QUAL	0	550	26	13	13	3
QUAL	0	551	24	15	9	0
QUAL	0	552	21	10	11	0
QUAL	0	553	23	13	10	6
QUAL	0	554	29	19	9	1
QUAL	0	555	35	22	12	2
QUAL	0	556	24	9	14	2
QUAL	0	557	22	13	9	3
QUAL	0	558	29	19	10	0
QUAL	0	559	32	17	15	2
QUAL	0	560	24	14	10	3
QUAL	0	561	22	13	8	2
QUAL	0	562	22	10	11	6
QUAL	0	563	23	14	9	3
QUAL	0	564	24	11	13	1
QUAL	0	565	30	18	12	2
QUAL	0	566	23	9	12	1
QUAL	0	567	16	6	10	1
QUAL	0	568	12	6	5	2
QUAL	0	569	23	14	9	1
QUAL	0	570	35	16	18	1
QUAL	0	571	28	18	9	1
QUAL	0	572	26	11	11	5
QUAL	0	573	23	15	8	1
QUAL	0	574	31	17	13	2
QUAL	0	575	38	24	13	2
QUAL	0	576	28	12	13	1
QUAL	0	577	13	5	8	3
QUAL	0	578	25	12	13	2
QUAL	0	579	25	15	10	1
QUAL	0	580	27	9	16	2
QUAL	0	581	17	6	10	0
QUAL	0	582	23	9	12	2
QUAL	0	583	30	15	15	0
QUAL	0	584	23	8	15	1
QUAL	0	585	25	12	13	1
QUAL	0	586	21	8	12	1
QUAL	0	587	21	12	9	0
QUAL	0	588	25	13	12	0
QUAL	0	589	31	18	11	4
QUAL	0	590	32	22	9	1
QUAL	0	591	13	8	5	1
QUAL	0	592	18	8	10	1
QUAL	0	593	20	10	10	1
QUAL	0	594	24	13	11	0
QUAL	0	595	24	13	10	2
QUAL	0	596	19	8	10	1
QUAL	0	597	20	9	11	1
QUAL	0	598	21	8	13	3
QUAL	0	599	27	12	15	1
QUAL	0	600	24	15	9	4
QUAL	0	601	20	9	11	1
QUAL	0	602	23	10	12	3
QUAL	0	603	24	10	13	1
QUAL	0	604	25	12	12	3
QUAL	0	605	28	13	15	1
QUAL	0	606	33	21	12	2
QUAL	0	607	30	14	15	3
QUAL	0	608	18	8	10	0
QUAL	0	609	23	12	11	3
QUAL	0	610	23	14	8	1
QUAL	0	611	16	8	8	3
QUAL	0	612	25	10	14	2
QUAL	0	613	26	12	14	1
QUAL	0	614	21	11	10	4
QUAL	0	615	29	16	13	2
QUAL	0	616	24	13	10	1
QUAL	0	617	24	11	11	2
QUAL	0	618	20	12	8	2
QUAL	0	619	19	12	7	2
QUAL	0	620	23	14	9	1
QUAL	0	621	18	9	9	4
QUAL	0	622	18	8	9	1
QUAL	0	623	36	23	12	1
QUAL	0	624	18	10	8	0
QUAL	0	625	34	12	21	2
QUAL	0	626	24	14	9	0
QUAL	0	627	24	10	12	1
QUAL	0	628	21	7	14	2
QUAL	0	629	22	10	12	1
QUAL	0	630	29	16	12	3
QUAL	0	631	20	14	6	3
QUAL	0	632	23	12	10	3
QUAL	0	633	24	11	13	1
QUAL	0	634	21	11	8	0
QUAL	0	635	20	8	11	1
QUAL	0	636	18	10	8	1
QUAL	0	637	31	19	10	1
QUAL	0	638	24	9	13	2
QUAL	0	639	17	9	8	1
QUAL	0	640	22	15	7	0
QUAL	0	641	19	11	7	1
QUAL	0	642	17	9	7	3
QUAL	0	643	28	18	9	1
QUAL	0	644	30	13	15	1
QUAL	0	645	25	12	11	2
QUAL	0	646	35	21	13	2
QUAL	0	647	18	9	8	3
QUAL	0	648	20	11	9	0
QUAL	0	649	27	15	12	3
QUAL	0	650	27	15	11	1
QUAL	0	651	28	15	13	2
QUAL	0	652	23	12	11	1
QUAL	0	653	19	7	11	2
QUAL	0	654	23	16	6	2
QUAL	0	655	20	9	11	2
QUAL	0	656	21	11	10	1
QUAL	0	657	23	9	12	2
QUAL	0	658	23	10	13	1
QUAL	0	659	21	5	15	0
QUAL	0	660	24	9	15	2
QUAL	0	661	21	9	12	2
QUAL	0	662	20	10	10	4
QUAL	0	663	19	13	6	0
QUAL	0	664	18	10	8	2
QUAL	0	665	18	9	8	1
QUAL	0	666	18	10	8	1
QUAL	0	667	28	16	12	2
QUAL	0	668	23	17	6	1
QUAL	0	669	15	9	6	3
QUAL	0	670	22	10	12	0
QUAL	0	671	29	9	16	3
QUAL	0	672	22	14	8	1
QUAL	0	673	20	12	8	4
QUAL	0	674	21	8	13	2
QUAL	0	675	20	11	9	7
QUAL	0	676	15	6	8	2
QUAL	0	677	21	12	7	2
QUAL	0	678	21	14	7	1
QUAL	0	679	23	5	17	1
QUAL	0	680	22	12	10	0
QUAL	0	681	24	13	9	2
QUAL	0	682	20	11	8	0
QUAL	0	683	19	11	8	1
QUAL	0	684	18	7	11	1
QUAL	0	685	22	11	10	1
QUAL	0	686	30	21	7	1
QUAL	0	687	16	7	9	2
QUAL	0	688	23	6	16	4
QUAL	0	689	18	6	10	6
QUAL	0	690	19	7	12	2
QUAL	0	691	26	9	16	0
QUAL	0	692	18	12	5	2
QUAL	0	693	21	11	10	0
QUAL	0	694	25	9	16	2
QUAL	0	695	25	15	9	3
QUAL	0	696	17	5	12	2
QUAL	0	697	19	14	5	2
QUAL	0	698	15	8	7	2
QUAL	0	699	23	10	13	1
QUAL	0	700	26	12	14	3
QUAL	0	701	31	15	16	4
QUAL	0	702	24	12	12	4
QUAL	0	703	25	14	10	0
QUAL	0	704	19	13	6	2
QUAL	0	705	24	13	11	2
QUAL	0	706	20	13	7	3
QUAL	0	707	20	9	11	1
QUAL	0	708	20	10	7	1
QUAL	0	709	21	9	11	0
QUAL	0	710	18	6	12	3
QUAL	0	711	18	10	8	0
QUAL	0	712	19	9	9	1
QUAL	0	713	21	9	10	3
QUAL	0	714	20	11	7	4
QUAL	0	715	18	12	6	2
QUAL	0	716	23	13	7	2
QUAL	0	717	17	8	8	1
QUAL	0	718	18	7	11	0
QUAL	0	719	11	9	2	0
QUAL	0	720	34	12	21	1
QUAL	0	721	18	10	8	2
QUAL	0	722	20	13	7	2
QUAL	0	723	14	7	7	2
QUAL	0	724	19	10	8	1
QUAL	0	725	24	12	11	3
QUAL	0	726	21	10	11	0
QUAL	0	727	21	13	8	3
QUAL	0	728	16	12	4	2
QUAL	0	729	21	11	10	2
QUAL	0	730	25	14	9	2
QUAL	0	731	28	16	12	1
QUAL	0	732	13	4	9	2
QUAL	0	733	19	8	11	2
QUAL	0	734	16	5	11	2
QUAL	0	735	23	10	13	2
QUAL	0	736	25	14	11	2
QUAL	0	737	26	17	9	3
QUAL	0	738	21	8	12	1
QUAL	0	739	20	11	9	3
QUAL	0	740	18	11	6	0
QUAL	0	741	21	16	5	5
QUAL	0	742	21	9	12	4
QUAL	0	743	31	14	14	0
QUAL	0	744	23	11	11	2
QUAL	0	745	12	7	5	2
QUAL	0	746	20	9	10	0
QUAL	0	747	20	11	8	2
QUAL	0	748	25	11	13	1
QUAL	0	749	15	11	4	1
QUAL	0	750	13	5	6	3
QUAL	0	751	22	15	7	0
QUAL	0	752	18	12	6	2
QUAL	0	753	29	12	16	0
QUAL	0	754	15	6	7	1
QUAL	0	755	26	12	14	1
QUAL	0	756	19	6	13	1
QUAL	0	757	29	14	15	3
QUAL	0	758	26	10	15	2
QUAL	0	759	11	5	6	0
QUAL	0	760	20	10	10	2
QUAL	0	761	22	11	10	0
QUAL	0	762	14	4	8	2
QUAL	0	763	22	10	11	0
QUAL	0	764	23	9	14	0
QUAL	0	765	23	12	10	2
QUAL	0	766	19	6	13	2
QUAL	0	767	19	10	8	0
QUAL	0	768	19	10	9	2
QUAL	0	769	17	7	10	2
QUAL	0	770	20	8	12	2
QUAL	0	771	25	15	9	2
QUAL	0	772	11	7	3	0
QUAL	0	773	24	14	9	3
QUAL	0	774	18	8	10	0
QUAL	0	775	16	8	8	0
QUAL	0	776	18	8	10	1
QUAL	0	777	23	15	8	1
QUAL	0	778	22	7	15	1
QUAL	0	779	15	7	8	0
QUAL	0	780	20	11	8	0
QUAL	0	781	20	13	5	1
QUAL	0	782	16	10	6	2
QUAL	0	783	27	11	15	1
QUAL	0	784	15	9	6	0
QUAL	0	785	23	12	11	3
QUAL	0	786	21	8	12	2
QUAL	0	787	13	10	2	0
QUAL	0	788	17	12	5	1
QUAL	0	789	25	17	8	4
QUAL	0	790	20	14	6	3
QUAL	0	791	17	5	12	1
QUAL	0	792	19	6	13	0
QUAL	0	793	23	14	8	2
QUAL	0	794	21	10	11	4
QUAL	0	795	14	4	10	1
QUAL	0	796	24	14	10	1
QUAL	0	797	14	8	6	2
QUAL	0	798	19	13	6	2
QUAL	0	799	27	15	11	1
QUAL	0	800	13	4	8	0
QUAL	0	801	16	8	8	5
QUAL	0	802	11	8	3	1
QUAL	0	803	19	5	12	1
QUAL	0	804	19	14	4	0
QUAL	0	805	26	19	7	1
QUAL	0	806	23	12	11	2
QUAL	0	807	14	8	6	2
QUAL	0	808	17	9	8	1
QUAL	0	809	16	6	10	1
QUAL	0	810	18	9	9	2
QUAL	0	811	19	8	10	0
QUAL	0	812	18	8	10	2
QUAL	0	813	22	9	13	3
QUAL	0	814	28	14	14	0
QUAL	0	815	19	8	10	2
QUAL	0	816	23	12	9	0
QUAL	0	817	18	13	4	2
QUAL	0	818	22	10	12	0
QUAL	0	819	17	8	9	2
QUAL	0	820	20	12	8	1
QUAL	0	821	18	9	9	1
QUAL	0	822	27	17	10	1
QUAL	0	823	14	5	9	1
QUAL	0	824	13	10	3	0
QUAL	0	825	19	10	9	2
QUAL	0	826	24	11	13	1
QUAL	0	827	20	12	6	3
QUAL	0	828	19	7	11	1
QUAL	0	829	22	11	11	0
QUAL	0	830	23	11	12	0
QUAL	0	831	23	13	9	2
QUAL	0	832	19	12	6	2
QUAL	0	833	15	10	4	1
QUAL	0	834	17	12	4	0
QUAL	0	835	21	9	12	1
QUAL	0	836	27	9	15	1
QUAL	0	837	21	12	9	2
QUAL	0	838	22	10	10	1
QUAL	0	839	18	8	10	2
QUAL	0	840	22	12	10	1
QUAL	0	841	20	11	8	2
QUAL	0	842	20	10	10	0
QUAL	0	843	29	15	14	1
QUAL	0	844	12	6	6	1
QUAL	0	845	20	12	8	1
QUAL	0	846	15	8	6	2
QUAL	0	847	18	11	7	0
QUAL	0	848	12	8	4	0
QUAL	0	849	17	9	8	1
QUAL	0	850	17	12	4	1
QUAL	0	851	21	10	9	2
QUAL	0	852	17	10	6	0
QUAL	0	853	19	12	6	0
QUAL	0	854	25	20	5	1
QUAL	0	855	25	11	13	1
QUAL	0	856	17	9	8	1
QUAL	0	857	12	5	7	2
QUAL	0	858	14	8	5	0
QUAL	0	859	20	8	12	0
QUAL	0	860	15	7	8	3
QUAL	0	861	20	12	8	0
QUAL	0	862	20	10	8	0
QUAL	0	863	27	14	11	2
QUAL	0	864	15	7	7	1
QUAL	0	865	21	14	7	1
QUAL	0	866	23	13	10	0
QUAL	0	867	18	9	9	1
QUAL	0	868	11	7	4	0
QUAL	0	869	23	13	9	0
QUAL	0	870	19	8	9	3
QUAL	0	871	17	9	8	1
QUAL	0	872	19	8	10	0
QUAL	0	873	20	10	9	3
QUAL	0	874	21	7	13	1
QUAL	0	875	15	7	8	2
QUAL	0	876	23	12	11	3
QUAL	0	877	22	8	14	1
QUAL	0	878	26	13	13	1
QUAL	0	879	21	8	12	1
QUAL	0	880	19	9	9	2
QUAL	0	881	16	9	6	1
QUAL	0	882	21	6	14	3
QUAL	0	883	12	9	3	3
QUAL	0	884	22	10	11	2
QUAL	0	885	13	7	4	1
QUAL	0	886	21	11	10	1
QUAL	0	887	16	7	9	2
QUAL	0	888	13	9	3	1
QUAL	0	889	6	4	2	0
QUAL	0	890	18	7	8	1
QUAL	0	891	22	13	9	0
QUAL	0	892	10	6	4	0
QUAL	0	893	18	11	7	1
QUAL	0	894	16	10	5	1
QUAL	0	895	20	10	10	2
QUAL	0	896	14	9	4	1
QUAL	0	897	20	11	9	0
QUAL	0	898	20	8	12	1
QUAL	0	899	10	6	4	2
QUAL	0	900	14	7	7	5
QUAL	0	901	12	1	11	0
QUAL	0	902	19	13	6	4
QUAL	0	903	23	15	7	1
QUAL	0	904	14	4	8	3
QUAL	0	905	23	13	10	1
QUAL	0	906	16	5	11	4
QUAL	0	907	21	9	12	1
QUAL	0	908	18	7	11	2
QUAL	0	909	9	6	3	1
QUAL	0	910	28	13	14	0
QUAL	0	911	21	14	6	0
QUAL	0	912	12	8	4	1
QUAL	0	913	15	14	1	1
QUAL	0	914	16	9	7	1
QUAL	0	915	23	13	8	0
QUAL	0	916	20	13	7	0
QUAL	0	917	16	5	10	0
QUAL	0	918	16	6	8	0
QUAL	0	919	16	6	9	0
QUAL	0	920	19	11	8	1
QUAL	0	921	23	13	8	1
QUAL	0	922	14	7	7	1
QUAL	0	923	19	9	10	1
QUAL	0	924	9	6	3	2
QUAL	0	925	13	4	8	1
QUAL	0	926	13	7	6	0
QUAL	0	927	18	9	9	0
QUAL	0	928	17	5	10	1
QUAL	0	929	12	3	9	1
QUAL	0	930	15	6	7	2
QUAL	0	931	20	10	9	0
QUAL	0	932	20	10	9	0
QUAL	0	933	16	11	5	1
QUAL	0	934	17	10	7	0
QUAL	0	935	18	8	9	0
QUAL	0	936	18	8	9	0
QUAL	0	937	16	6	10	3
QUAL	0	938	11	6	5	1
QUAL	0	939	13	4	8	0
QUAL	0	940	21	13	8	2
QUAL	0	941	11	3	7	1
QUAL	0	942	10	7	3	0
QUAL	0	943	15	7	8	1
QUAL	0	944	17	8	9	1
QUAL	0	945	16	8	8	1
QUAL	0	946	14	9	5	2
QUAL	0	947	20	11	8	2
QUAL	0	948	19	10	9	0
QUAL	0	949	14	7	7	0
QUAL	0	950	23	15	8	2
QUAL	0	951	15	10	5	2
QUAL	0	952	25	18	7	2
QUAL	0	953	21	12	9	0
QUAL	0	954	14	8	6	0
QUAL	0	955	24	17	7	0
QUAL	0	956	16	6	10	1
QUAL	0	957	24	15	7	2
QUAL	0	958	13	9	3	0
QUAL	0	959	16	8	8	1
QUAL	0	960	23	12	9	1
QUAL	0	961	15	7	7	1
QUAL	0	962	17	9	8	2
QUAL	0	963	21	10	11	1
QUAL	0	964	21	8	11	0
QUAL	0	965	22	13	7	1
QUAL	0	966	21	14	7	2
QUAL	0	967	20	10	9	2
QUAL	0	968	15	10	5	0
QUAL	0	969	12	9	3	1
QUAL	0	970	13	7	6	3
QUAL	0	971	16	10	5	3
QUAL	0	972	10	5	4	2
QUAL	0	973	16	11	4	0
QUAL	0	974	20	10	8	1
QUAL	0	975	15	9	6	0
QUAL	0	976	16	9	7	0
QUAL	0	977	18	9	7	1
QUAL	0	978	17	5	11	4
QUAL	0	979	19	11	7	1
QUAL	0	980	13	5	7	0
QUAL	0	981	19	11	8	0
QUAL	0	982	17	7	9	1
QUAL	0	983	16	10	6	0
QUAL	0	984	17	11	4	0
QUAL	0	985	15	4	11	1
QUAL	0	986	19	10	9	2
QUAL	0	987	18	10	7	1
QUAL	0	988	20	9	11	0
QUAL	0	989	19	10	9	1
QUAL	0	990	26	14	12	2
QUAL	0	991	14	7	7	3
QUAL	0	992	18	9	9	1
QUAL	0	993	22	10	10	1
QUAL	0	994	16	10	6	1
QUAL	0	995	9	6	3	2
QUAL	0	996	13	6	7	2
QUAL	0	997	10	7	3	2
QUAL	0	998	45273	23957	20396	2675
