QUAL	[2]id	[3]Quality	[4]number of SNPs	[5]number of transitions (1st ALT)	[6]number of transversions (1st ALT)	[7]number of indels
QUAL	0	0	371055	184596	173072	22257
QUAL	0	1	20778	10794	9225	1574
QUAL	0	2	15207	7842	6805	1221
QUAL	0	3	12175	6451	5453	932
QUAL	0	4	11634	6079	5374	782
QUAL	0	5	12155	6329	5625	833
QUAL	0	6	11326	5929	5263	735
QUAL	0	7	11629	6182	5286	735
QUAL	0	8	12072	6245	5658	760
QUAL	0	9	11558	6075	5330	788
QUAL	0	10	10921	5773	4989	737
QUAL	0	11	11773	6133	5476	782
QUAL	0	12	9820	5011	4654	730
QUAL	0	13	11497	6054	5296	776
QUAL	0	14	10830	5601	5041	801
QUAL	0	15	9683	5039	4462	674
QUAL	0	16	8492	4350	3944	655
QUAL	0	17	7258	3803	3275	627
QUAL	0	18	6508	3390	2933	633
QUAL	0	19	6147	3205	2745	610
QUAL	0	20	7361	3854	3316	626
QUAL	0	21	6355	3289	2897	561
QUAL	0	22	6415	3406	2830	587
QUAL	0	23	6604	3394	3029	554
QUAL	0	24	7853	4084	3574	566
QUAL	0	25	6544	3400	2952	603
QUAL	0	26	7404	3852	3360	562
QUAL	0	27	7364	3851	3298	546
QUAL	0	28	6782	3528	3087	502
QUAL	0	29	6841	3544	3086	562
QUAL	0	30	9426	4954	4278	530
QUAL	0	31	6741	3502	3055	557
QUAL	0	32	6563	3406	2965	540
QUAL	0	33	6892	3583	3121	610
QUAL	0	34	6316	3323	2802	497
QUAL	0	35	6318	3299	2840	556
QUAL	0	36	6833	3560	3082	496
QUAL	0	37	6396	3258	2923	493
QUAL	0	38	5645	2904	2545	448
QUAL	0	39	5319	2716	2415	430
QUAL	0	40	5269	2738	2319	447
QUAL	0	41	5329	2676	2472	410
QUAL	0	42	5314	2744	2359	452
QUAL	0	43	5162	2682	2276	392
QUAL	0	44	5116	2616	2276	419
QUAL	0	45	5081	2587	2276	412
QUAL	0	46	5587	2886	2511	450
QUAL	0	47	5141	2621	2315	392
QUAL	0	48	5014	2627	2189	390
QUAL	0	49	5002	2564	2232	375
QUAL	0	50	6366	3315	2836	468
QUAL	0	51	5300	2682	2415	413
QUAL	0	52	5591	2936	2447	424
QUAL	0	53	5187	2643	2345	384
QUAL	0	54	4984	2581	2206	371
QUAL	0	55	4874	2478	2185	373
QUAL	0	56	7835	4069	3560	546
QUAL	0	57	5157	2672	2272	351
QUAL	0	58	4600	2372	2034	378
QUAL	0	59	4571	2314	2067	373
QUAL	0	60	5631	2840	2604	398
QUAL	0	61	4628	2367	2032	359
QUAL	0	62	4621	2329	2085	376
QUAL	0	63	4465	2270	1999	374
QUAL	0	64	4285	2198	1891	339
QUAL	0	65	4694	2457	2035	325
QUAL	0	66	4348	2252	1898	341
QUAL	0	67	4111	2030	1867	332
QUAL	0	68	3955	1987	1777	310
QUAL	0	69	4024	2047	1754	356
QUAL	0	70	4060	2092	1758	322
QUAL	0	71	4181	2137	1848	315
QUAL	0	72	3880	1967	1696	321
QUAL	0	73	4080	2044	1826	331
QUAL	0	74	4052	2026	1829	336
QUAL	0	75	4004	2014	1789	349
QUAL	0	76	3779	1916	1661	327
QUAL	0	77	4289	2209	1890	320
QUAL	0	78	3914	1994	1730	277
QUAL	0	79	3898	1935	1755	297
QUAL	0	80	3748	1885	1645	309
QUAL	0	81	4038	2084	1757	313
QUAL	0	82	3942	1961	1781	291
QUAL	0	83	4163	2102	1872	317
QUAL	0	84	3702	1886	1615	282
QUAL	0	85	3713	1899	1617	283
QUAL	0	86	4948	2514	2251	363
QUAL	0	87	3842	1927	1701	297
QUAL	0	88	3438	1749	1487	282
QUAL	0	89	3806	1912	1707	273
QUAL	0	90	3614	1803	1605	297
QUAL	0	91	3927	2014	1702	334
QUAL	0	92	3304	1691	1454	250
QUAL	0	93	3658	1898	1560	269
QUAL	0	94	3574	1785	1574	259
QUAL	0	95	3369	1762	1450	266
QUAL	0	96	3455	1725	1525	284
QUAL	0	97	3628	1836	1616	278
QUAL	0	98	3199	1568	1447	248
QUAL	0	99	3297	1647	1446	241
QUAL	0	100	3265	1694	1374	275
QUAL	0	101	3321	1685	1422	274
QUAL	0	102	3238	1648	1364	252
QUAL	0	103	3290	1740	1391	247
QUAL	0	104	3152	1579	1409	241
QUAL	0	105	3182	1598	1369	275
QUAL	0	106	3198	1585	1416	268
QUAL	0	107	3118	1597	1328	241
QUAL	0	108	3174	1597	1406	234
QUAL	0	109	3089	1591	1319	232
QUAL	0	110	3045	1551	1326	211
QUAL	0	111	3084	1553	1330	227
QUAL	0	112	3217	1628	1415	235
QUAL	0	113	2896	1434	1285	222
QUAL	0	114	2857	1426	1268	268
QUAL	0	115	3128	1567	1385	235
QUAL	0	116	3221	1648	1408	228
QUAL	0	117	2924	1479	1267	228
QUAL	0	118	2918	1492	1237	213
QUAL	0	119	3013	1568	1251	236
QUAL	0	120	3120	1590	1356	226
QUAL	0	121	2910	1448	1295	216
QUAL	0	122	2630	1312	1169	228
QUAL	0	123	2895	1484	1215	232
QUAL	0	124	3133	1581	1356	230
QUAL	0	125	2784	1409	1196	174
QUAL	0	126	2698	1328	1184	194
QUAL	0	127	2843	1441	1220	233
QUAL	0	128	2746	1395	1185	240
QUAL	0	129	2654	1331	1143	197
QUAL	0	130	2705	1360	1170	232
QUAL	0	131	2766	1397	1193	208
QUAL	0	132	2571	1295	1114	205
QUAL	0	133	2702	1319	1186	207
QUAL	0	134	2632	1359	1111	209
QUAL	0	135	2536	1320	1036	207
QUAL	0	136	2594	1327	1090	215
QUAL	0	137	2566	1268	1113	191
QUAL	0	138	2502	1241	1087	224
QUAL	0	139	2585	1301	1121	206
QUAL	0	140	2516	1246	1086	183
QUAL	0	141	2516	1253	1117	203
QUAL	0	142	2465	1234	1061	189
QUAL	0	143	2645	1314	1154	196
QUAL	0	144	2393	1196	1019	185
QUAL	0	145	2440	1199	1050	185
QUAL	0	146	2474	1223	1081	218
QUAL	0	147	2522	1275	1087	189
QUAL	0	148	2324	1170	1008	181
QUAL	0	149	2373	1189	1013	185
QUAL	0	150	2614	1340	1097	220
QUAL	0	151	2449	1210	1079	185
QUAL	0	152	2309	1107	1028	152
QUAL	0	153	2356	1158	1021	190
QUAL	0	154	2418	1200	1051	175
QUAL	0	155	2278	1127	1004	193
QUAL	0	156	2216	1120	957	164
QUAL	0	157	2343	1177	1007	162
QUAL	0	158	2415	1243	1020	186
QUAL	0	159	2305	1177	931	183
QUAL	0	160	2286	1157	979	173
QUAL	0	161	2260	1125	971	146
QUAL	0	162	2255	1137	938	182
QUAL	0	163	2225	1088	984	185
QUAL	0	164	2232	1136	936	175
QUAL	0	165	2191	1082	960	157
QUAL	0	166	2195	1100	910	192
QUAL	0	167	2143	1066	919	160
QUAL	0	168	2204	1086	954	177
QUAL	0	169	2098	1011	913	139
QUAL	0	170	2162	1075	924	198
QUAL	0	171	2054	1027	872	153
QUAL	0	172	2118	1049	902	171
QUAL	0	173	2024	1010	855	145
QUAL	0	174	2106	1086	848	174
QUAL	0	175	2078	996	932	169
QUAL	0	176	2074	999	912	170
QUAL	0	177	2093	1060	900	153
QUAL	0	178	2062	1072	855	152
QUAL	0	179	2053	989	890	149
QUAL	0	180	2030	976	875	174
QUAL	0	181	2037	1008	878	147
QUAL	0	182	1985	1014	824	156
QUAL	0	183	1993	960	879	150
QUAL	0	184	1972	1007	817	155
QUAL	0	185	2000	1008	845	150
QUAL	0	186	2075	1041	884	163
QUAL	0	187	1962	982	830	162
QUAL	0	188	1998	960	886	148
QUAL	0	189	1966	1004	813	147
QUAL	0	190	1994	1008	819	141
QUAL	0	191	2007	970	871	158
QUAL	0	192	1956	971	818	138
QUAL	0	193	1960	964	827	142
QUAL	0	194	1823	871	833	133
QUAL	0	195	1857	907	792	146
QUAL	0	196	1896	928	827	130
QUAL	0	197	1913	979	789	123
QUAL	0	198	1926	961	821	151
QUAL	0	199	1895	886	846	161
QUAL	0	200	1845	912	783	143
QUAL	0	201	1821	883	797	137
QUAL	0	202	1803	900	765	135
QUAL	0	203	1764	877	746	133
QUAL	0	204	1849	901	799	157
QUAL	0	205	1820	934	741	138
QUAL	0	206	1788	862	781	153
QUAL	0	207	1753	876	730	143
QUAL	0	208	1844	949	749	130
QUAL	0	209	1767	874	733	144
QUAL	0	210	1755	860	758	148
QUAL	0	211	1824	911	777	128
QUAL	0	212	1808	882	763	146
QUAL	0	213	1688	800	749	133
QUAL	0	214	1717	842	722	132
QUAL	0	215	1836	885	774	134
QUAL	0	216	1660	827	695	151
QUAL	0	217	1703	852	704	133
QUAL	0	218	1811	847	793	126
QUAL	0	219	1723	813	785	137
QUAL	0	220	1682	837	696	132
QUAL	0	221	1710	839	714	125
QUAL	0	222	1698	860	674	142
QUAL	0	223	1679	838	712	132
QUAL	0	224	1668	882	669	126
QUAL	0	225	1693	818	715	143
QUAL	0	226	1666	832	690	144
QUAL	0	227	1637	815	686	137
QUAL	0	228	1672	815	714	124
QUAL	0	229	1694	838	723	130
QUAL	0	230	1629	801	686	126
QUAL	0	231	1619	792	671	134
QUAL	0	232	1574	785	659	127
QUAL	0	233	1645	838	691	138
QUAL	0	234	1567	782	648	127
QUAL	0	235	1555	721	673	112
QUAL	0	236	1605	807	667	110
QUAL	0	237	1586	804	660	132
QUAL	0	238	1551	762	646	126
QUAL	0	239	1561	784	639	114
QUAL	0	240	1595	788	669	125
QUAL	0	241	1491	720	621	120
QUAL	0	242	1651	841	686	118
QUAL	0	243	1528	760	649	126
QUAL	0	244	1492	702	663	113
QUAL	0	245	1506	767	621	104
QUAL	0	246	1513	760	624	118
QUAL	0	247	1534	750	652	111
QUAL	0	248	1489	718	637	110
QUAL	0	249	1552	746	692	111
QUAL	0	250	1454	698	645	118
QUAL	0	251	1556	802	615	128
QUAL	0	252	1541	713	687	134
QUAL	0	253	1519	768	618	140
QUAL	0	254	1489	689	663	100
QUAL	0	255	1434	677	622	131
QUAL	0	256	1449	680	627	97
QUAL	0	257	1477	716	646	97
QUAL	0	258	1412	678	594	125
QUAL	0	259	1504	704	663	122
QUAL	0	260	1431	668	617	111
QUAL	0	261	1507	737	647	100
QUAL	0	262	1358	687	538	122
QUAL	0	263	1497	730	640	116
QUAL	0	264	1397	701	570	110
QUAL	0	265	1356	673	566	114
QUAL	0	266	1436	704	622	131
QUAL	0	267	1439	717	607	107
QUAL	0	268	1480	730	647	115
QUAL	0	269	1367	680	571	127
QUAL	0	270	1360	673	560	111
QUAL	0	271	1413	668	609	115
QUAL	0	272	1424	700	601	115
QUAL	0	273	1384	656	610	104
QUAL	0	274	1394	689	562	110
QUAL	0	275	1429	719	593	123
QUAL	0	276	1454	726	598	123
QUAL	0	277	1352	635	574	115
QUAL	0	278	1320	647	556	118
QUAL	0	279	1407	708	562	94
QUAL	0	280	1406	742	537	104
QUAL	0	281	1363	730	521	98
QUAL	0	282	1350	650	578	112
QUAL	0	283	1411	664	619	125
QUAL	0	284	1350	674	562	108
QUAL	0	285	1322	650	536	109
QUAL	0	286	1334	683	541	82
QUAL	0	287	1294	654	522	118
QUAL	0	288	1304	611	560	84
QUAL	0	289	1397	690	572	89
QUAL	0	290	1320	656	543	96
QUAL	0	291	1294	653	522	95
QUAL	0	292	1321	658	552	76
QUAL	0	293	1310	630	557	103
QUAL	0	294	1313	670	510	105
QUAL	0	295	1321	618	565	104
QUAL	0	296	1315	608	589	100
QUAL	0	297	1335	659	554	97
QUAL	0	298	1377	683	554	94
QUAL	0	299	1324	658	551	117
QUAL	0	300	1207	573	520	90
QUAL	0	301	1352	669	562	109
QUAL	0	302	1240	610	507	100
QUAL	0	303	1233	620	502	85
QUAL	0	304	1205	560	521	94
QUAL	0	305	1194	591	481	100
QUAL	0	306	1317	638	557	102
QUAL	0	307	1250	662	479	89
QUAL	0	308	1201	584	523	104
QUAL	0	309	1236	603	495	105
QUAL	0	310	1243	609	516	113
QUAL	0	311	1202	583	511	107
QUAL	0	312	1265	620	510	110
QUAL	0	313	1185	561	503	104
QUAL	0	314	1220	625	468	112
QUAL	0	315	1252	598	533	104
QUAL	0	316	1283	662	493	112
QUAL	0	317	1210	554	542	114
QUAL	0	318	1113	581	435	94
QUAL	0	319	1209	575	525	92
QUAL	0	320	1211	596	503	84
QUAL	0	321	1163	604	441	97
QUAL	0	322	1213	582	501	93
QUAL	0	323	1245	596	528	91
QUAL	0	324	1211	610	485	70
QUAL	0	325	1160	559	488	100
QUAL	0	326	1192	588	490	78
QUAL	0	327	1184	577	488	83
QUAL	0	328	1122	528	482	95
QUAL	0	329	1162	588	455	102
QUAL	0	330	1174	598	472	83
QUAL	0	331	1151	564	479	110
QUAL	0	332	1156	549	496	74
QUAL	0	333	1182	587	482	98
QUAL	0	334	1175	589	483	97
QUAL	0	335	1140	582	439	80
QUAL	0	336	1137	544	498	77
QUAL	0	337	1227	596	495	102
QUAL	0	338	1094	507	485	83
QUAL	0	339	1078	517	454	85
QUAL	0	340	1159	555	507	84
QUAL	0	341	1199	590	499	89
QUAL	0	342	1095	541	446	78
QUAL	0	343	1117	543	472	80
QUAL	0	344	1103	507	463	89
QUAL	0	345	1114	546	443	94
QUAL	0	346	1111	528	469	81
QUAL	0	347	1054	530	415	85
QUAL	0	348	1101	544	449	80
QUAL	0	349	1165	547	486	93
QUAL	0	350	1071	493	457	81
QUAL	0	351	1055	533	418	71
QUAL	0	352	1064	520	445	82
QUAL	0	353	1103	576	407	85
QUAL	0	354	1078	507	463	92
QUAL	0	355	1039	525	426	85
QUAL	0	356	1078	537	445	75
QUAL	0	357	1018	495	425	74
QUAL	0	358	1109	522	463	89
QUAL	0	359	1061	486	469	86
QUAL	0	360	1023	481	430	80
QUAL	0	361	1101	525	454	80
QUAL	0	362	1028	552	373	75
QUAL	0	363	1071	505	450	94
QUAL	0	364	1065	511	447	75
QUAL	0	365	1087	504	464	100
QUAL	0	366	1054	511	422	99
QUAL	0	367	1102	538	445	73
QUAL	0	368	1009	515	397	73
QUAL	0	369	1079	518	466	94
QUAL	0	370	1040	483	440	74
QUAL	0	371	1026	471	462	68
QUAL	0	372	1009	515	413	77
QUAL	0	373	1069	515	448	66
QUAL	0	374	1040	500	433	78
QUAL	0	375	1024	498	415	86
QUAL	0	376	1001	484	427	79
QUAL	0	377	953	442	408	78
QUAL	0	378	1059	518	425	92
QUAL	0	379	962	469	396	77
QUAL	0	380	1003	482	423	77
QUAL	0	381	969	451	419	63
QUAL	0	382	1031	510	408	84
QUAL	0	383	960	485	378	87
QUAL	0	384	1050	541	411	67
QUAL	0	385	986	461	438	76
QUAL	0	386	946	452	396	77
QUAL	0	387	942	461	388	63
QUAL	0	388	995	470	410	68
QUAL	0	389	956	450	395	80
QUAL	0	390	973	461	410	82
QUAL	0	391	1008	471	427	62
QUAL	0	392	955	461	383	68
QUAL	0	393	999	479	414	81
QUAL	0	394	930	468	370	84
QUAL	0	395	977	482	382	86
QUAL	0	396	1000	499	395	83
QUAL	0	397	973	461	409	71
QUAL	0	398	960	443	416	88
QUAL	0	399	968	443	416	83
QUAL	0	400	963	440	438	71
QUAL	0	401	953	460	392	83
QUAL	0	402	998	500	398	80
QUAL	0	403	952	455	403	78
QUAL	0	404	961	476	380	79
QUAL	0	405	937	463	380	82
QUAL	0	406	904	418	395	71
QUAL	0	407	957	476	379	88
QUAL	0	408	965	467	404	70
QUAL	0	409	893	421	381	77
QUAL	0	410	876	395	395	72
QUAL	0	411	939	447	384	71
QUAL	0	412	896	438	363	67
QUAL	0	413	987	475	399	74
QUAL	0	414	924	422	398	71
QUAL	0	415	927	435	381	62
QUAL	0	416	941	482	353	63
QUAL	0	417	933	452	366	86
QUAL	0	418	963	499	355	53
QUAL	0	419	918	436	364	74
QUAL	0	420	944	448	389	94
QUAL	0	421	931	443	393	72
QUAL	0	422	894	426	368	74
QUAL	0	423	920	450	366	63
QUAL	0	424	922	450	376	82
QUAL	0	425	917	432	386	82
QUAL	0	426	893	416	381	74
QUAL	0	427	804	373	338	72
QUAL	0	428	936	437	400	74
QUAL	0	429	870	431	356	74
QUAL	0	430	856	402	346	75
QUAL	0	431	933	467	373	62
QUAL	0	432	918	430	385	80
QUAL	0	433	867	420	379	65
QUAL	0	434	916	488	328	71
QUAL	0	435	910	454	367	48
QUAL	0	436	830	396	332	76
QUAL	0	437	855	422	337	72
QUAL	0	438	821	371	345	57
QUAL	0	439	863	429	328	62
QUAL	0	440	842	419	332	78
QUAL	0	441	811	391	325	68
QUAL	0	442	913	454	355	76
QUAL	0	443	808	389	341	77
QUAL	0	444	833	386	351	62
QUAL	0	445	859	416	353	60
QUAL	0	446	818	390	327	66
QUAL	0	447	868	444	340	69
QUAL	0	448	831	413	323	66
QUAL	0	449	846	420	330	62
QUAL	0	450	820	391	344	56
QUAL	0	451	801	396	315	74
QUAL	0	452	849	411	334	74
QUAL	0	453	836	412	351	73
QUAL	0	454	849	439	320	68
QUAL	0	455	817	383	353	67
QUAL	0	456	841	398	347	71
QUAL	0	457	787	384	303	55
QUAL	0	458	863	408	353	61
QUAL	0	459	793	406	308	60
QUAL	0	460	880	435	344	55
QUAL	0	461	798	379	319	53
QUAL	0	462	847	431	340	67
QUAL	0	463	821	399	336	58
QUAL	0	464	820	409	329	59
QUAL	0	465	774	361	322	64
QUAL	0	466	826	421	315	57
QUAL	0	467	807	397	332	57
QUAL	0	468	812	402	321	64
QUAL	0	469	880	427	351	67
QUAL	0	470	825	393	336	57
QUAL	0	471	829	394	350	72
QUAL	0	472	820	413	306	71
QUAL	0	473	820	403	328	48
QUAL	0	474	819	390	333	75
QUAL	0	475	821	401	320	62
QUAL	0	476	796	414	303	69
QUAL	0	477	838	405	344	72
QUAL	0	478	850	414	348	60
QUAL	0	479	789	372	333	49
QUAL	0	480	761	395	289	62
QUAL	0	481	793	386	306	67
QUAL	0	482	789	390	323	51
QUAL	0	483	790	382	328	71
QUAL	0	484	802	397	318	45
QUAL	0	485	796	377	344	63
QUAL	0	486	768	379	299	65
QUAL	0	487	756	343	323	66
QUAL	0	488	757	398	285	53
QUAL	0	489	758	370	295	48
QUAL	0	490	782	388	314	62
QUAL	0	491	782	373	315	64
QUAL	0	492	777	386	309	53
QUAL	0	493	749	360	287	80
QUAL	0	494	713	329	306	49
QUAL	0	495	759	379	294	59
QUAL	0	496	751	358	299	57
QUAL	0	497	733	349	299	64
QUAL	0	498	704	343	294	50
QUAL	0	499	751	359	312	55
QUAL	0	500	705	358	259	59
QUAL	0	501	765	371	291	54
QUAL	0	502	713	371	264	69
QUAL	0	503	743	369	295	66
QUAL	0	504	759	377	298	49
QUAL	0	505	785	385	305	65
QUAL	0	506	755	346	319	59
QUAL	0	507	797	389	316	51
QUAL	0	508	734	374	282	55
QUAL	0	509	746	360	305	57
QUAL	0	510	781	388	311	59
QUAL	0	511	817	392	330	76
QUAL	0	512	763	369	308	65
QUAL	0	513	690	353	260	52
QUAL	0	514	709	335	294	57
QUAL	0	515	682	332	266	47
QUAL	0	516	769	389	303	56
QUAL	0	517	728	361	290	66
QUAL	0	518	725	354	292	59
QUAL	0	519	726	358	287	70
QUAL	0	520	777	357	321	57
QUAL	0	521	692	321	272	69
QUAL	0	522	725	342	299	57
QUAL	0	523	692	346	277	58
QUAL	0	524	691	338	264	62
QUAL	0	525	699	331	292	51
QUAL	0	526	785	347	320	59
QUAL	0	527	748	342	314	61
QUAL	0	528	715	330	295	62
QUAL	0	529	714	343	291	59
QUAL	0	530	707	325	299	58
QUAL	0	531	721	346	282	61
QUAL	0	532	709	340	283	69
QUAL	0	533	753	365	317	40
QUAL	0	534	704	316	298	57
QUAL	0	535	741	358	298	52
QUAL	0	536	736	346	316	51
QUAL	0	537	688	330	260	48
QUAL	0	538	684	349	249	58
QUAL	0	539	716	348	301	51
QUAL	0	540	725	359	274	66
QUAL	0	541	722	338	290	59
QUAL	0	542	683	314	284	43
QUAL	0	543	629	318	228	61
QUAL	0	544	692	324	300	54
QUAL	0	545	736	359	292	51
QUAL	0	546	674	307	294	57
QUAL	0	547	708	324	311	46
QUAL	0	548	672	329	268	49
QUAL	0	549	698	326	292	58
QUAL	0	550	706	357	267	70
QUAL	0	551	681	311	278	57
QUAL	0	552	697	324	282	54
QUAL	0	553	662	337	239	64
QUAL	0	554	638	305	247	53
QUAL	0	555	732	356	290	62
QUAL	0	556	687	330	266	59
QUAL	0	557	712	324	295	51
QUAL	0	558	660	307	280	54
QUAL	0	559	650	304	264	60
QUAL	0	560	617	287	248	61
QUAL	0	561	683	335	247	65
QUAL	0	562	624	276	254	63
QUAL	0	563	659	330	262	62
QUAL	0	564	665	314	272	58
QUAL	0	565	662	366	232	55
QUAL	0	566	695	323	285	38
QUAL	0	567	618	295	244	58
QUAL	0	568	643	303	255	60
QUAL	0	569	714	365	266	44
QUAL	0	570	667	310	283	51
QUAL	0	571	624	329	231	62
QUAL	0	572	673	325	276	51
QUAL	0	573	660	345	231	39
QUAL	0	574	653	314	260	54
QUAL	0	575	671	323	280	61
QUAL	0	576	631	297	258	56
QUAL	0	577	652	285	300	47
QUAL	0	578	658	299	292	51
QUAL	0	579	636	304	247	56
QUAL	0	580	686	334	271	57
QUAL	0	581	642	320	250	49
QUAL	0	582	674	314	280	53
QUAL	0	583	653	309	268	57
QUAL	0	584	646	281	279	58
QUAL	0	585	597	295	233	46
QUAL	0	586	649	338	224	45
QUAL	0	587	609	279	254	63
QUAL	0	588	619	280	268	52
QUAL	0	589	611	306	225	53
QUAL	0	590	611	301	235	49
QUAL	0	591	603	294	241	47
QUAL	0	592	671	306	292	61
QUAL	0	593	629	302	247	56
QUAL	0	594	610	301	243	44
QUAL	0	595	624	310	246	52
QUAL	0	596	613	295	246	42
QUAL	0	597	640	314	258	45
QUAL	0	598	649	297	263	53
QUAL	0	599	664	338	264	48
QUAL	0	600	646	312	267	51
QUAL	0	601	606	290	234	48
QUAL	0	602	627	302	257	57
QUAL	0	603	609	286	261	41
QUAL	0	604	607	298	245	57
QUAL	0	605	634	313	244	49
QUAL	0	606	625	292	255	43
QUAL	0	607	607	299	235	46
QUAL	0	608	601	285	232	45
QUAL	0	609	600	292	240	48
QUAL	0	610	570	259	237	45
QUAL	0	611	614	284	252	60
QUAL	0	612	616	288	247	47
QUAL	0	613	586	277	247	35
QUAL	0	614	592	275	245	50
QUAL	0	615	622	280	266	59
QUAL	0	616	609	284	253	39
QUAL	0	617	616	301	248	57
QUAL	0	618	609	307	226	46
QUAL	0	619	603	301	235	41
QUAL	0	620	590	285	232	52
QUAL	0	621	634	318	227	45
QUAL	0	622	588	289	228	50
QUAL	0	623	671	309	271	54
QUAL	0	624	601	301	222	44
QUAL	0	625	634	325	220	54
QUAL	0	626	583	293	228	46
QUAL	0	627	588	290	209	55
QUAL	0	628	619	279	264	60
QUAL	0	629	635	299	251	56
QUAL	0	630	600	295	236	34
QUAL	0	631	611	318	227	61
QUAL	0	632	617	295	247	53
QUAL	0	633	554	278	207	39
QUAL	0	634	635	293	253	41
QUAL	0	635	593	276	240	50
QUAL	0	636	580	267	230	46
QUAL	0	637	581	282	231	52
QUAL	0	638	607	259	257	41
QUAL	0	639	541	244	210	52
QUAL	0	640	603	296	222	51
QUAL	0	641	565	270	215	43
QUAL	0	642	576	263	249	48
QUAL	0	643	587	277	240	52
QUAL	0	644	573	269	239	47
QUAL	0	645	559	262	221	41
QUAL	0	646	628	299	265	36
QUAL	0	647	562	249	238	50
QUAL	0	648	579	268	238	49
QUAL	0	649	597	314	209	52
QUAL	0	650	606	318	225	49
QUAL	0	651	573	282	231	50
QUAL	0	652	608	307	245	41
QUAL	0	653	560	250	238	43
QUAL	0	654	536	255	225	48
QUAL	0	655	512	241	219	39
QUAL	0	656	534	275	202	51
QUAL	0	657	553	253	231	50
QUAL	0	658	549	266	222	41
QUAL	0	659	580	255	244	53
QUAL	0	660	580	280	232	48
QUAL	0	661	559	264	229	52
QUAL	0	662	558	246	235	49
QUAL	0	663	545	256	223	41
QUAL	0	664	565	272	222	40
QUAL	0	665	523	237	217	43
QUAL	0	666	573	294	204	42
QUAL	0	667	560	248	235	50
QUAL	0	668	562	273	211	50
QUAL	0	669	535	249	222	53
QUAL	0	670	532	260	212	40
QUAL	0	671	572	279	221	42
QUAL	0	672	515	241	202	37
QUAL	0	673	556	262	225	50
QUAL	0	674	528	245	220	37
QUAL	0	675	530	255	204	51
QUAL	0	676	518	241	204	45
QUAL	0	677	509	250	190	46
QUAL	0	678	541	266	222	44
QUAL	0	679	545	256	229	34
QUAL	0	680	567	292	218	39
QUAL	0	681	544	272	207	37
QUAL	0	682	532	260	201	39
QUAL	0	683	575	281	216	41
QUAL	0	684	501	246	201	42
QUAL	0	685	540	254	212	50
QUAL	0	686	548	283	193	39
QUAL	0	687	565	267	227	43
QUAL	0	688	486	243	187	49
QUAL	0	689	550	256	221	45
QUAL	0	690	565	255	226	28
QUAL	0	691	537	264	205	51
QUAL	0	692	521	267	188	43
QUAL	0	693	524	243	211	46
QUAL	0	694	535	244	220	39
QUAL	0	695	547	256	231	51
QUAL	0	696	514	241	200	40
QUAL	0	697	524	242	215	38
QUAL	0	698	540	248	228	47
QUAL	0	699	550	262	217	42
QUAL	0	700	535	257	218	50
QUAL	0	701	526	256	203	49
QUAL	0	702	539	247	208	56
QUAL	0	703	540	244	225	29
QUAL	0	704	529	272	185	51
QUAL	0	705	516	254	209	35
QUAL	0	706	499	242	197	41
QUAL	0	707	497	241	205	43
QUAL	0	708	521	249	196	40
QUAL	0	709	521	252	211	35
QUAL	0	710	541	256	220	42
QUAL	0	711	500	225	207	35
QUAL	0	712	500	237	198	36
QUAL	0	713	511	231	222	44
QUAL	0	714	494	243	177	43
QUAL	0	715	491	237	182	33
QUAL	0	716	491	223	188	33
QUAL	0	717	531	249	210	40
QUAL	0	718	502	236	207	37
QUAL	0	719	488	241	191	37
QUAL	0	720	513	236	213	42
QUAL	0	721	497	237	193	43
QUAL	0	722	528	260	198	44
QUAL	0	723	498	253	183	33
QUAL	0	724	496	212	218	40
QUAL	0	725	491	234	186	38
QUAL	0	726	486	230	200	37
QUAL	0	727	476	234	179	35
QUAL	0	728	455	221	187	31
QUAL	0	729	467	211	200	38
QUAL	0	730	513	239	199	41
QUAL	0	731	505	233	197	40
QUAL	0	732	477	232	191	38
QUAL	0	733	481	246	179	38
QUAL	0	734	491	229	190	37
QUAL	0	735	503	254	198	25
QUAL	0	736	516	264	185	42
QUAL	0	737	515	235	204	49
QUAL	0	738	494	223	213	39
QUAL	0	739	481	210	201	44
QUAL	0	740	547	273	198	38
QUAL	0	741	494	244	182	49
QUAL	0	742	484	219	204	46
QUAL	0	743	507	249	195	37
QUAL	0	744	468	220	181	35
QUAL	0	745	492	244	189	48
QUAL	0	746	519	236	215	34
QUAL	0	747	486	237	193	39
QUAL	0	748	453	222	174	42
QUAL	0	749	466	232	176	43
QUAL	0	750	475	216	177	35
QUAL	0	751	449	214	179	35
QUAL	0	752	487	229	178	43
QUAL	0	753	481	222	192	39
QUAL	0	754	461	213	185	27
QUAL	0	755	516	248	202	45
QUAL	0	756	463	215	196	41
QUAL	0	757	463	194	194	39
QUAL	0	758	487	224	214	31
QUAL	0	759	506	231	207	43
QUAL	0	760	486	223	198	34
QUAL	0	761	462	217	183	50
QUAL	0	762	438	220	161	38
QUAL	0	763	514	231	216	37
QUAL	0	764	483	232	189	34
QUAL	0	765	506	226	196	45
QUAL	0	766	456	222	171	44
QUAL	0	767	441	199	178	45
QUAL	0	768	476	220	206	35
QUAL	0	769	436	200	178	42
QUAL	0	770	450	225	170	37
QUAL	0	771	452	221	180	41
QUAL	0	772	455	208	192	37
QUAL	0	773	510	247	206	41
QUAL	0	774	432	197	181	38
QUAL	0	775	462	219	187	44
QUAL	0	776	437	186	198	34
QUAL	0	777	470	227	186	29
QUAL	0	778	476	230	176	44
QUAL	0	779	456	210	170	35
QUAL	0	780	508	247	199	36
QUAL	0	781	448	206	175	41
QUAL	0	782	437	192	170	35
QUAL	0	783	475	242	184	28
QUAL	0	784	424	204	172	37
QUAL	0	785	492	227	192	38
QUAL	0	786	474	223	176	32
QUAL	0	787	457	226	171	39
QUAL	0	788	477	220	198	35
QUAL	0	789	461	231	181	41
QUAL	0	790	466	224	195	36
QUAL	0	791	471	215	190	42
QUAL	0	792	440	201	179	36
QUAL	0	793	444	213	179	41
QUAL	0	794	475	223	196	40
QUAL	0	795	448	210	174	44
QUAL	0	796	478	228	194	26
QUAL	0	797	445	209	169	41
QUAL	0	798	442	212	162	47
QUAL	0	799	440	189	180	40
QUAL	0	800	436	203	175	36
QUAL	0	801	442	204	188	35
QUAL	0	802	452	209	193	34
QUAL	0	803	441	212	178	32
QUAL	0	804	439	190	172	39
QUAL	0	805	465	217	190	36
QUAL	0	806	454	211	178	29
QUAL	0	807	456	216	194	28
QUAL	0	808	446	205	177	31
QUAL	0	809	482	214	202	40
QUAL	0	810	409	198	159	32
QUAL	0	811	429	200	175	35
QUAL	0	812	437	207	167	28
QUAL	0	813	438	215	170	39
QUAL	0	814	505	251	201	38
QUAL	0	815	476	222	189	46
QUAL	0	816	453	226	163	33
QUAL	0	817	432	212	171	37
QUAL	0	818	424	203	167	31
QUAL	0	819	436	207	179	29
QUAL	0	820	456	237	160	33
QUAL	0	821	413	184	178	40
QUAL	0	822	480	235	179	28
QUAL	0	823	424	230	153	33
QUAL	0	824	444	204	182	35
QUAL	0	825	396	190	149	36
QUAL	0	826	428	192	169	42
QUAL	0	827	428	193	169	46
QUAL	0	828	437	202	173	24
QUAL	0	829	429	194	179	40
QUAL	0	830	447	190	204	40
QUAL	0	831	441	214	172	29
QUAL	0	832	431	197	166	34
QUAL	0	833	456	221	169	30
QUAL	0	834	457	218	168	37
QUAL	0	835	432	222	158	36
QUAL	0	836	450	202	192	31
QUAL	0	837	411	201	155	30
QUAL	0	838	433	192	176	38
QUAL	0	839	429	210	156	36
QUAL	0	840	412	205	143	35
QUAL	0	841	436	196	181	34
QUAL	0	842	475	232	174	32
QUAL	0	843	454	209	182	34
QUAL	0	844	388	171	157	40
QUAL	0	845	412	202	161	33
QUAL	0	846	409	195	144	39
QUAL	0	847	431	197	181	28
QUAL	0	848	425	218	156	28
QUAL	0	849	430	193	180	31
QUAL	0	850	407	205	153	21
QUAL	0	851	403	183	161	35
QUAL	0	852	408	199	162	26
QUAL	0	853	418	197	159	38
QUAL	0	854	414	200	154	32
QUAL	0	855	423	193	168	34
QUAL	0	856	429	211	171	29
QUAL	0	857	397	199	144	35
QUAL	0	858	397	183	147	41
QUAL	0	859	415	192	172	38
QUAL	0	860	415	197	165	32
QUAL	0	861	421	206	157	31
QUAL	0	862	428	204	173	32
QUAL	0	863	419	208	153	47
QUAL	0	864	410	199	170	18
QUAL	0	865	391	204	130	21
QUAL	0	866	388	174	170	33
QUAL	0	867	401	176	157	43
QUAL	0	868	406	171	171	41
QUAL	0	869	441	203	180	40
QUAL	0	870	392	191	142	32
QUAL	0	871	432	203	177	27
QUAL	0	872	396	188	161	30
QUAL	0	873	400	203	149	45
QUAL	0	874	385	189	153	22
QUAL	0	875	420	203	175	29
QUAL	0	876	385	187	146	44
QUAL	0	877	407	184	176	29
QUAL	0	878	418	206	168	34
QUAL	0	879	408	190	167	31
QUAL	0	880	420	202	169	38
QUAL	0	881	379	191	133	33
QUAL	0	882	391	191	152	32
QUAL	0	883	389	187	156	40
QUAL	0	884	423	203	156	44
QUAL	0	885	430	206	173	34
QUAL	0	886	404	211	140	33
QUAL	0	887	386	168	152	40
QUAL	0	888	431	191	182	36
QUAL	0	889	386	176	150	27
QUAL	0	890	406	196	148	34
QUAL	0	891	398	196	156	27
QUAL	0	892	391	184	157	28
QUAL	0	893	405	187	162	33
QUAL	0	894	376	191	134	24
QUAL	0	895	418	192	169	32
QUAL	0	896	407	192	159	29
QUAL	0	897	399	185	159	29
QUAL	0	898	369	177	143	31
QUAL	0	899	402	171	165	24
QUAL	0	900	354	163	134	29
QUAL	0	901	409	184	157	38
QUAL	0	902	416	180	168	29
QUAL	0	903	415	179	173	25
QUAL	0	904	402	188	156	43
QUAL	0	905	400	172	160	36
QUAL	0	906	398	183	159	32
QUAL	0	907	351	145	149	26
QUAL	0	908	359	187	126	32
QUAL	0	909	376	190	123	31
QUAL	0	910	388	174	165	36
QUAL	0	911	367	152	157	26
QUAL	0	912	398	193	151	30
QUAL	0	913	362	160	151	25
QUAL	0	914	373	177	141	36
QUAL	0	915	390	172	172	38
QUAL	0	916	386	183	146	24
QUAL	0	917	352	171	140	29
QUAL	0	918	381	206	137	29
QUAL	0	919	371	163	150	31
QUAL	0	920	419	177	183	31
QUAL	0	921	371	190	143	23
QUAL	0	922	373	180	154	39
QUAL	0	923	356	156	155	31
QUAL	0	924	372	162	156	28
QUAL	0	925	375	172	155	29
QUAL	0	926	383	173	149	33
QUAL	0	927	372	173	159	26
QUAL	0	928	415	187	158	30
QUAL	0	929	355	168	147	30
QUAL	0	930	330	156	117	38
QUAL	0	931	336	162	129	27
QUAL	0	932	340	162	148	17
QUAL	0	933	369	174	133	30
QUAL	0	934	394	169	155	29
QUAL	0	935	364	168	140	33
QUAL	0	936	334	148	136	20
QUAL	0	937	371	170	144	35
QUAL	0	938	335	159	135	27
QUAL	0	939	362	151	143	31
QUAL	0	940	358	176	137	37
QUAL	0	941	344	166	117	38
QUAL	0	942	382	181	156	29
QUAL	0	943	391	172	166	38
QUAL	0	944	386	177	169	24
QUAL	0	945	388	197	144	28
QUAL	0	946	368	161	151	41
QUAL	0	947	378	184	140	34
QUAL	0	948	351	163	151	32
QUAL	0	949	348	176	127	30
QUAL	0	950	333	157	127	32
QUAL	0	951	378	182	155	33
QUAL	0	952	390	194	153	27
QUAL	0	953	355	172	148	20
QUAL	0	954	354	156	149	32
QUAL	0	955	354	180	137	29
QUAL	0	956	333	162	123	22
QUAL	0	957	398	196	150	32
QUAL	0	958	350	158	137	32
QUAL	0	959	382	202	142	30
QUAL	0	960	361	180	130	31
QUAL	0	961	355	168	138	24
QUAL	0	962	376	171	148	23
QUAL	0	963	386	165	162	32
QUAL	0	964	343	148	145	22
QUAL	0	965	359	166	144	29
QUAL	0	966	372	190	144	27
QUAL	0	967	341	157	141	27
QUAL	0	968	345	156	143	31
QUAL	0	969	348	175	122	30
QUAL	0	970	391	199	142	30
QUAL	0	971	341	164	129	24
QUAL	0	972	323	155	112	30
QUAL	0	973	359	173	126	36
QUAL	0	974	357	170	146	25
QUAL	0	975	339	156	136	21
QUAL	0	976	399	186	167	31
QUAL	0	977	378	173	139	30
QUAL	0	978	349	165	134	34
QUAL	0	979	344	152	141	22
QUAL	0	980	344	160	136	32
QUAL	0	981	317	161	118	33
QUAL	0	982	357	188	123	33
QUAL	0	983	380	198	129	23
QUAL	0	984	386	185	144	40
QUAL	0	985	349	142	148	33
QUAL	0	986	330	151	141	31
QUAL	0	987	339	170	113	24
QUAL	0	988	340	163	125	31
QUAL	0	989	357	163	138	27
QUAL	0	990	339	157	128	35
QUAL	0	991	386	187	147	34
QUAL	0	992	353	140	160	33
QUAL	0	993	322	140	133	32
QUAL	0	994	321	155	124	25
QUAL	0	995	326	169	114	32
QUAL	0	996	334	148	140	31
QUAL	0	997	341	151	136	30
QUAL	0	998	597068	267945	223909	52690
