# DP, Depth distribution
# DP	[2]id	[3]bin	[4]number of genotypes	[5]fraction of genotypes (%)	[6]number of sites	[7]fraction of sites (%)
DP	0	1	1213121	6.761222	0	0.000000
DP	0	2	1123817	6.263494	7719	0.274141
DP	0	3	905827	5.048546	15188	0.539403
DP	0	4	775941	4.324638	20370	0.723443
DP	0	5	683847	3.811361	23311	0.827892
DP	0	6	612109	3.411535	24493	0.869871
DP	0	7	553187	3.083139	24303	0.863123
DP	0	8	502322	2.799647	23637	0.839470
DP	0	9	460001	2.563775	22361	0.794153
DP	0	10	423341	2.359453	21741	0.772134
DP	0	11	390669	2.177359	21040	0.747238
DP	0	12	364676	2.032489	20356	0.722945
DP	0	13	339325	1.891198	19566	0.694888
DP	0	14	317265	1.768248	19733	0.700819
DP	0	15	297826	1.659907	19170	0.680824
DP	0	16	279381	1.557105	18788	0.667258
DP	0	17	262794	1.464659	18404	0.653620
DP	0	18	248397	1.384419	17955	0.637674
DP	0	19	234691	1.308029	18027	0.640231
DP	0	20	222336	1.239170	18083	0.642219
DP	0	21	210230	1.171698	17686	0.628120
DP	0	22	200695	1.118556	17258	0.612920
DP	0	23	190550	1.062014	17294	0.614198
DP	0	24	182414	1.016668	16886	0.599708
DP	0	25	173672	0.967945	16853	0.598536
DP	0	26	165639	0.923174	16434	0.583655
DP	0	27	159012	0.886239	16604	0.589693
DP	0	28	152273	0.848680	16156	0.573782
DP	0	29	145582	0.811388	15895	0.564512
DP	0	30	140481	0.782958	15817	0.561742
DP	0	31	133620	0.744719	15781	0.560464
DP	0	32	129756	0.723184	15536	0.551763
DP	0	33	124332	0.692953	15448	0.548637
DP	0	34	120444	0.671284	15165	0.538586
DP	0	35	115440	0.643395	15069	0.535177
DP	0	36	111862	0.623453	14858	0.527683
DP	0	37	107877	0.601243	14888	0.528749
DP	0	38	104098	0.580181	14471	0.513939
DP	0	39	100704	0.561265	14195	0.504137
DP	0	40	97133	0.541362	14019	0.497886
DP	0	41	90459	0.504165	13880	0.492950
DP	0	42	87409	0.487166	13778	0.489327
DP	0	43	85298	0.475401	13452	0.477749
DP	0	44	81915	0.456546	13546	0.481088
DP	0	45	79202	0.441425	13186	0.468302
DP	0	46	76730	0.427648	13068	0.464111
DP	0	47	74244	0.413792	12912	0.458571
DP	0	48	72067	0.401659	12832	0.455730
DP	0	49	70305	0.391839	12789	0.454203
DP	0	50	68534	0.381968	12351	0.438647
DP	0	51	66456	0.370387	12337	0.438150
DP	0	52	64027	0.356849	12163	0.431970
DP	0	53	62728	0.349609	12110	0.430088
DP	0	54	60737	0.338512	12039	0.427566
DP	0	55	58807	0.327756	11780	0.418368
DP	0	56	57408	0.319958	11723	0.416343
DP	0	57	55617	0.309976	11421	0.405618
DP	0	58	54448	0.303461	11289	0.400930
DP	0	59	52984	0.295302	11423	0.405689
DP	0	60	51356	0.286228	11489	0.408033
DP	0	61	49945	0.278364	10998	0.390595
DP	0	62	48630	0.271035	11021	0.391412
DP	0	63	47219	0.263171	10988	0.390240
DP	0	64	46017	0.256472	10788	0.383137
DP	0	65	45059	0.251132	10639	0.377845
DP	0	66	44511	0.248078	10450	0.371133
DP	0	67	42752	0.238274	10458	0.371417
DP	0	68	42056	0.234395	10489	0.372518
DP	0	69	40764	0.227195	10064	0.357424
DP	0	70	40342	0.224843	10221	0.363000
DP	0	71	39096	0.217898	10013	0.355613
DP	0	72	38428	0.214175	9691	0.344177
DP	0	73	37196	0.207309	9924	0.352452
DP	0	74	36668	0.204366	9598	0.340874
DP	0	75	35539	0.198073	9744	0.346059
DP	0	76	35201	0.196190	9474	0.336470
DP	0	77	34023	0.189624	9551	0.339205
DP	0	78	33557	0.187027	9456	0.335831
DP	0	79	32761	0.182591	9417	0.334446
DP	0	80	32148	0.179174	9159	0.325283
DP	0	81	31460	0.175340	8943	0.317612
DP	0	82	30836	0.171862	8999	0.319600
DP	0	83	30336	0.169075	8929	0.317114
DP	0	84	29574	0.164828	8772	0.311538
DP	0	85	28781	0.160408	8874	0.315161
DP	0	86	28597	0.159383	8745	0.310580
DP	0	87	27866	0.155309	8651	0.307241
DP	0	88	27407	0.152750	8546	0.303512
DP	0	89	26977	0.150354	8470	0.300813
DP	0	90	26432	0.147316	8244	0.292786
DP	0	91	26339	0.146798	8347	0.296445
DP	0	92	25336	0.141208	8127	0.288631
DP	0	93	25056	0.139647	8017	0.284725
DP	0	94	24673	0.137513	8015	0.284654
DP	0	95	24279	0.135317	7906	0.280782
DP	0	96	23648	0.131800	7986	0.283624
DP	0	97	22919	0.127737	7983	0.283517
DP	0	98	22875	0.127492	7873	0.279610
DP	0	99	22313	0.124360	7748	0.275171
DP	0	100	22088	0.123106	7765	0.275775
DP	0	101	21834	0.121690	7604	0.270057
DP	0	102	20966	0.116852	7489	0.265973
DP	0	103	20764	0.115726	7414	0.263309
DP	0	104	20831	0.116100	7301	0.259296
DP	0	105	20422	0.113820	7330	0.260326
DP	0	106	20102	0.112037	7386	0.262315
DP	0	107	19661	0.109579	7375	0.261924
DP	0	108	19226	0.107154	7180	0.254998
DP	0	109	19105	0.106480	7142	0.253649
DP	0	110	18750	0.104501	7084	0.251589
DP	0	111	18614	0.103743	6845	0.243101
DP	0	112	18295	0.101966	6884	0.244486
DP	0	113	17821	0.099324	6771	0.240473
DP	0	114	17633	0.098276	6586	0.233902
DP	0	115	17549	0.097808	6807	0.241751
DP	0	116	17151	0.095590	6771	0.240473
DP	0	117	16858	0.093957	6569	0.233299
DP	0	118	16587	0.092446	6584	0.233831
DP	0	119	16159	0.090061	6507	0.231097
DP	0	120	15964	0.088974	6579	0.233654
DP	0	121	15833	0.088244	6373	0.226338
DP	0	122	15516	0.086477	6377	0.226480
DP	0	123	15181	0.084610	6202	0.220265
DP	0	124	15011	0.083662	6024	0.213943
DP	0	125	14914	0.083122	6134	0.217850
DP	0	126	14624	0.081506	6183	0.219590
DP	0	127	14474	0.080670	6080	0.215932
DP	0	128	14437	0.080463	5963	0.211777
DP	0	129	13851	0.077197	5922	0.210320
DP	0	130	13868	0.077292	5866	0.208332
DP	0	131	13749	0.076629	5950	0.211315
DP	0	132	13515	0.075325	5877	0.208722
DP	0	133	13490	0.075185	5557	0.197357
DP	0	134	12996	0.072432	5831	0.207089
DP	0	135	13076	0.072878	5604	0.199027
DP	0	136	12827	0.071490	5601	0.198920
DP	0	137	12627	0.070375	5610	0.199240
DP	0	138	12441	0.069339	5619	0.199559
DP	0	139	12232	0.068174	5596	0.198742
DP	0	140	12252	0.068285	5351	0.190041
DP	0	141	12112	0.067505	5437	0.193096
DP	0	142	11804	0.065789	5361	0.190396
DP	0	143	11732	0.065387	5237	0.185993
DP	0	144	11624	0.064785	5321	0.188976
DP	0	145	11267	0.062796	5157	0.183151
DP	0	146	11090	0.061809	5187	0.184217
DP	0	147	11066	0.061675	5104	0.181269
DP	0	148	11067	0.061681	5107	0.181376
DP	0	149	10788	0.060126	5010	0.177931
DP	0	150	10733	0.059819	4963	0.176261
DP	0	151	10500	0.058521	4999	0.177540
DP	0	152	10578	0.058956	4862	0.172674
DP	0	153	10300	0.057406	4883	0.173420
DP	0	154	10165	0.056654	4973	0.176617
DP	0	155	10069	0.056119	4854	0.172390
DP	0	156	9897	0.055160	4751	0.168732
DP	0	157	9843	0.054859	4743	0.168448
DP	0	158	9582	0.053404	4615	0.163902
DP	0	159	9562	0.053293	4728	0.167915
DP	0	160	9274	0.051688	4629	0.164399
DP	0	161	9167	0.051091	4617	0.163973
DP	0	162	9186	0.051197	4715	0.167454
DP	0	163	9216	0.051365	4438	0.157616
DP	0	164	8813	0.049118	4465	0.158575
DP	0	165	8902	0.049615	4457	0.158291
DP	0	166	8865	0.049408	4406	0.156480
DP	0	167	8700	0.048489	4524	0.160670
DP	0	168	8474	0.047229	4384	0.155698
DP	0	169	8377	0.046688	4331	0.153816
DP	0	170	8459	0.047145	4261	0.151330
DP	0	171	7990	0.044532	4257	0.151188
DP	0	172	7999	0.044582	4139	0.146997
DP	0	173	8000	0.044587	4432	0.157403
DP	0	174	7972	0.044431	4148	0.147317
DP	0	175	7838	0.043684	4182	0.148524
DP	0	176	7932	0.044208	4182	0.148524
DP	0	177	7646	0.042614	4094	0.145399
DP	0	178	7807	0.043512	4065	0.144369
DP	0	179	7498	0.041789	3997	0.141954
DP	0	180	7488	0.041734	4164	0.147885
DP	0	181	7448	0.041511	4059	0.144156
DP	0	182	7308	0.040730	4128	0.146606
DP	0	183	7284	0.040597	3978	0.141279
DP	0	184	7252	0.040418	4061	0.144227
DP	0	185	6979	0.038897	4012	0.142487
DP	0	186	7024	0.039148	3944	0.140072
DP	0	187	7044	0.039259	3872	0.137514
DP	0	188	6832	0.038078	3798	0.134886
DP	0	189	6815	0.037983	3829	0.135987
DP	0	190	6656	0.037097	3832	0.136094
DP	0	191	6762	0.037687	3817	0.135561
DP	0	192	6688	0.037275	3740	0.132826
DP	0	193	6503	0.036244	3766	0.133750
DP	0	194	6414	0.035748	3717	0.132010
DP	0	195	6230	0.034722	3655	0.129808
DP	0	196	6231	0.034728	3636	0.129133
DP	0	197	6294	0.035079	3633	0.129026
DP	0	198	6204	0.034577	3617	0.128458
DP	0	199	6035	0.033636	3615	0.128387
DP	0	200	6061	0.033780	3640	0.129275
DP	0	201	5997	0.033424	3483	0.123699
DP	0	202	6015	0.033524	3573	0.126895
DP	0	203	5856	0.032638	3629	0.128884
DP	0	204	5815	0.032409	3580	0.127144
DP	0	205	5639	0.031428	3484	0.123735
DP	0	206	5765	0.032131	3450	0.122527
DP	0	207	5684	0.031679	3419	0.121426
DP	0	208	5529	0.030815	3489	0.123912
DP	0	209	5576	0.031077	3385	0.120219
DP	0	210	5523	0.030782	3413	0.121213
DP	0	211	5482	0.030553	3362	0.119402
DP	0	212	5380	0.029985	3308	0.117484
DP	0	213	5370	0.029929	3326	0.118123
DP	0	214	5314	0.029617	3316	0.117768
DP	0	215	5231	0.029155	3442	0.122243
DP	0	216	5282	0.029439	3339	0.118585
DP	0	217	5123	0.028553	3233	0.114820
DP	0	218	5147	0.028686	3264	0.115921
DP	0	219	5088	0.028358	3260	0.115779
DP	0	220	4937	0.027516	3162	0.112299
DP	0	221	4966	0.027678	3220	0.114359
DP	0	222	4849	0.027025	3206	0.113861
DP	0	223	5103	0.028441	3186	0.113151
DP	0	224	4755	0.026502	3121	0.110843
DP	0	225	4930	0.027477	3155	0.112050
DP	0	226	4675	0.026056	3128	0.111091
DP	0	227	4745	0.026446	3048	0.108250
DP	0	228	4656	0.025950	3094	0.109884
DP	0	229	4700	0.026195	3011	0.106936
DP	0	230	4572	0.025482	2979	0.105799
DP	0	231	4480	0.024969	2935	0.104237
DP	0	232	4466	0.024891	2940	0.104414
DP	0	233	4458	0.024846	2912	0.103420
DP	0	234	4408	0.024568	2910	0.103349
DP	0	235	4380	0.024412	2807	0.099691
DP	0	236	4381	0.024417	2932	0.104130
DP	0	237	4363	0.024317	2862	0.101644
DP	0	238	4253	0.023704	2974	0.105622
DP	0	239	4264	0.023765	2842	0.100934
DP	0	240	4234	0.023598	2837	0.100756
DP	0	241	4174	0.023263	2809	0.099762
DP	0	242	4114	0.022929	2694	0.095678
DP	0	243	3974	0.022149	2778	0.098661
DP	0	244	4236	0.023609	2874	0.102070
DP	0	245	3947	0.021998	2756	0.097880
DP	0	246	4072	0.022695	2693	0.095642
DP	0	247	3971	0.022132	2701	0.095926
DP	0	248	3877	0.021608	2692	0.095607
DP	0	249	3761	0.020962	2656	0.094328
DP	0	250	3795	0.021151	2774	0.098519
DP	0	251	3697	0.020605	2662	0.094541
DP	0	252	3834	0.021368	2608	0.092623
DP	0	253	3805	0.021207	2633	0.093511
DP	0	254	3828	0.021335	2567	0.091167
DP	0	255	3730	0.020789	2600	0.092339
DP	0	256	3685	0.020538	2641	0.093795
DP	0	257	3602	0.020075	2569	0.091238
DP	0	258	3704	0.020644	2583	0.091735
DP	0	259	3421	0.019067	2628	0.093334
DP	0	260	3468	0.019329	2591	0.092020
DP	0	261	3570	0.019897	2589	0.091949
DP	0	262	3601	0.020070	2550	0.090563
DP	0	263	3397	0.018933	2451	0.087048
DP	0	264	3399	0.018944	2529	0.089818
DP	0	265	3428	0.019106	2520	0.089498
DP	0	266	3446	0.019206	2428	0.086231
DP	0	267	3358	0.018716	2439	0.086621
DP	0	268	3308	0.018437	2521	0.089534
DP	0	269	3356	0.018704	2400	0.085236
DP	0	270	3295	0.018364	2367	0.084064
DP	0	271	3257	0.018153	2317	0.082288
DP	0	272	3249	0.018108	2397	0.085130
DP	0	273	3304	0.018415	2390	0.084881
DP	0	274	3183	0.017740	2347	0.083354
DP	0	275	3127	0.017428	2348	0.083389
DP	0	276	3153	0.017573	2326	0.082608
DP	0	277	3185	0.017751	2312	0.082111
DP	0	278	3156	0.017590	2243	0.079660
DP	0	279	3143	0.017517	2299	0.081649
DP	0	280	3094	0.017244	2252	0.079980
DP	0	281	2947	0.016425	2325	0.082573
DP	0	282	3000	0.016720	2229	0.079163
DP	0	283	2906	0.016196	2254	0.080051
DP	0	284	2923	0.016291	2287	0.081223
DP	0	285	3014	0.016798	2255	0.080087
DP	0	286	2777	0.015477	2230	0.079199
DP	0	287	2882	0.016063	2185	0.077600
DP	0	288	2913	0.016235	2304	0.081827
DP	0	289	2808	0.015650	2147	0.076251
DP	0	290	2876	0.016029	2230	0.079199
DP	0	291	2824	0.015739	2219	0.078808
DP	0	292	2825	0.015745	2268	0.080548
DP	0	293	2711	0.015110	2162	0.076784
DP	0	294	2728	0.015204	2116	0.075150
DP	0	295	2811	0.015667	2126	0.075505
DP	0	296	2702	0.015059	2163	0.076819
DP	0	297	2649	0.014764	2172	0.077139
DP	0	298	2609	0.014541	2118	0.075221
DP	0	299	2673	0.014898	2027	0.071989
DP	0	300	2616	0.014580	2036	0.072309
DP	0	301	2657	0.014809	2004	0.071172
DP	0	302	2700	0.015048	2042	0.072522
DP	0	303	2501	0.013939	2106	0.074795
DP	0	304	2475	0.013794	2064	0.073303
DP	0	305	2518	0.014034	2078	0.073800
DP	0	306	2500	0.013934	2001	0.071066
DP	0	307	2551	0.014218	2035	0.072273
DP	0	308	2511	0.013995	1997	0.070924
DP	0	309	2508	0.013978	1953	0.069361
DP	0	310	2464	0.013733	1976	0.070178
DP	0	311	2450	0.013655	2003	0.071137
DP	0	312	2408	0.013421	1946	0.069112
DP	0	313	2458	0.013699	1924	0.068331
DP	0	314	2414	0.013454	1989	0.070640
DP	0	315	2436	0.013577	1998	0.070959
DP	0	316	2374	0.013231	1924	0.068331
DP	0	317	2311	0.012880	1869	0.066378
DP	0	318	2320	0.012930	1884	0.066910
DP	0	319	2425	0.013516	1816	0.064495
DP	0	320	2255	0.012568	1827	0.064886
DP	0	321	2237	0.012468	1805	0.064105
DP	0	322	2268	0.012640	1835	0.065170
DP	0	323	2298	0.012808	1852	0.065774
DP	0	324	2314	0.012897	1838	0.065277
DP	0	325	2302	0.012830	1830	0.064993
DP	0	326	2243	0.012501	1916	0.068047
DP	0	327	2243	0.012501	1818	0.064566
DP	0	328	2217	0.012356	1763	0.062613
DP	0	329	2121	0.011821	1770	0.062862
DP	0	330	2219	0.012367	1813	0.064389
DP	0	331	2176	0.012128	1771	0.062897
DP	0	332	2135	0.011899	1778	0.063146
DP	0	333	2049	0.011420	1797	0.063821
DP	0	334	2103	0.011721	1719	0.061050
DP	0	335	2009	0.011197	1705	0.060553
DP	0	336	2090	0.011648	1702	0.060447
DP	0	337	2003	0.011164	1690	0.060021
DP	0	338	2072	0.011548	1718	0.061015
DP	0	339	1951	0.010874	1695	0.060198
DP	0	340	1998	0.011136	1689	0.059985
DP	0	341	1977	0.011019	1628	0.057819
DP	0	342	2005	0.011175	1638	0.058174
DP	0	343	1928	0.010746	1655	0.058777
DP	0	344	1868	0.010411	1646	0.058458
DP	0	345	1978	0.011024	1629	0.057854
DP	0	346	2022	0.011269	1560	0.055404
DP	0	347	1998	0.011136	1588	0.056398
DP	0	348	1945	0.010840	1593	0.056576
DP	0	349	1916	0.010679	1585	0.056291
DP	0	350	1883	0.010495	1610	0.057179
DP	0	351	1845	0.010283	1615	0.057357
DP	0	352	1901	0.010595	1612	0.057250
DP	0	353	1841	0.010261	1617	0.057428
DP	0	354	1827	0.010183	1632	0.057961
DP	0	355	1803	0.010049	1616	0.057392
DP	0	356	1767	0.009848	1519	0.053947
DP	0	357	1837	0.010238	1507	0.053521
DP	0	358	1762	0.009820	1556	0.055261
DP	0	359	1772	0.009876	1469	0.052172
DP	0	360	1835	0.010227	1541	0.054729
DP	0	361	1792	0.009988	1531	0.054374
DP	0	362	1764	0.009831	1491	0.052953
DP	0	363	1837	0.010238	1564	0.055546
DP	0	364	1703	0.009492	1539	0.054658
DP	0	365	1668	0.009296	1489	0.052882
DP	0	366	1673	0.009324	1528	0.054267
DP	0	367	1622	0.009040	1488	0.052846
DP	0	368	1704	0.009497	1516	0.053841
DP	0	369	1781	0.009926	1455	0.051674
DP	0	370	1677	0.009347	1495	0.053095
DP	0	371	1640	0.009140	1470	0.052207
DP	0	372	1619	0.009023	1431	0.050822
DP	0	373	1623	0.009046	1457	0.051745
DP	0	374	1627	0.009068	1480	0.052562
DP	0	375	1603	0.008934	1367	0.048549
DP	0	376	1684	0.009386	1363	0.048407
DP	0	377	1600	0.008917	1393	0.049473
DP	0	378	1644	0.009163	1357	0.048194
DP	0	379	1518	0.008460	1394	0.049508
DP	0	380	1635	0.009113	1451	0.051532
DP	0	381	1572	0.008761	1383	0.049117
DP	0	382	1531	0.008533	1382	0.049082
DP	0	383	1572	0.008761	1399	0.049686
DP	0	384	1525	0.008499	1356	0.048158
DP	0	385	1502	0.008371	1414	0.050218
DP	0	386	1591	0.008867	1294	0.045957
DP	0	387	1568	0.008739	1354	0.048087
DP	0	388	1489	0.008299	1374	0.048798
DP	0	389	1468	0.008182	1335	0.047413
DP	0	390	1516	0.008449	1264	0.044891
DP	0	391	1499	0.008355	1379	0.048975
DP	0	392	1418	0.007903	1302	0.046241
DP	0	393	1487	0.008288	1347	0.047839
DP	0	394	1518	0.008460	1314	0.046667
DP	0	395	1386	0.007725	1300	0.046170
DP	0	396	1397	0.007786	1324	0.047022
DP	0	397	1460	0.008137	1272	0.045175
DP	0	398	1461	0.008143	1272	0.045175
DP	0	399	1445	0.008054	1250	0.044394
DP	0	400	1399	0.007797	1293	0.045921
DP	0	401	1443	0.008042	1330	0.047235
DP	0	402	1385	0.007719	1191	0.042298
DP	0	403	1420	0.007914	1264	0.044891
DP	0	404	1419	0.007909	1288	0.045743
DP	0	405	1322	0.007368	1228	0.043613
DP	0	406	1372	0.007647	1271	0.045140
DP	0	407	1384	0.007714	1195	0.042441
DP	0	408	1351	0.007530	1290	0.045814
DP	0	409	1370	0.007636	1247	0.044287
DP	0	410	1329	0.007407	1235	0.043861
DP	0	411	1331	0.007418	1200	0.042618
DP	0	412	1344	0.007491	1198	0.042547
DP	0	413	1367	0.007619	1189	0.042227
DP	0	414	1356	0.007558	1245	0.044216
DP	0	415	1255	0.006995	1158	0.041126
DP	0	416	1340	0.007468	1161	0.041233
DP	0	417	1254	0.006989	1174	0.041695
DP	0	418	1288	0.007179	1179	0.041872
DP	0	419	1306	0.007279	1189	0.042227
DP	0	420	1286	0.007167	1201	0.042654
DP	0	421	1355	0.007552	1189	0.042227
DP	0	422	1316	0.007335	1166	0.041411
DP	0	423	1243	0.006928	1123	0.039883
DP	0	424	1298	0.007234	1147	0.040736
DP	0	425	1219	0.006794	1146	0.040700
DP	0	426	1207	0.006727	1132	0.040203
DP	0	427	1275	0.007106	1155	0.041020
DP	0	428	1165	0.006493	1124	0.039919
DP	0	429	1236	0.006889	1127	0.040026
DP	0	430	1199	0.006683	1090	0.038711
DP	0	431	1132	0.006309	1130	0.040132
DP	0	432	1205	0.006716	1155	0.041020
DP	0	433	1228	0.006844	1142	0.040558
DP	0	434	1202	0.006699	1126	0.039990
DP	0	435	1169	0.006515	1128	0.040061
DP	0	436	1199	0.006683	1073	0.038108
DP	0	437	1173	0.006538	1130	0.040132
DP	0	438	1168	0.006510	1095	0.038889
DP	0	439	1133	0.006315	1132	0.040203
DP	0	440	1141	0.006359	1107	0.039315
DP	0	441	1132	0.006309	1083	0.038463
DP	0	442	1099	0.006125	1123	0.039883
DP	0	443	1089	0.006069	1077	0.038250
DP	0	444	1158	0.006454	1130	0.040132
DP	0	445	1059	0.005902	1085	0.038534
DP	0	446	1103	0.006147	1149	0.040807
DP	0	447	1084	0.006042	1112	0.039493
DP	0	448	1051	0.005858	1093	0.038818
DP	0	449	1075	0.005991	1092	0.038782
DP	0	450	1090	0.006075	1043	0.037042
DP	0	451	1042	0.005807	1065	0.037824
DP	0	452	1111	0.006192	1060	0.037646
DP	0	453	1028	0.005729	1002	0.035586
DP	0	454	1053	0.005869	1011	0.035906
DP	0	455	1022	0.005696	1053	0.037397
DP	0	456	1051	0.005858	1100	0.039067
DP	0	457	1058	0.005897	1023	0.036332
DP	0	458	984	0.005484	1009	0.035835
DP	0	459	1030	0.005741	1009	0.035835
DP	0	460	950	0.005295	1056	0.037504
DP	0	461	971	0.005412	1033	0.036687
DP	0	462	1021	0.005690	1016	0.036083
DP	0	463	1012	0.005640	1028	0.036510
DP	0	464	1010	0.005629	991	0.035195
DP	0	465	993	0.005534	1005	0.035693
DP	0	466	1011	0.005635	1009	0.035835
DP	0	467	977	0.005445	956	0.033952
DP	0	468	982	0.005473	980	0.034805
DP	0	469	1015	0.005657	973	0.034556
DP	0	470	1002	0.005585	959	0.034059
DP	0	471	971	0.005412	1001	0.035551
DP	0	472	889	0.004955	963	0.034201
DP	0	473	967	0.005389	967	0.034343
DP	0	474	1029	0.005735	977	0.034698
DP	0	475	942	0.005250	934	0.033171
DP	0	476	948	0.005284	973	0.034556
DP	0	477	998	0.005562	953	0.033846
DP	0	478	957	0.005334	930	0.033029
DP	0	479	1003	0.005590	940	0.033384
DP	0	480	898	0.005005	1005	0.035693
DP	0	481	918	0.005116	921	0.032709
DP	0	482	916	0.005105	968	0.034379
DP	0	483	908	0.005061	928	0.032958
DP	0	484	890	0.004960	941	0.033420
DP	0	485	866	0.004827	936	0.033242
DP	0	486	877	0.004888	893	0.031715
DP	0	487	919	0.005122	991	0.035195
DP	0	488	906	0.005050	905	0.032141
DP	0	489	878	0.004893	954	0.033881
DP	0	490	921	0.005133	901	0.031999
DP	0	491	884	0.004927	857	0.030436
DP	0	492	865	0.004821	894	0.031750
DP	0	493	901	0.005022	890	0.031608
DP	0	494	842	0.004693	908	0.032248
DP	0	495	831	0.004632	846	0.030046
DP	0	496	919	0.005122	854	0.030330
DP	0	497	843	0.004698	931	0.033065
DP	0	498	781	0.004353	925	0.032851
DP	0	499	866	0.004827	892	0.031679
DP	0	500	864	0.004815	904	0.032106
DP	0	501	858	0.004782	916	0.032532
DP	0	502	835	0.004654	923	0.032780
DP	0	503	823	0.004587	905	0.032141
DP	0	504	873	0.004866	903	0.032070
DP	0	505	851	0.004743	878	0.031182
DP	0	506	770	0.004292	916	0.032532
DP	0	507	844	0.004704	869	0.030863
DP	0	508	801	0.004464	865	0.030721
DP	0	509	777	0.004331	909	0.032283
DP	0	510	799	0.004453	837	0.029726
DP	0	511	779	0.004342	821	0.029158
DP	0	512	795	0.004431	771	0.027382
DP	0	513	749	0.004174	821	0.029158
DP	0	514	797	0.004442	858	0.030472
DP	0	515	827	0.004609	857	0.030436
DP	0	516	730	0.004069	882	0.031324
DP	0	517	784	0.004370	806	0.028625
DP	0	518	776	0.004325	804	0.028554
DP	0	519	767	0.004275	848	0.030117
DP	0	520	825	0.004598	746	0.026494
DP	0	521	769	0.004286	865	0.030721
DP	0	522	780	0.004347	802	0.028483
DP	0	523	782	0.004358	849	0.030152
DP	0	524	811	0.004520	893	0.031715
DP	0	525	786	0.004381	819	0.029087
DP	0	526	777	0.004331	792	0.028128
DP	0	527	789	0.004397	841	0.029868
DP	0	528	735	0.004096	792	0.028128
DP	0	529	753	0.004197	806	0.028625
DP	0	530	675	0.003762	770	0.027347
DP	0	531	753	0.004197	785	0.027879
DP	0	532	723	0.004030	822	0.029193
DP	0	533	752	0.004191	785	0.027879
DP	0	534	690	0.003846	739	0.026246
DP	0	535	736	0.004102	799	0.028377
DP	0	536	708	0.003946	750	0.026636
DP	0	537	688	0.003835	800	0.028412
DP	0	538	732	0.004080	775	0.027524
DP	0	539	706	0.003935	800	0.028412
DP	0	540	710	0.003957	789	0.028021
DP	0	541	696	0.003879	771	0.027382
DP	0	542	748	0.004169	754	0.026778
DP	0	543	719	0.004007	785	0.027879
DP	0	544	705	0.003929	760	0.026991
DP	0	545	717	0.003996	770	0.027347
DP	0	546	731	0.004074	780	0.027702
DP	0	547	726	0.004046	783	0.027808
DP	0	548	667	0.003717	699	0.024825
DP	0	549	683	0.003807	736	0.026139
DP	0	550	664	0.003701	792	0.028128
DP	0	551	718	0.004002	741	0.026317
DP	0	552	718	0.004002	778	0.027631
DP	0	553	676	0.003768	725	0.025748
DP	0	554	673	0.003751	742	0.026352
DP	0	555	693	0.003862	731	0.025962
DP	0	556	688	0.003835	698	0.024790
DP	0	557	666	0.003712	744	0.026423
DP	0	558	679	0.003784	719	0.025535
DP	0	559	664	0.003701	730	0.025926
DP	0	560	662	0.003690	733	0.026033
DP	0	561	658	0.003667	700	0.024861
DP	0	562	573	0.003194	686	0.024363
DP	0	563	629	0.003506	729	0.025891
DP	0	564	614	0.003422	684	0.024292
DP	0	565	625	0.003483	688	0.024434
DP	0	566	671	0.003740	680	0.024150
DP	0	567	614	0.003422	736	0.026139
DP	0	568	670	0.003734	748	0.026565
DP	0	569	615	0.003428	638	0.022659
DP	0	570	630	0.003511	706	0.025074
DP	0	571	660	0.003678	646	0.022943
DP	0	572	616	0.003433	705	0.025038
DP	0	573	592	0.003299	639	0.022694
DP	0	574	612	0.003411	683	0.024257
DP	0	575	630	0.003511	708	0.025145
DP	0	576	576	0.003210	701	0.024896
DP	0	577	622	0.003467	705	0.025038
DP	0	578	557	0.003104	682	0.024221
DP	0	579	601	0.003350	697	0.024754
DP	0	580	590	0.003288	708	0.025145
DP	0	581	547	0.003049	701	0.024896
DP	0	582	582	0.003244	623	0.022126
DP	0	583	569	0.003171	716	0.025429
DP	0	584	568	0.003166	713	0.025322
DP	0	585	546	0.003043	704	0.025003
DP	0	586	585	0.003260	643	0.022836
DP	0	587	548	0.003054	663	0.023547
DP	0	588	572	0.003188	660	0.023440
DP	0	589	572	0.003188	668	0.023724
DP	0	590	584	0.003255	668	0.023724
DP	0	591	572	0.003188	661	0.023475
DP	0	592	553	0.003082	673	0.023902
DP	0	593	562	0.003132	671	0.023831
DP	0	594	563	0.003138	676	0.024008
DP	0	595	569	0.003171	690	0.024505
DP	0	596	542	0.003021	614	0.021806
DP	0	597	555	0.003093	630	0.022375
DP	0	598	543	0.003026	639	0.022694
DP	0	599	590	0.003288	658	0.023369
DP	0	600	555	0.003093	621	0.022055
DP	0	601	524	0.002920	627	0.022268
DP	0	602	555	0.003093	620	0.022019
DP	0	603	544	0.003032	624	0.022161
DP	0	604	543	0.003026	570	0.020244
DP	0	605	549	0.003060	639	0.022694
DP	0	606	503	0.002803	622	0.022090
DP	0	607	526	0.002932	606	0.021522
DP	0	608	540	0.003010	643	0.022836
DP	0	609	509	0.002837	614	0.021806
DP	0	610	541	0.003015	553	0.019640
DP	0	611	550	0.003065	640	0.022730
DP	0	612	556	0.003099	638	0.022659
DP	0	613	530	0.002954	592	0.021025
DP	0	614	522	0.002909	632	0.022446
DP	0	615	534	0.002976	651	0.023120
DP	0	616	540	0.003010	631	0.022410
DP	0	617	453	0.002525	638	0.022659
DP	0	618	528	0.002943	611	0.021700
DP	0	619	511	0.002848	619	0.021984
DP	0	620	477	0.002659	604	0.021451
DP	0	621	537	0.002993	613	0.021771
DP	0	622	531	0.002959	642	0.022801
DP	0	623	481	0.002681	606	0.021522
DP	0	624	477	0.002659	595	0.021131
DP	0	625	510	0.002842	597	0.021203
DP	0	626	493	0.002748	617	0.021913
DP	0	627	471	0.002625	565	0.020066
DP	0	628	457	0.002547	614	0.021806
DP	0	629	508	0.002831	622	0.022090
DP	0	630	480	0.002675	634	0.022517
DP	0	631	432	0.002408	614	0.021806
DP	0	632	495	0.002759	564	0.020031
DP	0	633	508	0.002831	599	0.021274
DP	0	634	501	0.002792	631	0.022410
DP	0	635	468	0.002608	545	0.019356
DP	0	636	514	0.002865	574	0.020386
DP	0	637	490	0.002731	539	0.019143
DP	0	638	507	0.002826	583	0.020705
DP	0	639	475	0.002647	586	0.020812
DP	0	640	462	0.002575	562	0.019959
DP	0	641	453	0.002525	536	0.019036
DP	0	642	501	0.002792	583	0.020705
DP	0	643	475	0.002647	571	0.020279
DP	0	644	461	0.002569	573	0.020350
DP	0	645	500	0.002787	620	0.022019
DP	0	646	456	0.002541	551	0.019569
DP	0	647	466	0.002597	522	0.018539
DP	0	648	447	0.002491	569	0.020208
DP	0	649	464	0.002586	575	0.020421
DP	0	650	464	0.002586	531	0.018859
DP	0	651	423	0.002358	603	0.021416
DP	0	652	457	0.002547	499	0.017722
DP	0	653	453	0.002525	570	0.020244
DP	0	654	422	0.002352	551	0.019569
DP	0	655	457	0.002547	542	0.019249
DP	0	656	445	0.002480	507	0.018006
DP	0	657	441	0.002458	560	0.019888
DP	0	658	483	0.002692	575	0.020421
DP	0	659	399	0.002224	569	0.020208
DP	0	660	449	0.002502	554	0.019675
DP	0	661	419	0.002335	532	0.018894
DP	0	662	439	0.002447	526	0.018681
DP	0	663	414	0.002307	535	0.019001
DP	0	664	450	0.002508	534	0.018965
DP	0	665	425	0.002369	519	0.018432
DP	0	666	445	0.002480	549	0.019498
DP	0	667	445	0.002480	521	0.018503
DP	0	668	448	0.002497	530	0.018823
DP	0	669	427	0.002380	562	0.019959
DP	0	670	389	0.002168	556	0.019746
DP	0	671	425	0.002369	532	0.018894
DP	0	672	415	0.002313	526	0.018681
DP	0	673	432	0.002408	571	0.020279
DP	0	674	417	0.002324	517	0.018361
DP	0	675	405	0.002257	532	0.018894
DP	0	676	404	0.002252	499	0.017722
DP	0	677	382	0.002129	515	0.018290
DP	0	678	436	0.002430	503	0.017864
DP	0	679	414	0.002307	519	0.018432
DP	0	680	405	0.002257	559	0.019853
DP	0	681	403	0.002246	537	0.019072
DP	0	682	437	0.002436	475	0.016870
DP	0	683	395	0.002201	507	0.018006
DP	0	684	402	0.002241	531	0.018859
DP	0	685	382	0.002129	525	0.018645
DP	0	686	383	0.002135	475	0.016870
DP	0	687	405	0.002257	493	0.017509
DP	0	688	422	0.002352	480	0.017047
DP	0	689	380	0.002118	484	0.017189
DP	0	690	395	0.002201	546	0.019391
DP	0	691	398	0.002218	487	0.017296
DP	0	692	393	0.002190	523	0.018574
DP	0	693	400	0.002229	491	0.017438
DP	0	694	384	0.002140	504	0.017900
DP	0	695	368	0.002051	517	0.018361
DP	0	696	360	0.002006	498	0.017687
DP	0	697	385	0.002146	466	0.016550
DP	0	698	373	0.002079	493	0.017509
DP	0	699	391	0.002179	476	0.016905
DP	0	700	387	0.002157	484	0.017189
DP	0	701	393	0.002190	474	0.016834
DP	0	702	378	0.002107	481	0.017083
DP	0	703	389	0.002168	450	0.015982
DP	0	704	399	0.002224	504	0.017900
DP	0	705	365	0.002034	513	0.018219
DP	0	706	393	0.002190	471	0.016728
DP	0	707	428	0.002385	500	0.017758
DP	0	708	355	0.001979	479	0.017012
DP	0	709	364	0.002029	482	0.017118
DP	0	710	379	0.002112	454	0.016124
DP	0	711	376	0.002096	462	0.016408
DP	0	712	378	0.002107	473	0.016799
DP	0	713	375	0.002090	450	0.015982
DP	0	714	383	0.002135	480	0.017047
DP	0	715	309	0.001722	481	0.017083
DP	0	716	361	0.002012	477	0.016941
DP	0	717	375	0.002090	458	0.016266
DP	0	718	352	0.001962	467	0.016586
DP	0	719	334	0.001862	445	0.015804
DP	0	720	346	0.001928	459	0.016301
DP	0	721	360	0.002006	452	0.016053
DP	0	722	344	0.001917	452	0.016053
DP	0	723	357	0.001990	445	0.015804
DP	0	724	334	0.001862	447	0.015875
DP	0	725	329	0.001834	450	0.015982
DP	0	726	352	0.001962	501	0.017793
DP	0	727	316	0.001761	440	0.015627
DP	0	728	413	0.002302	472	0.016763
DP	0	729	325	0.001811	462	0.016408
DP	0	730	359	0.002001	451	0.016017
DP	0	731	343	0.001912	430	0.015271
DP	0	732	310	0.001728	449	0.015946
DP	0	733	339	0.001889	447	0.015875
DP	0	734	371	0.002068	427	0.015165
DP	0	735	349	0.001945	470	0.016692
DP	0	736	354	0.001973	445	0.015804
DP	0	737	302	0.001683	437	0.015520
DP	0	738	348	0.001940	440	0.015627
DP	0	739	334	0.001862	449	0.015946
DP	0	740	306	0.001705	449	0.015946
DP	0	741	326	0.001817	459	0.016301
DP	0	742	341	0.001901	456	0.016195
DP	0	743	318	0.001772	430	0.015271
DP	0	744	352	0.001962	450	0.015982
DP	0	745	342	0.001906	449	0.015946
DP	0	746	319	0.001778	409	0.014526
DP	0	747	345	0.001923	415	0.014739
DP	0	748	342	0.001906	407	0.014455
DP	0	749	314	0.001750	426	0.015129
DP	0	750	309	0.001722	431	0.015307
DP	0	751	327	0.001823	454	0.016124
DP	0	752	339	0.001889	415	0.014739
DP	0	753	324	0.001806	433	0.015378
DP	0	754	328	0.001828	437	0.015520
DP	0	755	350	0.001951	440	0.015627
DP	0	756	309	0.001722	413	0.014668
DP	0	757	328	0.001828	420	0.014916
DP	0	758	311	0.001733	422	0.014987
DP	0	759	342	0.001906	434	0.015414
DP	0	760	319	0.001778	399	0.014171
DP	0	761	337	0.001878	424	0.015058
DP	0	762	298	0.001661	443	0.015733
DP	0	763	342	0.001906	430	0.015271
DP	0	764	322	0.001795	404	0.014348
DP	0	765	342	0.001906	404	0.014348
DP	0	766	310	0.001728	389	0.013815
DP	0	767	322	0.001795	384	0.013638
DP	0	768	319	0.001778	399	0.014171
DP	0	769	306	0.001705	407	0.014455
DP	0	770	319	0.001778	396	0.014064
DP	0	771	299	0.001666	418	0.014845
DP	0	772	319	0.001778	393	0.013957
DP	0	773	303	0.001689	405	0.014384
DP	0	774	327	0.001823	440	0.015627
DP	0	775	340	0.001895	366	0.012999
DP	0	776	305	0.001700	388	0.013780
DP	0	777	314	0.001750	395	0.014028
DP	0	778	302	0.001683	366	0.012999
DP	0	779	297	0.001655	435	0.015449
DP	0	780	293	0.001633	387	0.013744
DP	0	781	321	0.001789	394	0.013993
DP	0	782	284	0.001583	386	0.013709
DP	0	783	308	0.001717	394	0.013993
DP	0	784	284	0.001583	411	0.014597
DP	0	785	314	0.001750	383	0.013602
DP	0	786	320	0.001783	375	0.013318
DP	0	787	268	0.001494	389	0.013815
DP	0	788	294	0.001639	390	0.013851
DP	0	789	286	0.001594	415	0.014739
DP	0	790	279	0.001555	396	0.014064
DP	0	791	295	0.001644	402	0.014277
DP	0	792	277	0.001544	420	0.014916
DP	0	793	310	0.001728	398	0.014135
DP	0	794	306	0.001705	392	0.013922
DP	0	795	292	0.001627	388	0.013780
DP	0	796	306	0.001705	360	0.012785
DP	0	797	250	0.001393	384	0.013638
DP	0	798	267	0.001488	358	0.012714
DP	0	799	281	0.001566	354	0.012572
DP	0	800	304	0.001694	336	0.011933
DP	0	801	300	0.001672	372	0.013212
DP	0	802	296	0.001650	367	0.013034
DP	0	803	260	0.001449	350	0.012430
DP	0	804	275	0.001533	365	0.012963
DP	0	805	293	0.001633	371	0.013176
DP	0	806	274	0.001527	357	0.012679
DP	0	807	306	0.001705	359	0.012750
DP	0	808	265	0.001477	370	0.013141
DP	0	809	309	0.001722	374	0.013283
DP	0	810	246	0.001371	391	0.013886
DP	0	811	261	0.001455	367	0.013034
DP	0	812	272	0.001516	372	0.013212
DP	0	813	298	0.001661	337	0.011969
DP	0	814	286	0.001594	356	0.012643
DP	0	815	250	0.001393	383	0.013602
DP	0	816	268	0.001494	402	0.014277
DP	0	817	284	0.001583	356	0.012643
DP	0	818	260	0.001449	404	0.014348
DP	0	819	278	0.001549	332	0.011791
DP	0	820	243	0.001354	382	0.013567
DP	0	821	252	0.001404	330	0.011720
DP	0	822	266	0.001483	333	0.011827
DP	0	823	273	0.001522	334	0.011862
DP	0	824	222	0.001237	359	0.012750
DP	0	825	269	0.001499	358	0.012714
DP	0	826	265	0.001477	361	0.012821
DP	0	827	245	0.001365	360	0.012785
DP	0	828	264	0.001471	354	0.012572
DP	0	829	277	0.001544	344	0.012217
DP	0	830	274	0.001527	352	0.012501
DP	0	831	287	0.001600	362	0.012856
DP	0	832	251	0.001399	387	0.013744
DP	0	833	267	0.001488	350	0.012430
DP	0	834	269	0.001499	350	0.012430
DP	0	835	254	0.001416	361	0.012821
DP	0	836	262	0.001460	344	0.012217
DP	0	837	267	0.001488	316	0.011223
DP	0	838	286	0.001594	323	0.011471
DP	0	839	224	0.001248	342	0.012146
DP	0	840	252	0.001404	341	0.012111
DP	0	841	241	0.001343	336	0.011933
DP	0	842	250	0.001393	368	0.013070
DP	0	843	258	0.001438	349	0.012395
DP	0	844	292	0.001627	335	0.011898
DP	0	845	246	0.001371	346	0.012288
DP	0	846	238	0.001326	343	0.012182
DP	0	847	237	0.001321	336	0.011933
DP	0	848	262	0.001460	342	0.012146
DP	0	849	243	0.001354	360	0.012785
DP	0	850	226	0.001260	323	0.011471
DP	0	851	252	0.001404	328	0.011649
DP	0	852	224	0.001248	325	0.011542
DP	0	853	245	0.001365	316	0.011223
DP	0	854	235	0.001310	313	0.011116
DP	0	855	247	0.001377	295	0.010477
DP	0	856	252	0.001404	326	0.011578
DP	0	857	197	0.001098	317	0.011258
DP	0	858	218	0.001215	312	0.011081
DP	0	859	238	0.001326	291	0.010335
DP	0	860	239	0.001332	315	0.011187
DP	0	861	227	0.001265	328	0.011649
DP	0	862	249	0.001388	324	0.011507
DP	0	863	244	0.001360	299	0.010619
DP	0	864	253	0.001410	321	0.011400
DP	0	865	237	0.001321	342	0.012146
DP	0	866	223	0.001243	307	0.010903
DP	0	867	261	0.001455	322	0.011436
DP	0	868	206	0.001148	327	0.011613
DP	0	869	239	0.001332	312	0.011081
DP	0	870	234	0.001304	319	0.011329
DP	0	871	233	0.001299	309	0.010974
DP	0	872	227	0.001265	319	0.011329
DP	0	873	227	0.001265	338	0.012004
DP	0	874	215	0.001198	310	0.011010
DP	0	875	214	0.001193	311	0.011045
DP	0	876	205	0.001143	325	0.011542
DP	0	877	201	0.001120	318	0.011294
DP	0	878	211	0.001176	316	0.011223
DP	0	879	223	0.001243	311	0.011045
DP	0	880	205	0.001143	292	0.010370
DP	0	881	205	0.001143	333	0.011827
DP	0	882	195	0.001087	312	0.011081
DP	0	883	228	0.001271	299	0.010619
DP	0	884	250	0.001393	304	0.010797
DP	0	885	227	0.001265	278	0.009873
DP	0	886	218	0.001215	305	0.010832
DP	0	887	196	0.001092	298	0.010583
DP	0	888	205	0.001143	303	0.010761
DP	0	889	214	0.001193	299	0.010619
DP	0	890	243	0.001354	308	0.010939
DP	0	891	221	0.001232	281	0.009980
DP	0	892	226	0.001260	320	0.011365
DP	0	893	205	0.001143	302	0.010726
DP	0	894	233	0.001299	280	0.009944
DP	0	895	219	0.001221	278	0.009873
DP	0	896	198	0.001104	330	0.011720
DP	0	897	206	0.001148	291	0.010335
DP	0	898	228	0.001271	272	0.009660
DP	0	899	220	0.001226	315	0.011187
DP	0	900	217	0.001209	285	0.010122
DP	0	901	239	0.001332	312	0.011081
DP	0	902	192	0.001070	286	0.010157
DP	0	903	198	0.001104	332	0.011791
DP	0	904	199	0.001109	289	0.010264
DP	0	905	203	0.001131	318	0.011294
DP	0	906	211	0.001176	299	0.010619
DP	0	907	218	0.001215	276	0.009802
DP	0	908	206	0.001148	307	0.010903
DP	0	909	203	0.001131	286	0.010157
DP	0	910	209	0.001165	288	0.010228
DP	0	911	212	0.001182	318	0.011294
DP	0	912	206	0.001148	293	0.010406
DP	0	913	218	0.001215	277	0.009838
DP	0	914	202	0.001126	330	0.011720
DP	0	915	197	0.001098	320	0.011365
DP	0	916	206	0.001148	323	0.011471
DP	0	917	203	0.001131	277	0.009838
DP	0	918	188	0.001048	294	0.010441
DP	0	919	185	0.001031	309	0.010974
DP	0	920	227	0.001265	310	0.011010
DP	0	921	217	0.001209	314	0.011152
DP	0	922	211	0.001176	310	0.011010
DP	0	923	198	0.001104	256	0.009092
DP	0	924	210	0.001170	265	0.009412
DP	0	925	214	0.001193	329	0.011684
DP	0	926	195	0.001087	281	0.009980
DP	0	927	210	0.001170	275	0.009767
DP	0	928	197	0.001098	289	0.010264
DP	0	929	212	0.001182	295	0.010477
DP	0	930	205	0.001143	316	0.011223
DP	0	931	192	0.001070	276	0.009802
DP	0	932	195	0.001087	279	0.009909
DP	0	933	194	0.001081	261	0.009269
DP	0	934	194	0.001081	270	0.009589
DP	0	935	191	0.001065	270	0.009589
DP	0	936	215	0.001198	291	0.010335
DP	0	937	187	0.001042	281	0.009980
DP	0	938	197	0.001098	288	0.010228
DP	0	939	176	0.000981	268	0.009518
DP	0	940	181	0.001009	316	0.011223
DP	0	941	217	0.001209	288	0.010228
DP	0	942	176	0.000981	260	0.009234
DP	0	943	163	0.000908	278	0.009873
DP	0	944	171	0.000953	284	0.010086
DP	0	945	182	0.001014	308	0.010939
DP	0	946	202	0.001126	296	0.010512
DP	0	947	192	0.001070	306	0.010868
DP	0	948	204	0.001137	304	0.010797
DP	0	949	182	0.001014	287	0.010193
DP	0	950	198	0.001104	275	0.009767
DP	0	951	194	0.001081	299	0.010619
DP	0	952	221	0.001232	274	0.009731
DP	0	953	160	0.000892	268	0.009518
DP	0	954	184	0.001026	280	0.009944
DP	0	955	171	0.000953	299	0.010619
DP	0	956	200	0.001115	280	0.009944
DP	0	957	175	0.000975	256	0.009092
DP	0	958	194	0.001081	258	0.009163
DP	0	959	174	0.000970	283	0.010051
DP	0	960	202	0.001126	279	0.009909
DP	0	961	178	0.000992	280	0.009944
DP	0	962	190	0.001059	281	0.009980
DP	0	963	193	0.001076	258	0.009163
DP	0	964	181	0.001009	280	0.009944
DP	0	965	167	0.000931	251	0.008914
DP	0	966	189	0.001053	246	0.008737
DP	0	967	162	0.000903	277	0.009838
DP	0	968	172	0.000959	274	0.009731
DP	0	969	176	0.000981	271	0.009625
DP	0	970	165	0.000920	285	0.010122
DP	0	971	193	0.001076	277	0.009838
DP	0	972	185	0.001031	269	0.009554
DP	0	973	179	0.000998	248	0.008808
DP	0	974	185	0.001031	239	0.008488
DP	0	975	199	0.001109	287	0.010193
DP	0	976	153	0.000853	262	0.009305
DP	0	977	183	0.001020	283	0.010051
DP	0	978	179	0.000998	219	0.007778
DP	0	979	172	0.000959	238	0.008453
DP	0	980	161	0.000897	270	0.009589
DP	0	981	160	0.000892	267	0.009483
DP	0	982	183	0.001020	234	0.008311
DP	0	983	177	0.000986	268	0.009518
DP	0	984	178	0.000992	279	0.009909
DP	0	985	183	0.001020	284	0.010086
DP	0	986	166	0.000925	284	0.010086
DP	0	987	166	0.000925	259	0.009198
DP	0	988	177	0.000986	239	0.008488
DP	0	989	168	0.000936	280	0.009944
DP	0	990	167	0.000931	235	0.008346
DP	0	991	168	0.000936	277	0.009838
DP	0	992	161	0.000897	251	0.008914
DP	0	993	168	0.000936	251	0.008914
DP	0	994	163	0.000908	256	0.009092
DP	0	995	192	0.001070	283	0.010051
DP	0	996	164	0.000914	254	0.009021
DP	0	997	179	0.000998	269	0.009554
DP	0	998	195	0.001087	235	0.008346
DP	0	999	171	0.000953	255	0.009056
DP	0	1000	156	0.000869	238	0.008453
DP	0	1001	154	0.000858	247	0.008772
DP	0	1002	181	0.001009	242	0.008595
DP	0	1003	163	0.000908	248	0.008808
DP	0	1004	174	0.000970	262	0.009305
DP	0	1005	203	0.001131	273	0.009696
DP	0	1006	161	0.000897	252	0.008950
DP	0	1007	162	0.000903	284	0.010086
DP	0	1008	173	0.000964	244	0.008666
DP	0	1009	165	0.000920	248	0.008808
DP	0	1010	169	0.000942	276	0.009802
DP	0	1011	141	0.000786	234	0.008311
DP	0	1012	168	0.000936	239	0.008488
DP	0	1013	182	0.001014	261	0.009269
DP	0	1014	163	0.000908	246	0.008737
DP	0	1015	159	0.000886	252	0.008950
DP	0	1016	156	0.000869	249	0.008843
DP	0	1017	179	0.000998	257	0.009127
DP	0	1018	151	0.000842	256	0.009092
DP	0	1019	142	0.000791	254	0.009021
DP	0	1020	159	0.000886	229	0.008133
DP	0	1021	164	0.000914	242	0.008595
DP	0	1022	155	0.000864	254	0.009021
DP	0	1023	160	0.000892	273	0.009696
DP	0	1024	175	0.000975	264	0.009376
DP	0	1025	181	0.001009	277	0.009838
DP	0	1026	154	0.000858	251	0.008914
DP	0	1027	167	0.000931	239	0.008488
DP	0	1028	162	0.000903	224	0.007955
DP	0	1029	146	0.000814	244	0.008666
DP	0	1030	140	0.000780	257	0.009127
DP	0	1031	161	0.000897	250	0.008879
DP	0	1032	143	0.000797	253	0.008985
DP	0	1033	139	0.000775	251	0.008914
DP	0	1034	146	0.000814	222	0.007884
DP	0	1035	150	0.000836	236	0.008382
DP	0	1036	162	0.000903	245	0.008701
DP	0	1037	141	0.000786	216	0.007671
DP	0	1038	151	0.000842	254	0.009021
DP	0	1039	166	0.000925	256	0.009092
DP	0	1040	159	0.000886	244	0.008666
DP	0	1041	154	0.000858	218	0.007742
DP	0	1042	131	0.000730	223	0.007920
DP	0	1043	157	0.000875	237	0.008417
DP	0	1044	146	0.000814	208	0.007387
DP	0	1045	148	0.000825	222	0.007884
DP	0	1046	166	0.000925	227	0.008062
DP	0	1047	128	0.000713	251	0.008914
DP	0	1048	151	0.000842	253	0.008985
DP	0	1049	134	0.000747	246	0.008737
DP	0	1050	128	0.000713	243	0.008630
DP	0	1051	147	0.000819	224	0.007955
DP	0	1052	147	0.000819	229	0.008133
DP	0	1053	146	0.000814	238	0.008453
DP	0	1054	158	0.000881	216	0.007671
DP	0	1055	140	0.000780	260	0.009234
DP	0	1056	120	0.000669	220	0.007813
DP	0	1057	148	0.000825	210	0.007458
DP	0	1058	149	0.000830	231	0.008204
DP	0	1059	151	0.000842	208	0.007387
DP	0	1060	144	0.000803	261	0.009269
DP	0	1061	145	0.000808	227	0.008062
DP	0	1062	142	0.000791	227	0.008062
DP	0	1063	153	0.000853	207	0.007352
DP	0	1064	147	0.000819	206	0.007316
DP	0	1065	140	0.000780	200	0.007103
DP	0	1066	159	0.000886	233	0.008275
DP	0	1067	127	0.000708	235	0.008346
DP	0	1068	150	0.000836	238	0.008453
DP	0	1069	130	0.000725	214	0.007600
DP	0	1070	142	0.000791	209	0.007423
DP	0	1071	162	0.000903	224	0.007955
DP	0	1072	142	0.000791	209	0.007423
DP	0	1073	138	0.000769	201	0.007139
DP	0	1074	144	0.000803	196	0.006961
DP	0	1075	160	0.000892	210	0.007458
DP	0	1076	153	0.000853	216	0.007671
DP	0	1077	149	0.000830	197	0.006996
DP	0	1078	136	0.000758	199	0.007068
DP	0	1079	140	0.000780	195	0.006925
DP	0	1080	138	0.000769	215	0.007636
DP	0	1081	150	0.000836	221	0.007849
DP	0	1082	138	0.000769	203	0.007210
DP	0	1083	139	0.000775	254	0.009021
DP	0	1084	134	0.000747	220	0.007813
DP	0	1085	144	0.000803	214	0.007600
DP	0	1086	136	0.000758	213	0.007565
DP	0	1087	119	0.000663	193	0.006854
DP	0	1088	149	0.000830	208	0.007387
DP	0	1089	131	0.000730	205	0.007281
DP	0	1090	145	0.000808	217	0.007707
DP	0	1091	118	0.000658	203	0.007210
DP	0	1092	121	0.000674	198	0.007032
DP	0	1093	135	0.000752	214	0.007600
DP	0	1094	120	0.000669	197	0.006996
DP	0	1095	126	0.000702	193	0.006854
DP	0	1096	133	0.000741	196	0.006961
DP	0	1097	150	0.000836	205	0.007281
DP	0	1098	130	0.000725	194	0.006890
DP	0	1099	127	0.000708	210	0.007458
DP	0	1100	126	0.000702	217	0.007707
DP	0	1101	131	0.000730	203	0.007210
DP	0	1102	131	0.000730	210	0.007458
DP	0	1103	137	0.000764	215	0.007636
DP	0	1104	122	0.000680	214	0.007600
DP	0	1105	128	0.000713	221	0.007849
DP	0	1106	131	0.000730	224	0.007955
DP	0	1107	120	0.000669	216	0.007671
DP	0	1108	150	0.000836	207	0.007352
DP	0	1109	143	0.000797	235	0.008346
DP	0	1110	128	0.000713	225	0.007991
DP	0	1111	111	0.000619	205	0.007281
DP	0	1112	151	0.000842	211	0.007494
DP	0	1113	115	0.000641	212	0.007529
DP	0	1114	155	0.000864	181	0.006428
DP	0	1115	115	0.000641	206	0.007316
DP	0	1116	134	0.000747	230	0.008168
DP	0	1117	146	0.000814	200	0.007103
DP	0	1118	149	0.000830	202	0.007174
DP	0	1119	124	0.000691	196	0.006961
DP	0	1120	118	0.000658	202	0.007174
DP	0	1121	127	0.000708	183	0.006499
DP	0	1122	123	0.000686	214	0.007600
DP	0	1123	119	0.000663	218	0.007742
DP	0	1124	121	0.000674	205	0.007281
DP	0	1125	136	0.000758	196	0.006961
DP	0	1126	135	0.000752	211	0.007494
DP	0	1127	123	0.000686	230	0.008168
DP	0	1128	144	0.000803	197	0.006996
DP	0	1129	96	0.000535	193	0.006854
DP	0	1130	112	0.000624	217	0.007707
DP	0	1131	134	0.000747	201	0.007139
DP	0	1132	125	0.000697	196	0.006961
DP	0	1133	128	0.000713	195	0.006925
DP	0	1134	118	0.000658	232	0.008240
DP	0	1135	121	0.000674	216	0.007671
DP	0	1136	117	0.000652	200	0.007103
DP	0	1137	126	0.000702	199	0.007068
DP	0	1138	128	0.000713	192	0.006819
DP	0	1139	109	0.000608	170	0.006038
DP	0	1140	114	0.000635	206	0.007316
DP	0	1141	128	0.000713	186	0.006606
DP	0	1142	112	0.000624	205	0.007281
DP	0	1143	109	0.000608	201	0.007139
DP	0	1144	126	0.000702	199	0.007068
DP	0	1145	116	0.000647	204	0.007245
DP	0	1146	124	0.000691	194	0.006890
DP	0	1147	121	0.000674	212	0.007529
DP	0	1148	130	0.000725	185	0.006570
DP	0	1149	112	0.000624	177	0.006286
DP	0	1150	117	0.000652	187	0.006641
DP	0	1151	101	0.000563	190	0.006748
DP	0	1152	112	0.000624	187	0.006641
DP	0	1153	111	0.000619	187	0.006641
DP	0	1154	136	0.000758	179	0.006357
DP	0	1155	115	0.000641	194	0.006890
DP	0	1156	115	0.000641	196	0.006961
DP	0	1157	121	0.000674	184	0.006535
DP	0	1158	129	0.000719	163	0.005789
DP	0	1159	119	0.000663	194	0.006890
DP	0	1160	108	0.000602	171	0.006073
DP	0	1161	113	0.000630	182	0.006464
DP	0	1162	109	0.000608	192	0.006819
DP	0	1163	132	0.000736	159	0.005647
DP	0	1164	127	0.000708	181	0.006428
DP	0	1165	102	0.000568	168	0.005967
DP	0	1166	105	0.000585	226	0.008026
DP	0	1167	115	0.000641	187	0.006641
DP	0	1168	118	0.000658	216	0.007671
DP	0	1169	86	0.000479	177	0.006286
DP	0	1170	101	0.000563	206	0.007316
DP	0	1171	113	0.000630	204	0.007245
DP	0	1172	110	0.000613	168	0.005967
DP	0	1173	122	0.000680	207	0.007352
DP	0	1174	109	0.000608	189	0.006712
DP	0	1175	100	0.000557	175	0.006215
DP	0	1176	114	0.000635	188	0.006677
DP	0	1177	112	0.000624	180	0.006393
DP	0	1178	109	0.000608	197	0.006996
DP	0	1179	102	0.000568	201	0.007139
DP	0	1180	118	0.000658	184	0.006535
DP	0	1181	110	0.000613	179	0.006357
DP	0	1182	115	0.000641	164	0.005824
DP	0	1183	123	0.000686	180	0.006393
DP	0	1184	100	0.000557	149	0.005292
DP	0	1185	113	0.000630	192	0.006819
DP	0	1186	114	0.000635	172	0.006109
DP	0	1187	108	0.000602	193	0.006854
DP	0	1188	106	0.000591	163	0.005789
DP	0	1189	135	0.000752	172	0.006109
DP	0	1190	110	0.000613	190	0.006748
DP	0	1191	112	0.000624	165	0.005860
DP	0	1192	98	0.000546	194	0.006890
DP	0	1193	108	0.000602	192	0.006819
DP	0	1194	111	0.000619	177	0.006286
DP	0	1195	108	0.000602	186	0.006606
DP	0	1196	104	0.000580	183	0.006499
DP	0	1197	98	0.000546	176	0.006251
DP	0	1198	94	0.000524	192	0.006819
DP	0	1199	124	0.000691	158	0.005611
DP	0	1200	103	0.000574	167	0.005931
DP	0	1201	105	0.000585	183	0.006499
DP	0	1202	121	0.000674	173	0.006144
DP	0	1203	104	0.000580	215	0.007636
DP	0	1204	103	0.000574	162	0.005753
DP	0	1205	110	0.000613	211	0.007494
DP	0	1206	100	0.000557	183	0.006499
DP	0	1207	133	0.000741	163	0.005789
DP	0	1208	103	0.000574	174	0.006180
DP	0	1209	93	0.000518	177	0.006286
DP	0	1210	106	0.000591	181	0.006428
DP	0	1211	104	0.000580	167	0.005931
DP	0	1212	101	0.000563	164	0.005824
DP	0	1213	104	0.000580	179	0.006357
DP	0	1214	122	0.000680	165	0.005860
DP	0	1215	103	0.000574	188	0.006677
DP	0	1216	88	0.000490	173	0.006144
DP	0	1217	92	0.000513	159	0.005647
DP	0	1218	89	0.000496	155	0.005505
DP	0	1219	101	0.000563	171	0.006073
DP	0	1220	83	0.000463	153	0.005434
DP	0	1221	90	0.000502	169	0.006002
DP	0	1222	115	0.000641	161	0.005718
DP	0	1223	114	0.000635	155	0.005505
DP	0	1224	99	0.000552	181	0.006428
DP	0	1225	118	0.000658	171	0.006073
DP	0	1226	111	0.000619	152	0.005398
DP	0	1227	97	0.000541	167	0.005931
DP	0	1228	91	0.000507	174	0.006180
DP	0	1229	109	0.000608	154	0.005469
DP	0	1230	111	0.000619	152	0.005398
DP	0	1231	100	0.000557	165	0.005860
DP	0	1232	74	0.000412	170	0.006038
DP	0	1233	107	0.000596	168	0.005967
DP	0	1234	102	0.000568	159	0.005647
DP	0	1235	99	0.000552	143	0.005079
DP	0	1236	103	0.000574	173	0.006144
DP	0	1237	105	0.000585	165	0.005860
DP	0	1238	83	0.000463	157	0.005576
DP	0	1239	88	0.000490	175	0.006215
DP	0	1240	103	0.000574	176	0.006251
DP	0	1241	93	0.000518	153	0.005434
DP	0	1242	103	0.000574	154	0.005469
DP	0	1243	115	0.000641	164	0.005824
DP	0	1244	86	0.000479	160	0.005682
DP	0	1245	98	0.000546	174	0.006180
DP	0	1246	102	0.000568	161	0.005718
DP	0	1247	95	0.000529	155	0.005505
DP	0	1248	90	0.000502	159	0.005647
DP	0	1249	108	0.000602	160	0.005682
DP	0	1250	90	0.000502	184	0.006535
DP	0	1251	95	0.000529	160	0.005682
DP	0	1252	96	0.000535	165	0.005860
DP	0	1253	93	0.000518	195	0.006925
DP	0	1254	111	0.000619	142	0.005043
DP	0	1255	98	0.000546	165	0.005860
DP	0	1256	90	0.000502	158	0.005611
DP	0	1257	84	0.000468	187	0.006641
DP	0	1258	114	0.000635	154	0.005469
DP	0	1259	107	0.000596	153	0.005434
DP	0	1260	79	0.000440	163	0.005789
DP	0	1261	80	0.000446	145	0.005150
DP	0	1262	90	0.000502	139	0.004937
DP	0	1263	84	0.000468	163	0.005789
DP	0	1264	114	0.000635	150	0.005327
DP	0	1265	93	0.000518	153	0.005434
DP	0	1266	79	0.000440	135	0.004795
DP	0	1267	94	0.000524	157	0.005576
DP	0	1268	82	0.000457	143	0.005079
DP	0	1269	86	0.000479	165	0.005860
DP	0	1270	95	0.000529	145	0.005150
DP	0	1271	100	0.000557	157	0.005576
DP	0	1272	103	0.000574	169	0.006002
DP	0	1273	105	0.000585	164	0.005824
DP	0	1274	89	0.000496	156	0.005540
DP	0	1275	99	0.000552	154	0.005469
DP	0	1276	86	0.000479	154	0.005469
DP	0	1277	99	0.000552	148	0.005256
DP	0	1278	87	0.000485	169	0.006002
DP	0	1279	90	0.000502	154	0.005469
DP	0	1280	96	0.000535	126	0.004475
DP	0	1281	76	0.000424	160	0.005682
DP	0	1282	88	0.000490	157	0.005576
DP	0	1283	70	0.000390	154	0.005469
DP	0	1284	87	0.000485	150	0.005327
DP	0	1285	100	0.000557	149	0.005292
DP	0	1286	100	0.000557	177	0.006286
DP	0	1287	86	0.000479	139	0.004937
DP	0	1288	93	0.000518	137	0.004866
DP	0	1289	88	0.000490	159	0.005647
DP	0	1290	93	0.000518	142	0.005043
DP	0	1291	70	0.000390	162	0.005753
DP	0	1292	93	0.000518	187	0.006641
DP	0	1293	104	0.000580	143	0.005079
DP	0	1294	87	0.000485	156	0.005540
DP	0	1295	86	0.000479	143	0.005079
DP	0	1296	95	0.000529	154	0.005469
DP	0	1297	96	0.000535	145	0.005150
DP	0	1298	97	0.000541	133	0.004724
DP	0	1299	111	0.000619	155	0.005505
DP	0	1300	95	0.000529	125	0.004439
DP	0	1301	73	0.000407	141	0.005008
DP	0	1302	86	0.000479	141	0.005008
DP	0	1303	77	0.000429	144	0.005114
DP	0	1304	90	0.000502	134	0.004759
DP	0	1305	96	0.000535	172	0.006109
DP	0	1306	92	0.000513	160	0.005682
DP	0	1307	89	0.000496	132	0.004688
DP	0	1308	95	0.000529	152	0.005398
DP	0	1309	86	0.000479	148	0.005256
DP	0	1310	90	0.000502	132	0.004688
DP	0	1311	90	0.000502	130	0.004617
DP	0	1312	83	0.000463	135	0.004795
DP	0	1313	88	0.000490	150	0.005327
DP	0	1314	69	0.000385	162	0.005753
DP	0	1315	87	0.000485	134	0.004759
DP	0	1316	90	0.000502	148	0.005256
DP	0	1317	105	0.000585	159	0.005647
DP	0	1318	81	0.000451	156	0.005540
DP	0	1319	86	0.000479	151	0.005363
DP	0	1320	79	0.000440	161	0.005718
DP	0	1321	78	0.000435	142	0.005043
DP	0	1322	68	0.000379	156	0.005540
DP	0	1323	75	0.000418	168	0.005967
DP	0	1324	84	0.000468	155	0.005505
DP	0	1325	84	0.000468	116	0.004120
DP	0	1326	59	0.000329	153	0.005434
DP	0	1327	72	0.000401	126	0.004475
DP	0	1328	72	0.000401	130	0.004617
DP	0	1329	94	0.000524	153	0.005434
DP	0	1330	81	0.000451	156	0.005540
DP	0	1331	89	0.000496	153	0.005434
DP	0	1332	93	0.000518	165	0.005860
DP	0	1333	88	0.000490	131	0.004652
DP	0	1334	79	0.000440	137	0.004866
DP	0	1335	74	0.000412	125	0.004439
DP	0	1336	84	0.000468	132	0.004688
DP	0	1337	69	0.000385	133	0.004724
DP	0	1338	89	0.000496	133	0.004724
DP	0	1339	91	0.000507	150	0.005327
DP	0	1340	74	0.000412	161	0.005718
DP	0	1341	72	0.000401	141	0.005008
DP	0	1342	69	0.000385	131	0.004652
DP	0	1343	98	0.000546	149	0.005292
DP	0	1344	75	0.000418	155	0.005505
DP	0	1345	72	0.000401	144	0.005114
DP	0	1346	93	0.000518	163	0.005789
DP	0	1347	80	0.000446	141	0.005008
DP	0	1348	86	0.000479	135	0.004795
DP	0	1349	80	0.000446	146	0.005185
DP	0	1350	78	0.000435	142	0.005043
DP	0	1351	66	0.000368	158	0.005611
DP	0	1352	68	0.000379	149	0.005292
DP	0	1353	66	0.000368	130	0.004617
DP	0	1354	70	0.000390	144	0.005114
DP	0	1355	78	0.000435	134	0.004759
DP	0	1356	66	0.000368	141	0.005008
DP	0	1357	75	0.000418	132	0.004688
DP	0	1358	82	0.000457	119	0.004226
DP	0	1359	70	0.000390	124	0.004404
DP	0	1360	73	0.000407	131	0.004652
DP	0	1361	82	0.000457	128	0.004546
DP	0	1362	82	0.000457	137	0.004866
DP	0	1363	77	0.000429	160	0.005682
DP	0	1364	67	0.000373	129	0.004581
DP	0	1365	78	0.000435	148	0.005256
DP	0	1366	86	0.000479	133	0.004724
DP	0	1367	79	0.000440	127	0.004510
DP	0	1368	69	0.000385	129	0.004581
DP	0	1369	82	0.000457	107	0.003800
DP	0	1370	53	0.000295	117	0.004155
DP	0	1371	87	0.000485	149	0.005292
DP	0	1372	80	0.000446	149	0.005292
DP	0	1373	57	0.000318	130	0.004617
DP	0	1374	71	0.000396	142	0.005043
DP	0	1375	73	0.000407	137	0.004866
DP	0	1376	58	0.000323	119	0.004226
DP	0	1377	74	0.000412	161	0.005718
DP	0	1378	83	0.000463	159	0.005647
DP	0	1379	84	0.000468	142	0.005043
DP	0	1380	75	0.000418	131	0.004652
DP	0	1381	73	0.000407	123	0.004368
DP	0	1382	68	0.000379	138	0.004901
DP	0	1383	67	0.000373	129	0.004581
DP	0	1384	63	0.000351	125	0.004439
DP	0	1385	67	0.000373	128	0.004546
DP	0	1386	70	0.000390	131	0.004652
DP	0	1387	66	0.000368	148	0.005256
DP	0	1388	60	0.000334	147	0.005221
DP	0	1389	74	0.000412	132	0.004688
DP	0	1390	62	0.000346	124	0.004404
DP	0	1391	85	0.000474	120	0.004262
DP	0	1392	81	0.000451	114	0.004049
DP	0	1393	82	0.000457	132	0.004688
DP	0	1394	58	0.000323	134	0.004759
DP	0	1395	88	0.000490	139	0.004937
DP	0	1396	64	0.000357	117	0.004155
DP	0	1397	80	0.000446	144	0.005114
DP	0	1398	74	0.000412	144	0.005114
DP	0	1399	78	0.000435	122	0.004333
DP	0	1400	76	0.000424	131	0.004652
DP	0	1401	77	0.000429	118	0.004191
DP	0	1402	65	0.000362	119	0.004226
DP	0	1403	59	0.000329	122	0.004333
DP	0	1404	70	0.000390	139	0.004937
DP	0	1405	74	0.000412	113	0.004013
DP	0	1406	66	0.000368	133	0.004724
DP	0	1407	63	0.000351	118	0.004191
DP	0	1408	73	0.000407	129	0.004581
DP	0	1409	69	0.000385	126	0.004475
DP	0	1410	69	0.000385	113	0.004013
DP	0	1411	86	0.000479	124	0.004404
DP	0	1412	67	0.000373	127	0.004510
DP	0	1413	66	0.000368	127	0.004510
DP	0	1414	77	0.000429	108	0.003836
DP	0	1415	68	0.000379	136	0.004830
DP	0	1416	73	0.000407	108	0.003836
DP	0	1417	60	0.000334	124	0.004404
DP	0	1418	71	0.000396	119	0.004226
DP	0	1419	69	0.000385	112	0.003978
DP	0	1420	67	0.000373	104	0.003694
DP	0	1421	74	0.000412	146	0.005185
DP	0	1422	83	0.000463	131	0.004652
DP	0	1423	56	0.000312	109	0.003871
DP	0	1424	89	0.000496	125	0.004439
DP	0	1425	71	0.000396	137	0.004866
DP	0	1426	75	0.000418	111	0.003942
DP	0	1427	66	0.000368	131	0.004652
DP	0	1428	70	0.000390	115	0.004084
DP	0	1429	66	0.000368	140	0.004972
DP	0	1430	66	0.000368	137	0.004866
DP	0	1431	68	0.000379	125	0.004439
DP	0	1432	58	0.000323	135	0.004795
DP	0	1433	70	0.000390	119	0.004226
DP	0	1434	71	0.000396	121	0.004297
DP	0	1435	53	0.000295	123	0.004368
DP	0	1436	57	0.000318	114	0.004049
DP	0	1437	80	0.000446	118	0.004191
DP	0	1438	55	0.000307	108	0.003836
DP	0	1439	79	0.000440	137	0.004866
DP	0	1440	65	0.000362	118	0.004191
DP	0	1441	62	0.000346	139	0.004937
DP	0	1442	63	0.000351	125	0.004439
DP	0	1443	64	0.000357	132	0.004688
DP	0	1444	74	0.000412	102	0.003623
DP	0	1445	65	0.000362	109	0.003871
DP	0	1446	69	0.000385	122	0.004333
DP	0	1447	59	0.000329	124	0.004404
DP	0	1448	72	0.000401	102	0.003623
DP	0	1449	62	0.000346	109	0.003871
DP	0	1450	69	0.000385	125	0.004439
DP	0	1451	56	0.000312	110	0.003907
DP	0	1452	57	0.000318	112	0.003978
DP	0	1453	65	0.000362	118	0.004191
DP	0	1454	62	0.000346	128	0.004546
DP	0	1455	67	0.000373	99	0.003516
DP	0	1456	58	0.000323	144	0.005114
DP	0	1457	78	0.000435	125	0.004439
DP	0	1458	70	0.000390	104	0.003694
DP	0	1459	72	0.000401	100	0.003552
DP	0	1460	69	0.000385	111	0.003942
DP	0	1461	55	0.000307	126	0.004475
DP	0	1462	62	0.000346	103	0.003658
DP	0	1463	57	0.000318	111	0.003942
DP	0	1464	58	0.000323	120	0.004262
DP	0	1465	63	0.000351	124	0.004404
DP	0	1466	68	0.000379	107	0.003800
DP	0	1467	66	0.000368	119	0.004226
DP	0	1468	67	0.000373	121	0.004297
DP	0	1469	66	0.000368	115	0.004084
DP	0	1470	59	0.000329	128	0.004546
DP	0	1471	59	0.000329	110	0.003907
DP	0	1472	68	0.000379	105	0.003729
DP	0	1473	61	0.000340	110	0.003907
DP	0	1474	55	0.000307	113	0.004013
DP	0	1475	73	0.000407	109	0.003871
DP	0	1476	61	0.000340	131	0.004652
DP	0	1477	67	0.000373	112	0.003978
DP	0	1478	65	0.000362	113	0.004013
DP	0	1479	55	0.000307	111	0.003942
DP	0	1480	53	0.000295	120	0.004262
DP	0	1481	61	0.000340	117	0.004155
DP	0	1482	59	0.000329	115	0.004084
DP	0	1483	59	0.000329	114	0.004049
DP	0	1484	57	0.000318	106	0.003765
DP	0	1485	70	0.000390	114	0.004049
DP	0	1486	51	0.000284	105	0.003729
DP	0	1487	79	0.000440	101	0.003587
DP	0	1488	53	0.000295	129	0.004581
DP	0	1489	54	0.000301	127	0.004510
DP	0	1490	72	0.000401	114	0.004049
DP	0	1491	71	0.000396	99	0.003516
DP	0	1492	65	0.000362	117	0.004155
DP	0	1493	70	0.000390	107	0.003800
DP	0	1494	59	0.000329	112	0.003978
DP	0	1495	56	0.000312	112	0.003978
DP	0	1496	71	0.000396	126	0.004475
DP	0	1497	66	0.000368	123	0.004368
DP	0	1498	52	0.000290	115	0.004084
DP	0	1499	56	0.000312	101	0.003587
DP	0	1500	51	0.000284	102	0.003623
DP	0	1501	67	0.000373	97	0.003445
DP	0	1502	61	0.000340	91	0.003232
DP	0	1503	53	0.000295	109	0.003871
DP	0	1504	63	0.000351	107	0.003800
DP	0	1505	71	0.000396	108	0.003836
DP	0	1506	56	0.000312	102	0.003623
DP	0	1507	58	0.000323	115	0.004084
DP	0	1508	55	0.000307	115	0.004084
DP	0	1509	63	0.000351	110	0.003907
DP	0	1510	69	0.000385	103	0.003658
DP	0	1511	59	0.000329	100	0.003552
DP	0	1512	45	0.000251	124	0.004404
DP	0	1513	47	0.000262	112	0.003978
DP	0	1514	63	0.000351	104	0.003694
DP	0	1515	45	0.000251	99	0.003516
DP	0	1516	55	0.000307	121	0.004297
DP	0	1517	46	0.000256	108	0.003836
DP	0	1518	58	0.000323	102	0.003623
DP	0	1519	65	0.000362	123	0.004368
DP	0	1520	51	0.000284	106	0.003765
DP	0	1521	51	0.000284	109	0.003871
DP	0	1522	56	0.000312	113	0.004013
DP	0	1523	56	0.000312	117	0.004155
DP	0	1524	50	0.000279	113	0.004013
DP	0	1525	48	0.000268	98	0.003480
DP	0	1526	62	0.000346	98	0.003480
DP	0	1527	73	0.000407	116	0.004120
DP	0	1528	53	0.000295	111	0.003942
DP	0	1529	57	0.000318	102	0.003623
DP	0	1530	57	0.000318	109	0.003871
DP	0	1531	54	0.000301	100	0.003552
DP	0	1532	53	0.000295	107	0.003800
DP	0	1533	63	0.000351	112	0.003978
DP	0	1534	47	0.000262	108	0.003836
DP	0	1535	58	0.000323	104	0.003694
DP	0	1536	46	0.000256	97	0.003445
DP	0	1537	49	0.000273	110	0.003907
DP	0	1538	63	0.000351	93	0.003303
DP	0	1539	55	0.000307	94	0.003338
DP	0	1540	62	0.000346	95	0.003374
DP	0	1541	52	0.000290	103	0.003658
DP	0	1542	44	0.000245	103	0.003658
DP	0	1543	51	0.000284	115	0.004084
DP	0	1544	58	0.000323	88	0.003125
DP	0	1545	65	0.000362	118	0.004191
DP	0	1546	48	0.000268	106	0.003765
DP	0	1547	66	0.000368	99	0.003516
DP	0	1548	57	0.000318	102	0.003623
DP	0	1549	55	0.000307	127	0.004510
DP	0	1550	44	0.000245	100	0.003552
DP	0	1551	38	0.000212	117	0.004155
DP	0	1552	55	0.000307	107	0.003800
DP	0	1553	44	0.000245	111	0.003942
DP	0	1554	50	0.000279	100	0.003552
DP	0	1555	49	0.000273	89	0.003161
DP	0	1556	51	0.000284	102	0.003623
DP	0	1557	60	0.000334	101	0.003587
DP	0	1558	59	0.000329	95	0.003374
DP	0	1559	58	0.000323	109	0.003871
DP	0	1560	50	0.000279	113	0.004013
DP	0	1561	47	0.000262	80	0.002841
DP	0	1562	47	0.000262	89	0.003161
DP	0	1563	66	0.000368	103	0.003658
DP	0	1564	60	0.000334	101	0.003587
DP	0	1565	54	0.000301	117	0.004155
DP	0	1566	57	0.000318	112	0.003978
DP	0	1567	57	0.000318	110	0.003907
DP	0	1568	55	0.000307	97	0.003445
DP	0	1569	60	0.000334	97	0.003445
DP	0	1570	58	0.000323	114	0.004049
DP	0	1571	61	0.000340	106	0.003765
DP	0	1572	61	0.000340	103	0.003658
DP	0	1573	49	0.000273	104	0.003694
DP	0	1574	39	0.000217	119	0.004226
DP	0	1575	52	0.000290	96	0.003409
DP	0	1576	59	0.000329	90	0.003196
DP	0	1577	62	0.000346	90	0.003196
DP	0	1578	56	0.000312	101	0.003587
DP	0	1579	70	0.000390	111	0.003942
DP	0	1580	56	0.000312	95	0.003374
DP	0	1581	61	0.000340	104	0.003694
DP	0	1582	48	0.000268	118	0.004191
DP	0	1583	47	0.000262	107	0.003800
DP	0	1584	44	0.000245	92	0.003267
DP	0	1585	54	0.000301	112	0.003978
DP	0	1586	48	0.000268	103	0.003658
DP	0	1587	47	0.000262	91	0.003232
DP	0	1588	64	0.000357	109	0.003871
DP	0	1589	60	0.000334	89	0.003161
DP	0	1590	51	0.000284	87	0.003090
DP	0	1591	48	0.000268	87	0.003090
DP	0	1592	40	0.000223	87	0.003090
DP	0	1593	56	0.000312	89	0.003161
DP	0	1594	42	0.000234	97	0.003445
DP	0	1595	53	0.000295	94	0.003338
DP	0	1596	46	0.000256	99	0.003516
DP	0	1597	54	0.000301	99	0.003516
DP	0	1598	55	0.000307	114	0.004049
DP	0	1599	51	0.000284	109	0.003871
DP	0	1600	46	0.000256	93	0.003303
DP	0	1601	49	0.000273	114	0.004049
DP	0	1602	55	0.000307	110	0.003907
DP	0	1603	51	0.000284	92	0.003267
DP	0	1604	47	0.000262	106	0.003765
DP	0	1605	36	0.000201	105	0.003729
DP	0	1606	50	0.000279	90	0.003196
DP	0	1607	49	0.000273	99	0.003516
DP	0	1608	52	0.000290	94	0.003338
DP	0	1609	51	0.000284	102	0.003623
DP	0	1610	53	0.000295	78	0.002770
DP	0	1611	52	0.000290	105	0.003729
DP	0	1612	43	0.000240	105	0.003729
DP	0	1613	57	0.000318	105	0.003729
DP	0	1614	53	0.000295	105	0.003729
DP	0	1615	54	0.000301	83	0.002948
DP	0	1616	28	0.000156	97	0.003445
DP	0	1617	48	0.000268	76	0.002699
DP	0	1618	44	0.000245	85	0.003019
DP	0	1619	43	0.000240	97	0.003445
DP	0	1620	56	0.000312	105	0.003729
DP	0	1621	56	0.000312	89	0.003161
DP	0	1622	57	0.000318	95	0.003374
DP	0	1623	59	0.000329	106	0.003765
DP	0	1624	41	0.000229	80	0.002841
DP	0	1625	48	0.000268	83	0.002948
DP	0	1626	48	0.000268	98	0.003480
DP	0	1627	43	0.000240	90	0.003196
DP	0	1628	47	0.000262	88	0.003125
DP	0	1629	45	0.000251	91	0.003232
DP	0	1630	48	0.000268	82	0.002912
DP	0	1631	56	0.000312	86	0.003054
DP	0	1632	43	0.000240	72	0.002557
DP	0	1633	38	0.000212	99	0.003516
DP	0	1634	43	0.000240	102	0.003623
DP	0	1635	43	0.000240	93	0.003303
DP	0	1636	39	0.000217	79	0.002806
DP	0	1637	38	0.000212	91	0.003232
DP	0	1638	52	0.000290	105	0.003729
DP	0	1639	42	0.000234	102	0.003623
DP	0	1640	48	0.000268	77	0.002735
DP	0	1641	49	0.000273	103	0.003658
DP	0	1642	43	0.000240	92	0.003267
DP	0	1643	37	0.000206	102	0.003623
DP	0	1644	36	0.000201	91	0.003232
DP	0	1645	45	0.000251	81	0.002877
DP	0	1646	44	0.000245	88	0.003125
DP	0	1647	39	0.000217	83	0.002948
DP	0	1648	56	0.000312	83	0.002948
DP	0	1649	37	0.000206	91	0.003232
DP	0	1650	59	0.000329	99	0.003516
DP	0	1651	43	0.000240	86	0.003054
DP	0	1652	42	0.000234	86	0.003054
DP	0	1653	40	0.000223	85	0.003019
DP	0	1654	46	0.000256	119	0.004226
DP	0	1655	39	0.000217	107	0.003800
DP	0	1656	46	0.000256	90	0.003196
DP	0	1657	40	0.000223	83	0.002948
DP	0	1658	47	0.000262	90	0.003196
DP	0	1659	51	0.000284	85	0.003019
DP	0	1660	47	0.000262	86	0.003054
DP	0	1661	60	0.000334	94	0.003338
DP	0	1662	52	0.000290	88	0.003125
DP	0	1663	39	0.000217	100	0.003552
DP	0	1664	47	0.000262	74	0.002628
DP	0	1665	38	0.000212	98	0.003480
DP	0	1666	63	0.000351	89	0.003161
DP	0	1667	47	0.000262	86	0.003054
DP	0	1668	43	0.000240	71	0.002522
DP	0	1669	58	0.000323	94	0.003338
DP	0	1670	45	0.000251	94	0.003338
DP	0	1671	48	0.000268	99	0.003516
DP	0	1672	43	0.000240	73	0.002593
DP	0	1673	39	0.000217	85	0.003019
DP	0	1674	40	0.000223	75	0.002664
DP	0	1675	37	0.000206	95	0.003374
DP	0	1676	52	0.000290	96	0.003409
DP	0	1677	48	0.000268	77	0.002735
DP	0	1678	30	0.000167	74	0.002628
DP	0	1679	56	0.000312	98	0.003480
DP	0	1680	47	0.000262	82	0.002912
DP	0	1681	58	0.000323	88	0.003125
DP	0	1682	48	0.000268	73	0.002593
DP	0	1683	45	0.000251	78	0.002770
DP	0	1684	47	0.000262	97	0.003445
DP	0	1685	43	0.000240	93	0.003303
DP	0	1686	44	0.000245	79	0.002806
DP	0	1687	43	0.000240	77	0.002735
DP	0	1688	49	0.000273	84	0.002983
DP	0	1689	43	0.000240	86	0.003054
DP	0	1690	58	0.000323	91	0.003232
DP	0	1691	47	0.000262	86	0.003054
DP	0	1692	50	0.000279	77	0.002735
DP	0	1693	39	0.000217	76	0.002699
DP	0	1694	41	0.000229	86	0.003054
DP	0	1695	60	0.000334	60	0.002131
DP	0	1696	30	0.000167	86	0.003054
DP	0	1697	52	0.000290	75	0.002664
DP	0	1698	38	0.000212	78	0.002770
DP	0	1699	66	0.000368	89	0.003161
DP	0	1700	41	0.000229	78	0.002770
DP	0	1701	47	0.000262	83	0.002948
DP	0	1702	40	0.000223	96	0.003409
DP	0	1703	40	0.000223	84	0.002983
DP	0	1704	44	0.000245	94	0.003338
DP	0	1705	55	0.000307	80	0.002841
DP	0	1706	30	0.000167	80	0.002841
DP	0	1707	38	0.000212	69	0.002451
DP	0	1708	48	0.000268	83	0.002948
DP	0	1709	45	0.000251	92	0.003267
DP	0	1710	50	0.000279	95	0.003374
DP	0	1711	43	0.000240	75	0.002664
DP	0	1712	53	0.000295	73	0.002593
DP	0	1713	55	0.000307	82	0.002912
DP	0	1714	45	0.000251	81	0.002877
DP	0	1715	40	0.000223	88	0.003125
DP	0	1716	44	0.000245	67	0.002380
DP	0	1717	44	0.000245	89	0.003161
DP	0	1718	49	0.000273	74	0.002628
DP	0	1719	51	0.000284	93	0.003303
DP	0	1720	52	0.000290	76	0.002699
DP	0	1721	39	0.000217	73	0.002593
DP	0	1722	44	0.000245	84	0.002983
DP	0	1723	50	0.000279	76	0.002699
DP	0	1724	44	0.000245	81	0.002877
DP	0	1725	30	0.000167	93	0.003303
DP	0	1726	44	0.000245	88	0.003125
DP	0	1727	45	0.000251	91	0.003232
DP	0	1728	36	0.000201	84	0.002983
DP	0	1729	41	0.000229	79	0.002806
DP	0	1730	38	0.000212	85	0.003019
DP	0	1731	45	0.000251	65	0.002308
DP	0	1732	42	0.000234	89	0.003161
DP	0	1733	43	0.000240	79	0.002806
DP	0	1734	32	0.000178	65	0.002308
DP	0	1735	34	0.000189	94	0.003338
DP	0	1736	44	0.000245	75	0.002664
DP	0	1737	40	0.000223	84	0.002983
DP	0	1738	33	0.000184	75	0.002664
DP	0	1739	32	0.000178	87	0.003090
DP	0	1740	39	0.000217	82	0.002912
DP	0	1741	45	0.000251	83	0.002948
DP	0	1742	48	0.000268	89	0.003161
DP	0	1743	37	0.000206	79	0.002806
DP	0	1744	41	0.000229	86	0.003054
DP	0	1745	55	0.000307	68	0.002415
DP	0	1746	40	0.000223	87	0.003090
DP	0	1747	33	0.000184	93	0.003303
DP	0	1748	38	0.000212	77	0.002735
DP	0	1749	32	0.000178	61	0.002166
DP	0	1750	35	0.000195	66	0.002344
DP	0	1751	43	0.000240	69	0.002451
DP	0	1752	42	0.000234	70	0.002486
DP	0	1753	49	0.000273	92	0.003267
DP	0	1754	43	0.000240	72	0.002557
DP	0	1755	40	0.000223	88	0.003125
DP	0	1756	32	0.000178	75	0.002664
DP	0	1757	48	0.000268	74	0.002628
DP	0	1758	47	0.000262	84	0.002983
DP	0	1759	55	0.000307	74	0.002628
DP	0	1760	44	0.000245	61	0.002166
DP	0	1761	43	0.000240	88	0.003125
DP	0	1762	44	0.000245	68	0.002415
DP	0	1763	45	0.000251	78	0.002770
DP	0	1764	31	0.000173	67	0.002380
DP	0	1765	55	0.000307	73	0.002593
DP	0	1766	33	0.000184	84	0.002983
DP	0	1767	49	0.000273	70	0.002486
DP	0	1768	45	0.000251	90	0.003196
DP	0	1769	47	0.000262	69	0.002451
DP	0	1770	47	0.000262	69	0.002451
DP	0	1771	45	0.000251	72	0.002557
DP	0	1772	41	0.000229	73	0.002593
DP	0	1773	33	0.000184	80	0.002841
DP	0	1774	38	0.000212	59	0.002095
DP	0	1775	41	0.000229	83	0.002948
DP	0	1776	38	0.000212	80	0.002841
DP	0	1777	47	0.000262	83	0.002948
DP	0	1778	32	0.000178	72	0.002557
DP	0	1779	33	0.000184	86	0.003054
DP	0	1780	54	0.000301	69	0.002451
DP	0	1781	39	0.000217	82	0.002912
DP	0	1782	46	0.000256	66	0.002344
DP	0	1783	35	0.000195	76	0.002699
DP	0	1784	44	0.000245	83	0.002948
DP	0	1785	29	0.000162	87	0.003090
DP	0	1786	45	0.000251	79	0.002806
DP	0	1787	37	0.000206	74	0.002628
DP	0	1788	41	0.000229	75	0.002664
DP	0	1789	29	0.000162	83	0.002948
DP	0	1790	39	0.000217	59	0.002095
DP	0	1791	29	0.000162	65	0.002308
DP	0	1792	36	0.000201	84	0.002983
DP	0	1793	43	0.000240	80	0.002841
DP	0	1794	45	0.000251	87	0.003090
DP	0	1795	38	0.000212	64	0.002273
DP	0	1796	33	0.000184	66	0.002344
DP	0	1797	44	0.000245	80	0.002841
DP	0	1798	34	0.000189	72	0.002557
DP	0	1799	43	0.000240	57	0.002024
DP	0	1800	37	0.000206	80	0.002841
DP	0	1801	43	0.000240	77	0.002735
DP	0	1802	40	0.000223	83	0.002948
DP	0	1803	31	0.000173	84	0.002983
DP	0	1804	42	0.000234	60	0.002131
DP	0	1805	38	0.000212	80	0.002841
DP	0	1806	39	0.000217	79	0.002806
DP	0	1807	32	0.000178	92	0.003267
DP	0	1808	41	0.000229	78	0.002770
DP	0	1809	46	0.000256	58	0.002060
DP	0	1810	42	0.000234	69	0.002451
DP	0	1811	44	0.000245	51	0.001811
DP	0	1812	41	0.000229	75	0.002664
DP	0	1813	43	0.000240	83	0.002948
DP	0	1814	32	0.000178	62	0.002202
DP	0	1815	58	0.000323	62	0.002202
DP	0	1816	55	0.000307	69	0.002451
DP	0	1817	32	0.000178	70	0.002486
DP	0	1818	40	0.000223	74	0.002628
DP	0	1819	40	0.000223	76	0.002699
DP	0	1820	32	0.000178	74	0.002628
DP	0	1821	38	0.000212	77	0.002735
DP	0	1822	40	0.000223	81	0.002877
DP	0	1823	37	0.000206	82	0.002912
DP	0	1824	40	0.000223	65	0.002308
DP	0	1825	36	0.000201	59	0.002095
DP	0	1826	42	0.000234	85	0.003019
DP	0	1827	39	0.000217	55	0.001953
DP	0	1828	39	0.000217	57	0.002024
DP	0	1829	44	0.000245	69	0.002451
DP	0	1830	34	0.000189	71	0.002522
DP	0	1831	34	0.000189	72	0.002557
DP	0	1832	36	0.000201	77	0.002735
DP	0	1833	48	0.000268	80	0.002841
DP	0	1834	32	0.000178	65	0.002308
DP	0	1835	35	0.000195	80	0.002841
DP	0	1836	37	0.000206	87	0.003090
DP	0	1837	30	0.000167	64	0.002273
DP	0	1838	40	0.000223	85	0.003019
DP	0	1839	37	0.000206	78	0.002770
DP	0	1840	33	0.000184	76	0.002699
DP	0	1841	32	0.000178	71	0.002522
DP	0	1842	26	0.000145	83	0.002948
DP	0	1843	29	0.000162	65	0.002308
DP	0	1844	28	0.000156	82	0.002912
DP	0	1845	39	0.000217	62	0.002202
DP	0	1846	41	0.000229	75	0.002664
DP	0	1847	32	0.000178	60	0.002131
DP	0	1848	38	0.000212	69	0.002451
DP	0	1849	32	0.000178	74	0.002628
DP	0	1850	43	0.000240	49	0.001740
DP	0	1851	39	0.000217	65	0.002308
DP	0	1852	29	0.000162	67	0.002380
DP	0	1853	34	0.000189	65	0.002308
DP	0	1854	32	0.000178	69	0.002451
DP	0	1855	33	0.000184	77	0.002735
DP	0	1856	39	0.000217	69	0.002451
DP	0	1857	37	0.000206	49	0.001740
DP	0	1858	45	0.000251	79	0.002806
DP	0	1859	33	0.000184	75	0.002664
DP	0	1860	26	0.000145	68	0.002415
DP	0	1861	24	0.000134	60	0.002131
DP	0	1862	32	0.000178	63	0.002237
DP	0	1863	29	0.000162	69	0.002451
DP	0	1864	50	0.000279	55	0.001953
DP	0	1865	41	0.000229	56	0.001989
DP	0	1866	33	0.000184	58	0.002060
DP	0	1867	38	0.000212	61	0.002166
DP	0	1868	36	0.000201	84	0.002983
DP	0	1869	39	0.000217	68	0.002415
DP	0	1870	33	0.000184	70	0.002486
DP	0	1871	33	0.000184	58	0.002060
DP	0	1872	42	0.000234	49	0.001740
DP	0	1873	32	0.000178	67	0.002380
DP	0	1874	31	0.000173	63	0.002237
DP	0	1875	24	0.000134	66	0.002344
DP	0	1876	39	0.000217	58	0.002060
DP	0	1877	45	0.000251	67	0.002380
DP	0	1878	38	0.000212	67	0.002380
DP	0	1879	38	0.000212	51	0.001811
DP	0	1880	36	0.000201	77	0.002735
DP	0	1881	36	0.000201	75	0.002664
DP	0	1882	37	0.000206	67	0.002380
DP	0	1883	30	0.000167	60	0.002131
DP	0	1884	43	0.000240	56	0.001989
DP	0	1885	35	0.000195	67	0.002380
DP	0	1886	35	0.000195	55	0.001953
DP	0	1887	24	0.000134	65	0.002308
DP	0	1888	33	0.000184	60	0.002131
DP	0	1889	35	0.000195	60	0.002131
DP	0	1890	45	0.000251	64	0.002273
DP	0	1891	27	0.000150	52	0.001847
DP	0	1892	33	0.000184	60	0.002131
DP	0	1893	35	0.000195	66	0.002344
DP	0	1894	33	0.000184	70	0.002486
DP	0	1895	46	0.000256	77	0.002735
DP	0	1896	47	0.000262	59	0.002095
DP	0	1897	38	0.000212	78	0.002770
DP	0	1898	23	0.000128	72	0.002557
DP	0	1899	34	0.000189	70	0.002486
DP	0	1900	40	0.000223	66	0.002344
DP	0	1901	35	0.000195	65	0.002308
DP	0	1902	26	0.000145	61	0.002166
DP	0	1903	26	0.000145	61	0.002166
DP	0	1904	40	0.000223	70	0.002486
DP	0	1905	27	0.000150	82	0.002912
DP	0	1906	23	0.000128	64	0.002273
DP	0	1907	30	0.000167	70	0.002486
DP	0	1908	32	0.000178	58	0.002060
DP	0	1909	39	0.000217	67	0.002380
DP	0	1910	25	0.000139	63	0.002237
DP	0	1911	34	0.000189	58	0.002060
DP	0	1912	53	0.000295	80	0.002841
DP	0	1913	32	0.000178	77	0.002735
DP	0	1914	38	0.000212	73	0.002593
DP	0	1915	36	0.000201	72	0.002557
DP	0	1916	34	0.000189	63	0.002237
DP	0	1917	27	0.000150	51	0.001811
DP	0	1918	41	0.000229	61	0.002166
DP	0	1919	30	0.000167	65	0.002308
DP	0	1920	34	0.000189	72	0.002557
DP	0	1921	35	0.000195	77	0.002735
DP	0	1922	21	0.000117	58	0.002060
DP	0	1923	15	0.000084	66	0.002344
DP	0	1924	29	0.000162	57	0.002024
DP	0	1925	35	0.000195	61	0.002166
DP	0	1926	36	0.000201	71	0.002522
DP	0	1927	32	0.000178	54	0.001918
DP	0	1928	33	0.000184	73	0.002593
DP	0	1929	40	0.000223	81	0.002877
DP	0	1930	38	0.000212	62	0.002202
DP	0	1931	29	0.000162	53	0.001882
DP	0	1932	26	0.000145	50	0.001776
DP	0	1933	27	0.000150	53	0.001882
DP	0	1934	32	0.000178	49	0.001740
DP	0	1935	35	0.000195	58	0.002060
DP	0	1936	28	0.000156	56	0.001989
DP	0	1937	32	0.000178	53	0.001882
DP	0	1938	32	0.000178	76	0.002699
DP	0	1939	25	0.000139	61	0.002166
DP	0	1940	41	0.000229	71	0.002522
DP	0	1941	36	0.000201	44	0.001563
DP	0	1942	30	0.000167	68	0.002415
DP	0	1943	37	0.000206	59	0.002095
DP	0	1944	42	0.000234	69	0.002451
DP	0	1945	34	0.000189	53	0.001882
DP	0	1946	34	0.000189	70	0.002486
DP	0	1947	34	0.000189	58	0.002060
DP	0	1948	34	0.000189	53	0.001882
DP	0	1949	39	0.000217	60	0.002131
DP	0	1950	30	0.000167	84	0.002983
DP	0	1951	36	0.000201	48	0.001705
DP	0	1952	29	0.000162	61	0.002166
DP	0	1953	40	0.000223	61	0.002166
DP	0	1954	34	0.000189	57	0.002024
DP	0	1955	41	0.000229	57	0.002024
DP	0	1956	29	0.000162	74	0.002628
DP	0	1957	37	0.000206	67	0.002380
DP	0	1958	33	0.000184	60	0.002131
DP	0	1959	32	0.000178	60	0.002131
DP	0	1960	27	0.000150	58	0.002060
DP	0	1961	31	0.000173	71	0.002522
DP	0	1962	30	0.000167	67	0.002380
DP	0	1963	44	0.000245	56	0.001989
DP	0	1964	29	0.000162	57	0.002024
DP	0	1965	32	0.000178	48	0.001705
DP	0	1966	34	0.000189	61	0.002166
DP	0	1967	29	0.000162	58	0.002060
DP	0	1968	32	0.000178	67	0.002380
DP	0	1969	40	0.000223	55	0.001953
DP	0	1970	35	0.000195	62	0.002202
DP	0	1971	29	0.000162	67	0.002380
DP	0	1972	36	0.000201	56	0.001989
DP	0	1973	36	0.000201	63	0.002237
DP	0	1974	22	0.000123	61	0.002166
DP	0	1975	33	0.000184	75	0.002664
DP	0	1976	26	0.000145	57	0.002024
DP	0	1977	31	0.000173	66	0.002344
DP	0	1978	28	0.000156	62	0.002202
DP	0	1979	31	0.000173	67	0.002380
DP	0	1980	28	0.000156	72	0.002557
DP	0	1981	35	0.000195	58	0.002060
DP	0	1982	26	0.000145	61	0.002166
DP	0	1983	32	0.000178	51	0.001811
DP	0	1984	24	0.000134	58	0.002060
DP	0	1985	37	0.000206	60	0.002131
DP	0	1986	24	0.000134	56	0.001989
DP	0	1987	34	0.000189	59	0.002095
DP	0	1988	35	0.000195	63	0.002237
DP	0	1989	30	0.000167	62	0.002202
DP	0	1990	26	0.000145	51	0.001811
DP	0	1991	36	0.000201	60	0.002131
DP	0	1992	29	0.000162	63	0.002237
DP	0	1993	33	0.000184	54	0.001918
DP	0	1994	41	0.000229	61	0.002166
DP	0	1995	34	0.000189	68	0.002415
DP	0	1996	25	0.000139	42	0.001492
DP	0	1997	27	0.000150	52	0.001847
DP	0	1998	29	0.000162	59	0.002095
DP	0	1999	39	0.000217	61	0.002166
DP	0	2000	26	0.000145	52	0.001847
DP	0	>2000	34904	0.194534	83652	2.970909
