QUAL	[2]id	[3]Quality	[4]number of SNPs	[5]number of transitions (1st ALT)	[6]number of transversions (1st ALT)	[7]number of indels
QUAL	0	0	22756	11364	10132	1049
QUAL	0	1	3603	1760	1672	195
QUAL	0	2	2515	1317	1084	160
QUAL	0	3	1861	925	845	101
QUAL	0	4	2096	1064	975	106
QUAL	0	5	1906	976	903	128
QUAL	0	6	2068	1084	940	94
QUAL	0	7	2342	1260	1042	128
QUAL	0	8	2346	1219	1092	117
QUAL	0	9	2216	1209	969	132
QUAL	0	10	2420	1313	1065	106
QUAL	0	11	1918	1003	870	90
QUAL	0	12	1817	988	796	99
QUAL	0	13	1938	1038	864	80
QUAL	0	14	2186	1193	957	90
QUAL	0	15	1828	950	843	102
QUAL	0	16	1751	934	784	86
QUAL	0	17	1407	743	616	58
QUAL	0	18	1314	705	575	66
QUAL	0	19	1278	682	554	73
QUAL	0	20	1680	907	721	95
QUAL	0	21	1334	664	630	72
QUAL	0	22	1229	632	552	66
QUAL	0	23	1284	655	593	62
QUAL	0	24	2201	1134	1030	90
QUAL	0	25	1142	577	528	92
QUAL	0	26	1489	833	627	64
QUAL	0	27	1260	656	574	69
QUAL	0	28	1206	624	537	72
QUAL	0	29	1562	876	645	144
QUAL	0	30	1427	733	651	58
QUAL	0	31	1000	511	443	45
QUAL	0	32	1013	524	450	58
QUAL	0	33	1098	572	491	55
QUAL	0	34	1065	532	493	55
QUAL	0	35	1141	586	525	56
QUAL	0	36	971	503	434	56
QUAL	0	37	1074	579	461	54
QUAL	0	38	983	528	404	61
QUAL	0	39	873	467	367	53
QUAL	0	40	887	477	378	48
QUAL	0	41	1167	600	524	74
QUAL	0	42	1338	657	632	74
QUAL	0	43	1039	570	427	59
QUAL	0	44	993	530	421	48
QUAL	0	45	1033	510	478	41
QUAL	0	46	1757	873	845	153
QUAL	0	47	1039	528	473	62
QUAL	0	48	1159	576	551	65
QUAL	0	49	1069	538	487	64
QUAL	0	50	6361	3317	2993	343
QUAL	0	51	1212	644	518	54
QUAL	0	52	925	492	387	82
QUAL	0	53	897	487	384	47
QUAL	0	54	762	392	330	47
QUAL	0	55	791	404	344	57
QUAL	0	56	1892	1017	837	86
QUAL	0	57	761	388	333	49
QUAL	0	58	625	301	278	46
QUAL	0	59	684	354	292	44
QUAL	0	60	849	460	346	50
QUAL	0	61	717	356	317	43
QUAL	0	62	739	350	356	53
QUAL	0	63	757	378	318	42
QUAL	0	64	688	329	317	29
QUAL	0	65	931	504	384	46
QUAL	0	66	725	380	309	51
QUAL	0	67	661	321	302	41
QUAL	0	68	734	358	343	38
QUAL	0	69	1008	519	455	74
QUAL	0	70	658	343	272	49
QUAL	0	71	725	382	316	38
QUAL	0	72	739	395	316	40
QUAL	0	73	2455	1292	1123	140
QUAL	0	74	700	361	300	37
QUAL	0	75	610	307	258	43
QUAL	0	76	651	328	283	53
QUAL	0	77	2194	1162	1003	98
QUAL	0	78	577	295	242	48
QUAL	0	79	714	360	309	48
QUAL	0	80	554	300	225	36
QUAL	0	81	579	291	255	34
QUAL	0	82	720	355	319	41
QUAL	0	83	885	478	376	52
QUAL	0	84	543	264	248	37
QUAL	0	85	626	298	276	33
QUAL	0	86	1309	729	542	59
QUAL	0	87	477	239	200	34
QUAL	0	88	566	269	255	43
QUAL	0	89	590	297	258	34
QUAL	0	90	476	206	232	41
QUAL	0	91	525	272	223	30
QUAL	0	92	494	245	209	34
QUAL	0	93	658	353	259	46
QUAL	0	94	529	271	228	20
QUAL	0	95	499	251	214	35
QUAL	0	96	629	307	282	50
QUAL	0	97	1236	622	573	65
QUAL	0	98	467	222	200	27
QUAL	0	99	493	215	231	36
QUAL	0	100	1232	621	561	76
QUAL	0	101	494	238	226	27
QUAL	0	102	423	234	152	25
QUAL	0	103	465	231	189	21
QUAL	0	104	987	495	452	49
QUAL	0	105	413	189	193	36
QUAL	0	106	414	199	177	29
QUAL	0	107	456	213	210	27
QUAL	0	108	594	288	268	36
QUAL	0	109	449	224	184	28
QUAL	0	110	371	173	160	18
QUAL	0	111	466	225	199	29
QUAL	0	112	664	302	327	33
QUAL	0	113	394	201	161	30
QUAL	0	114	392	164	183	24
QUAL	0	115	505	255	208	29
QUAL	0	116	833	423	380	43
QUAL	0	117	381	174	176	22
QUAL	0	118	380	168	179	20
QUAL	0	119	574	300	239	35
QUAL	0	120	890	468	389	47
QUAL	0	121	418	198	172	27
QUAL	0	122	354	181	149	22
QUAL	0	123	690	350	304	35
QUAL	0	124	421	205	185	27
QUAL	0	125	335	170	129	22
QUAL	0	126	363	182	149	24
QUAL	0	127	610	320	255	28
QUAL	0	128	357	167	157	27
QUAL	0	129	351	159	161	26
QUAL	0	130	327	158	133	27
QUAL	0	131	494	282	183	26
QUAL	0	132	327	166	137	19
QUAL	0	133	328	156	144	13
QUAL	0	134	335	173	133	24
QUAL	0	135	334	153	148	24
QUAL	0	136	367	181	148	22
QUAL	0	137	378	191	166	15
QUAL	0	138	289	149	112	22
QUAL	0	139	371	202	128	23
QUAL	0	140	451	230	186	34
QUAL	0	141	399	180	192	16
QUAL	0	142	298	149	123	20
QUAL	0	143	768	423	315	50
QUAL	0	144	322	160	139	15
QUAL	0	145	351	192	126	23
QUAL	0	146	329	166	130	26
QUAL	0	147	590	305	262	26
QUAL	0	148	249	108	104	17
QUAL	0	149	268	143	91	11
QUAL	0	150	442	216	195	20
QUAL	0	151	382	190	158	14
QUAL	0	152	236	113	87	17
QUAL	0	153	257	123	104	23
QUAL	0	154	397	202	150	28
QUAL	0	155	284	128	131	15
QUAL	0	156	228	104	91	12
QUAL	0	157	233	109	92	12
QUAL	0	158	324	164	129	11
QUAL	0	159	273	140	105	18
QUAL	0	160	244	118	91	22
QUAL	0	161	218	95	97	19
QUAL	0	162	315	163	130	12
QUAL	0	163	271	144	100	25
QUAL	0	164	263	145	96	18
QUAL	0	165	254	134	96	16
QUAL	0	166	351	169	151	25
QUAL	0	167	521	231	265	22
QUAL	0	168	211	92	93	13
QUAL	0	169	249	127	101	13
QUAL	0	170	442	208	209	25
QUAL	0	171	222	120	72	15
QUAL	0	172	229	94	112	12
QUAL	0	173	287	145	114	15
QUAL	0	174	406	178	195	12
QUAL	0	175	203	87	86	13
QUAL	0	176	263	121	116	14
QUAL	0	177	322	151	143	21
QUAL	0	178	288	148	104	13
QUAL	0	179	210	104	78	14
QUAL	0	180	258	116	119	22
QUAL	0	181	278	131	130	14
QUAL	0	182	192	97	78	21
QUAL	0	183	246	121	100	15
QUAL	0	184	193	98	69	15
QUAL	0	185	200	92	81	13
QUAL	0	186	231	103	100	12
QUAL	0	187	234	117	100	14
QUAL	0	188	191	94	74	15
QUAL	0	189	226	93	99	25
QUAL	0	190	398	221	158	18
QUAL	0	191	244	123	93	11
QUAL	0	192	177	83	59	15
QUAL	0	193	210	104	86	12
QUAL	0	194	290	143	120	18
QUAL	0	195	165	74	66	12
QUAL	0	196	245	115	102	14
QUAL	0	197	249	114	107	15
QUAL	0	198	197	106	66	9
QUAL	0	199	190	98	66	10
QUAL	0	200	230	108	100	18
QUAL	0	201	251	126	98	20
QUAL	0	202	174	84	65	11
QUAL	0	203	171	85	62	12
QUAL	0	204	217	95	96	18
QUAL	0	205	188	102	66	12
QUAL	0	206	174	80	67	9
QUAL	0	207	177	89	64	20
QUAL	0	208	189	90	85	8
QUAL	0	209	185	93	70	14
QUAL	0	210	184	91	76	6
QUAL	0	211	200	85	86	11
QUAL	0	212	217	107	86	17
QUAL	0	213	202	101	77	11
QUAL	0	214	173	77	71	13
QUAL	0	215	174	84	70	4
QUAL	0	216	161	86	63	8
QUAL	0	217	252	120	107	15
QUAL	0	218	139	63	58	9
QUAL	0	219	181	82	78	5
QUAL	0	220	191	100	78	8
QUAL	0	221	166	82	59	8
QUAL	0	222	182	86	74	9
QUAL	0	223	155	76	59	8
QUAL	0	224	202	88	88	8
QUAL	0	225	158	67	70	10
QUAL	0	226	161	76	61	8
QUAL	0	227	151	78	55	11
QUAL	0	228	180	87	66	6
QUAL	0	229	173	74	73	10
QUAL	0	230	177	75	87	4
QUAL	0	231	162	70	69	8
QUAL	0	232	171	77	68	4
QUAL	0	233	175	88	63	10
QUAL	0	234	161	80	58	14
QUAL	0	235	147	72	54	8
QUAL	0	236	183	76	79	13
QUAL	0	237	202	92	82	13
QUAL	0	238	139	61	57	10
QUAL	0	239	141	72	50	11
QUAL	0	240	207	94	88	12
QUAL	0	241	142	67	56	6
QUAL	0	242	137	66	54	13
QUAL	0	243	154	73	63	7
QUAL	0	244	166	75	69	9
QUAL	0	245	129	57	47	6
QUAL	0	246	157	69	64	11
QUAL	0	247	158	75	68	11
QUAL	0	248	148	72	58	9
QUAL	0	249	134	61	45	7
QUAL	0	250	117	54	45	7
QUAL	0	251	150	84	51	8
QUAL	0	252	127	65	48	5
QUAL	0	253	117	52	47	15
QUAL	0	254	102	53	36	5
QUAL	0	255	147	74	55	9
QUAL	0	256	119	57	46	14
QUAL	0	257	113	57	39	5
QUAL	0	258	150	72	56	1
QUAL	0	259	176	89	72	16
QUAL	0	260	153	73	59	12
QUAL	0	261	128	65	40	6
QUAL	0	262	146	73	53	8
QUAL	0	263	117	63	41	11
QUAL	0	264	165	92	60	6
QUAL	0	265	104	50	41	10
QUAL	0	266	136	69	45	10
QUAL	0	267	171	80	74	12
QUAL	0	268	125	48	58	7
QUAL	0	269	131	55	50	7
QUAL	0	270	134	64	58	6
QUAL	0	271	154	68	69	14
QUAL	0	272	137	55	54	8
QUAL	0	273	127	58	58	5
QUAL	0	274	113	54	49	8
QUAL	0	275	110	54	34	3
QUAL	0	276	104	45	48	7
QUAL	0	277	114	52	48	5
QUAL	0	278	144	65	56	5
QUAL	0	279	115	49	49	10
QUAL	0	280	118	55	43	4
QUAL	0	281	105	41	42	7
QUAL	0	282	91	40	40	11
QUAL	0	283	136	62	57	7
QUAL	0	284	113	52	46	7
QUAL	0	285	123	63	44	2
QUAL	0	286	116	46	52	3
QUAL	0	287	168	87	63	7
QUAL	0	288	110	34	54	8
QUAL	0	289	118	50	50	8
QUAL	0	290	135	57	57	8
QUAL	0	291	155	69	64	6
QUAL	0	292	98	45	31	2
QUAL	0	293	119	56	46	8
QUAL	0	294	125	67	43	10
QUAL	0	295	90	43	36	8
QUAL	0	296	102	47	31	9
QUAL	0	297	117	55	50	6
QUAL	0	298	110	44	46	7
QUAL	0	299	105	44	42	3
QUAL	0	300	84	37	32	6
QUAL	0	301	101	58	34	5
QUAL	0	302	103	46	41	7
QUAL	0	303	101	46	36	11
QUAL	0	304	91	42	32	5
QUAL	0	305	108	58	34	8
QUAL	0	306	100	45	40	3
QUAL	0	307	96	38	45	10
QUAL	0	308	93	51	32	4
QUAL	0	309	100	46	38	3
QUAL	0	310	141	62	66	7
QUAL	0	311	83	34	27	4
QUAL	0	312	111	49	42	6
QUAL	0	313	97	38	38	6
QUAL	0	314	146	65	68	9
QUAL	0	315	73	31	30	5
QUAL	0	316	85	37	37	6
QUAL	0	317	128	55	58	7
QUAL	0	318	80	41	21	4
QUAL	0	319	87	42	34	5
QUAL	0	320	92	43	34	6
QUAL	0	321	95	39	42	5
QUAL	0	322	89	43	30	9
QUAL	0	323	82	34	38	5
QUAL	0	324	91	42	36	6
QUAL	0	325	93	44	34	7
QUAL	0	326	92	39	33	7
QUAL	0	327	104	48	37	4
QUAL	0	328	88	39	37	14
QUAL	0	329	84	37	32	7
QUAL	0	330	91	42	34	7
QUAL	0	331	86	34	32	4
QUAL	0	332	80	38	31	3
QUAL	0	333	104	44	40	5
QUAL	0	334	106	46	51	4
QUAL	0	335	93	41	35	5
QUAL	0	336	93	50	31	3
QUAL	0	337	111	51	45	7
QUAL	0	338	75	33	26	6
QUAL	0	339	67	33	29	1
QUAL	0	340	96	49	39	6
QUAL	0	341	102	50	39	3
QUAL	0	342	71	36	27	6
QUAL	0	343	71	35	27	3
QUAL	0	344	98	43	42	8
QUAL	0	345	82	32	34	5
QUAL	0	346	73	34	25	5
QUAL	0	347	79	39	24	7
QUAL	0	348	92	48	28	4
QUAL	0	349	66	38	22	2
QUAL	0	350	67	29	30	1
QUAL	0	351	56	16	26	3
QUAL	0	352	74	38	27	8
QUAL	0	353	90	40	34	6
QUAL	0	354	73	36	29	5
QUAL	0	355	86	39	34	5
QUAL	0	356	77	34	27	6
QUAL	0	357	105	48	47	4
QUAL	0	358	58	26	22	10
QUAL	0	359	59	28	25	8
QUAL	0	360	67	30	28	5
QUAL	0	361	110	48	42	5
QUAL	0	362	68	34	22	3
QUAL	0	363	71	33	21	4
QUAL	0	364	92	49	31	5
QUAL	0	365	56	24	19	3
QUAL	0	366	71	31	20	6
QUAL	0	367	79	41	27	7
QUAL	0	368	97	46	34	5
QUAL	0	369	65	26	22	7
QUAL	0	370	78	46	20	1
QUAL	0	371	65	25	27	4
QUAL	0	372	69	29	33	5
QUAL	0	373	50	24	17	5
QUAL	0	374	58	28	19	6
QUAL	0	375	70	33	24	5
QUAL	0	376	74	31	26	5
QUAL	0	377	66	27	28	7
QUAL	0	378	67	20	36	4
QUAL	0	379	74	33	26	4
QUAL	0	380	84	34	29	6
QUAL	0	381	56	17	26	4
QUAL	0	382	62	32	23	3
QUAL	0	383	66	27	28	7
QUAL	0	384	88	42	27	5
QUAL	0	385	72	34	23	1
QUAL	0	386	50	24	21	3
QUAL	0	387	79	40	26	4
QUAL	0	388	97	36	35	6
QUAL	0	389	68	33	20	1
QUAL	0	390	64	30	21	6
QUAL	0	391	68	28	29	2
QUAL	0	392	69	29	26	2
QUAL	0	393	63	20	27	6
QUAL	0	394	83	39	28	3
QUAL	0	395	66	35	15	5
QUAL	0	396	61	32	16	3
QUAL	0	397	70	25	31	5
QUAL	0	398	39	16	12	3
QUAL	0	399	65	37	17	4
QUAL	0	400	59	14	32	7
QUAL	0	401	60	29	21	3
QUAL	0	402	63	19	22	2
QUAL	0	403	54	19	22	5
QUAL	0	404	64	37	17	4
QUAL	0	405	45	21	16	3
QUAL	0	406	62	36	18	6
QUAL	0	407	83	45	26	5
QUAL	0	408	49	28	11	2
QUAL	0	409	56	22	24	4
QUAL	0	410	56	32	19	1
QUAL	0	411	70	34	27	7
QUAL	0	412	59	34	21	6
QUAL	0	413	47	21	18	3
QUAL	0	414	80	37	26	4
QUAL	0	415	53	18	27	0
QUAL	0	416	54	26	19	2
QUAL	0	417	63	32	18	2
QUAL	0	418	58	24	21	6
QUAL	0	419	54	23	16	3
QUAL	0	420	67	23	29	7
QUAL	0	421	58	34	17	1
QUAL	0	422	53	24	17	3
QUAL	0	423	54	23	26	1
QUAL	0	424	66	33	16	7
QUAL	0	425	52	24	24	3
QUAL	0	426	53	27	16	2
QUAL	0	427	69	36	19	3
QUAL	0	428	55	23	21	0
QUAL	0	429	52	24	16	2
QUAL	0	430	69	35	14	3
QUAL	0	431	68	36	22	4
QUAL	0	432	58	26	19	7
QUAL	0	433	56	24	23	0
QUAL	0	434	75	40	22	2
QUAL	0	435	60	28	23	2
QUAL	0	436	55	28	19	6
QUAL	0	437	67	32	19	5
QUAL	0	438	50	24	16	4
QUAL	0	439	53	20	22	3
QUAL	0	440	75	30	24	4
QUAL	0	441	59	21	24	4
QUAL	0	442	62	29	22	4
QUAL	0	443	45	19	20	7
QUAL	0	444	53	26	14	4
QUAL	0	445	58	31	18	1
QUAL	0	446	55	23	16	3
QUAL	0	447	54	24	19	3
QUAL	0	448	40	12	15	3
QUAL	0	449	59	23	27	8
QUAL	0	450	46	28	8	1
QUAL	0	451	40	23	8	3
QUAL	0	452	48	23	17	4
QUAL	0	453	36	14	17	3
QUAL	0	454	60	28	20	3
QUAL	0	455	44	23	13	2
QUAL	0	456	49	25	18	1
QUAL	0	457	45	14	17	4
QUAL	0	458	66	34	21	3
QUAL	0	459	51	20	15	7
QUAL	0	460	49	15	21	1
QUAL	0	461	59	27	20	4
QUAL	0	462	67	33	28	3
QUAL	0	463	42	25	10	2
QUAL	0	464	55	22	23	4
QUAL	0	465	49	18	21	0
QUAL	0	466	41	15	17	4
QUAL	0	467	50	25	17	0
QUAL	0	468	40	10	17	1
QUAL	0	469	52	25	14	1
QUAL	0	470	46	22	20	1
QUAL	0	471	50	19	18	4
QUAL	0	472	43	18	18	2
QUAL	0	473	37	10	16	1
QUAL	0	474	49	16	25	5
QUAL	0	475	35	16	10	3
QUAL	0	476	40	22	12	4
QUAL	0	477	50	21	20	4
QUAL	0	478	47	26	9	2
QUAL	0	479	43	11	22	2
QUAL	0	480	38	18	12	3
QUAL	0	481	57	29	21	1
QUAL	0	482	37	12	11	5
QUAL	0	483	43	13	14	3
QUAL	0	484	39	14	18	5
QUAL	0	485	43	17	18	5
QUAL	0	486	38	15	12	5
QUAL	0	487	50	21	21	4
QUAL	0	488	41	25	9	2
QUAL	0	489	43	19	12	2
QUAL	0	490	42	19	14	3
QUAL	0	491	43	16	16	4
QUAL	0	492	40	22	14	3
QUAL	0	493	39	18	14	4
QUAL	0	494	48	23	17	4
QUAL	0	495	48	19	20	3
QUAL	0	496	33	16	11	2
QUAL	0	497	47	18	16	3
QUAL	0	498	30	9	12	2
QUAL	0	499	39	22	6	2
QUAL	0	500	32	14	9	5
QUAL	0	501	53	27	18	0
QUAL	0	502	33	12	13	5
QUAL	0	503	36	16	10	6
QUAL	0	504	51	25	19	9
QUAL	0	505	37	14	13	3
QUAL	0	506	40	15	19	1
QUAL	0	507	44	20	14	5
QUAL	0	508	40	16	15	3
QUAL	0	509	37	14	13	2
QUAL	0	510	29	10	12	3
QUAL	0	511	32	15	7	3
QUAL	0	512	45	17	16	1
QUAL	0	513	29	13	5	1
QUAL	0	514	32	8	13	2
QUAL	0	515	36	13	15	0
QUAL	0	516	32	18	8	4
QUAL	0	517	33	14	14	0
QUAL	0	518	31	11	13	1
QUAL	0	519	37	17	12	2
QUAL	0	520	35	17	11	1
QUAL	0	521	34	17	10	2
QUAL	0	522	38	9	21	2
QUAL	0	523	29	13	13	1
QUAL	0	524	41	22	19	2
QUAL	0	525	27	14	7	4
QUAL	0	526	35	21	11	3
QUAL	0	527	30	16	10	2
QUAL	0	528	52	23	17	3
QUAL	0	529	31	12	8	3
QUAL	0	530	29	12	6	2
QUAL	0	531	37	17	13	1
QUAL	0	532	40	18	13	3
QUAL	0	533	38	17	12	2
QUAL	0	534	39	14	13	0
QUAL	0	535	25	9	9	2
QUAL	0	536	43	16	18	3
QUAL	0	537	32	11	17	0
QUAL	0	538	29	12	12	3
QUAL	0	539	33	15	11	2
QUAL	0	540	39	11	16	2
QUAL	0	541	30	13	11	3
QUAL	0	542	36	14	12	3
QUAL	0	543	31	11	12	3
QUAL	0	544	35	11	17	1
QUAL	0	545	44	18	14	3
QUAL	0	546	31	15	8	3
QUAL	0	547	50	25	16	4
QUAL	0	548	33	15	13	0
QUAL	0	549	23	10	7	1
QUAL	0	550	30	17	11	1
QUAL	0	551	42	20	11	2
QUAL	0	552	21	5	11	2
QUAL	0	553	38	14	12	2
QUAL	0	554	43	22	12	0
QUAL	0	555	36	18	10	3
QUAL	0	556	26	8	13	2
QUAL	0	557	38	20	10	2
QUAL	0	558	36	16	13	4
QUAL	0	559	22	9	8	4
QUAL	0	560	29	11	10	3
QUAL	0	561	33	13	8	2
QUAL	0	562	39	14	14	4
QUAL	0	563	31	17	8	3
QUAL	0	564	27	13	12	1
QUAL	0	565	34	10	15	2
QUAL	0	566	32	18	8	0
QUAL	0	567	21	12	5	0
QUAL	0	568	32	14	14	0
QUAL	0	569	31	12	6	3
QUAL	0	570	28	16	4	3
QUAL	0	571	51	27	21	3
QUAL	0	572	29	14	6	3
QUAL	0	573	26	11	8	2
QUAL	0	574	35	21	8	1
QUAL	0	575	18	6	8	2
QUAL	0	576	29	14	8	4
QUAL	0	577	30	9	10	2
QUAL	0	578	41	16	19	3
QUAL	0	579	29	7	11	6
QUAL	0	580	24	13	8	2
QUAL	0	581	24	13	7	2
QUAL	0	582	21	13	6	1
QUAL	0	583	25	11	5	0
QUAL	0	584	23	8	7	1
QUAL	0	585	35	15	17	3
QUAL	0	586	26	11	6	0
QUAL	0	587	24	10	7	1
QUAL	0	588	20	6	9	1
QUAL	0	589	25	11	10	0
QUAL	0	590	25	12	10	1
QUAL	0	591	20	7	7	3
QUAL	0	592	33	15	9	2
QUAL	0	593	27	13	5	1
QUAL	0	594	32	20	7	0
QUAL	0	595	22	10	8	1
QUAL	0	596	29	14	8	2
QUAL	0	597	23	14	4	0
QUAL	0	598	34	15	10	2
QUAL	0	599	27	10	9	1
QUAL	0	600	26	12	4	1
QUAL	0	601	41	22	15	0
QUAL	0	602	34	11	12	2
QUAL	0	603	23	11	4	4
QUAL	0	604	27	4	13	3
QUAL	0	605	24	11	9	0
QUAL	0	606	38	17	7	1
QUAL	0	607	32	15	8	2
QUAL	0	608	25	8	8	3
QUAL	0	609	19	8	6	3
QUAL	0	610	21	5	11	1
QUAL	0	611	17	4	6	1
QUAL	0	612	30	17	7	0
QUAL	0	613	30	10	9	1
QUAL	0	614	29	15	9	1
QUAL	0	615	33	17	10	2
QUAL	0	616	24	7	7	0
QUAL	0	617	33	16	8	3
QUAL	0	618	22	9	8	0
QUAL	0	619	22	11	10	0
QUAL	0	620	23	10	3	1
QUAL	0	621	30	7	15	0
QUAL	0	622	19	6	8	2
QUAL	0	623	16	7	6	1
QUAL	0	624	26	13	7	4
QUAL	0	625	25	11	7	1
QUAL	0	626	14	5	5	0
QUAL	0	627	26	10	9	0
QUAL	0	628	30	8	12	1
QUAL	0	629	18	6	5	0
QUAL	0	630	25	10	7	3
QUAL	0	631	13	7	2	0
QUAL	0	632	24	8	9	1
QUAL	0	633	24	4	14	1
QUAL	0	634	19	6	7	3
QUAL	0	635	26	9	12	3
QUAL	0	636	22	9	9	0
QUAL	0	637	30	12	9	2
QUAL	0	638	19	9	4	3
QUAL	0	639	16	7	3	0
QUAL	0	640	30	12	11	3
QUAL	0	641	17	7	3	0
QUAL	0	642	22	9	5	2
QUAL	0	643	35	16	12	1
QUAL	0	644	28	10	10	2
QUAL	0	645	21	11	6	0
QUAL	0	646	22	11	9	0
QUAL	0	647	22	10	8	0
QUAL	0	648	28	14	9	3
QUAL	0	649	22	10	8	2
QUAL	0	650	17	6	10	0
QUAL	0	651	16	3	5	0
QUAL	0	652	22	7	8	4
QUAL	0	653	22	6	7	2
QUAL	0	654	21	8	6	0
QUAL	0	655	29	11	8	2
QUAL	0	656	24	12	9	0
QUAL	0	657	18	10	2	0
QUAL	0	658	15	3	6	1
QUAL	0	659	24	7	7	1
QUAL	0	660	21	10	7	0
QUAL	0	661	21	8	9	2
QUAL	0	662	23	8	13	2
QUAL	0	663	31	12	14	2
QUAL	0	664	29	5	8	3
QUAL	0	665	25	9	10	0
QUAL	0	666	9	1	3	0
QUAL	0	667	25	10	7	1
QUAL	0	668	28	11	8	3
QUAL	0	669	16	9	4	1
QUAL	0	670	21	9	8	0
QUAL	0	671	21	8	8	1
QUAL	0	672	20	10	5	1
QUAL	0	673	20	10	4	0
QUAL	0	674	17	9	3	2
QUAL	0	675	20	9	4	2
QUAL	0	676	18	6	6	0
QUAL	0	677	19	9	9	1
QUAL	0	678	22	12	4	0
QUAL	0	679	21	6	9	1
QUAL	0	680	32	15	10	4
QUAL	0	681	25	10	8	1
QUAL	0	682	18	5	7	0
QUAL	0	683	14	3	6	2
QUAL	0	684	25	4	11	0
QUAL	0	685	17	5	9	1
QUAL	0	686	17	7	5	1
QUAL	0	687	27	6	11	4
QUAL	0	688	23	11	7	2
QUAL	0	689	15	8	3	3
QUAL	0	690	17	4	9	2
QUAL	0	691	23	5	12	0
QUAL	0	692	25	8	7	1
QUAL	0	693	16	4	8	1
QUAL	0	694	24	9	12	0
QUAL	0	695	14	5	6	0
QUAL	0	696	17	9	5	0
QUAL	0	697	18	9	6	2
QUAL	0	698	28	17	6	1
QUAL	0	699	21	9	9	2
QUAL	0	700	19	8	6	0
QUAL	0	701	12	4	5	0
QUAL	0	702	18	9	2	1
QUAL	0	703	16	6	5	1
QUAL	0	704	21	12	6	0
QUAL	0	705	18	6	4	1
QUAL	0	706	19	6	6	2
QUAL	0	707	18	5	7	0
QUAL	0	708	22	6	9	6
QUAL	0	709	15	7	3	1
QUAL	0	710	22	11	4	1
QUAL	0	711	19	7	6	1
QUAL	0	712	15	4	6	1
QUAL	0	713	17	7	5	1
QUAL	0	714	24	10	7	1
QUAL	0	715	21	7	4	3
QUAL	0	716	23	7	6	2
QUAL	0	717	22	9	5	3
QUAL	0	718	24	12	7	3
QUAL	0	719	17	7	5	3
QUAL	0	720	21	8	7	1
QUAL	0	721	15	3	7	0
QUAL	0	722	14	6	5	1
QUAL	0	723	26	7	9	1
QUAL	0	724	22	4	8	2
QUAL	0	725	21	8	8	1
QUAL	0	726	15	6	6	1
QUAL	0	727	14	6	4	1
QUAL	0	728	18	9	4	0
QUAL	0	729	18	5	6	1
QUAL	0	730	21	7	8	2
QUAL	0	731	9	6	2	1
QUAL	0	732	12	3	6	1
QUAL	0	733	16	7	3	1
QUAL	0	734	17	6	5	1
QUAL	0	735	18	6	8	1
QUAL	0	736	16	8	4	1
QUAL	0	737	12	7	1	0
QUAL	0	738	23	8	3	1
QUAL	0	739	14	4	3	3
QUAL	0	740	21	12	7	2
QUAL	0	741	17	3	9	1
QUAL	0	742	18	7	8	0
QUAL	0	743	18	10	3	2
QUAL	0	744	15	8	4	1
QUAL	0	745	16	7	4	0
QUAL	0	746	9	5	3	2
QUAL	0	747	19	7	7	1
QUAL	0	748	15	5	6	1
QUAL	0	749	22	3	10	5
QUAL	0	750	19	6	9	0
QUAL	0	751	13	4	6	1
QUAL	0	752	16	7	5	1
QUAL	0	753	21	9	6	2
QUAL	0	754	17	7	5	0
QUAL	0	755	13	4	5	0
QUAL	0	756	19	6	6	0
QUAL	0	757	19	12	5	0
QUAL	0	758	20	8	8	1
QUAL	0	759	12	4	2	3
QUAL	0	760	17	4	5	1
QUAL	0	761	20	9	7	1
QUAL	0	762	13	7	4	0
QUAL	0	763	16	7	4	2
QUAL	0	764	17	6	5	0
QUAL	0	765	16	8	5	0
QUAL	0	766	17	6	6	2
QUAL	0	767	16	4	9	1
QUAL	0	768	25	15	4	1
QUAL	0	769	20	9	7	2
QUAL	0	770	13	7	2	1
QUAL	0	771	15	4	3	0
QUAL	0	772	20	8	10	1
QUAL	0	773	11	4	4	1
QUAL	0	774	24	5	12	0
QUAL	0	775	16	6	6	1
QUAL	0	776	17	5	5	0
QUAL	0	777	11	3	4	0
QUAL	0	778	17	5	2	2
QUAL	0	779	13	5	5	1
QUAL	0	780	13	5	5	3
QUAL	0	781	17	5	5	0
QUAL	0	782	16	9	6	2
QUAL	0	783	17	5	6	1
QUAL	0	784	18	9	8	1
QUAL	0	785	16	4	8	2
QUAL	0	786	10	4	3	0
QUAL	0	787	12	6	2	0
QUAL	0	788	16	6	5	2
QUAL	0	789	13	3	4	1
QUAL	0	790	9	3	3	1
QUAL	0	791	13	7	4	0
QUAL	0	792	19	6	7	1
QUAL	0	793	16	7	7	0
QUAL	0	794	12	8	2	1
QUAL	0	795	15	5	7	3
QUAL	0	796	14	4	4	0
QUAL	0	797	14	4	4	0
QUAL	0	798	13	7	4	0
QUAL	0	799	11	6	0	1
QUAL	0	800	14	4	4	3
QUAL	0	801	14	5	5	0
QUAL	0	802	13	5	2	1
QUAL	0	803	19	3	6	0
QUAL	0	804	13	2	3	0
QUAL	0	805	18	7	6	1
QUAL	0	806	13	5	3	0
QUAL	0	807	14	6	4	0
QUAL	0	808	13	3	4	1
QUAL	0	809	10	4	2	1
QUAL	0	810	22	9	9	2
QUAL	0	811	8	3	4	1
QUAL	0	812	15	8	3	0
QUAL	0	813	12	5	5	0
QUAL	0	814	16	7	7	0
QUAL	0	815	17	5	6	1
QUAL	0	816	12	8	3	1
QUAL	0	817	11	4	4	2
QUAL	0	818	8	2	3	0
QUAL	0	819	20	8	7	1
QUAL	0	820	8	1	6	1
QUAL	0	821	12	2	4	1
QUAL	0	822	15	4	5	0
QUAL	0	823	12	3	3	0
QUAL	0	824	16	3	5	1
QUAL	0	825	13	2	3	1
QUAL	0	826	12	2	6	0
QUAL	0	827	13	6	4	0
QUAL	0	828	11	3	4	1
QUAL	0	829	10	4	3	0
QUAL	0	830	14	7	5	1
QUAL	0	831	13	1	9	0
QUAL	0	832	15	4	6	1
QUAL	0	833	11	6	2	2
QUAL	0	834	10	4	5	2
QUAL	0	835	12	3	4	0
QUAL	0	836	14	6	5	0
QUAL	0	837	10	3	3	1
QUAL	0	838	15	3	5	3
QUAL	0	839	10	2	4	0
QUAL	0	840	15	8	3	0
QUAL	0	841	15	6	6	0
QUAL	0	842	30	14	5	0
QUAL	0	843	12	6	6	0
QUAL	0	844	13	4	3	3
QUAL	0	845	17	10	2	2
QUAL	0	846	22	12	7	2
QUAL	0	847	13	7	2	0
QUAL	0	848	13	8	3	0
QUAL	0	849	10	3	3	0
QUAL	0	850	11	2	5	0
QUAL	0	851	10	4	2	0
QUAL	0	852	10	5	2	1
QUAL	0	853	11	2	6	1
QUAL	0	854	11	4	4	1
QUAL	0	855	15	5	2	0
QUAL	0	856	16	9	3	0
QUAL	0	857	15	6	3	0
QUAL	0	858	16	5	9	0
QUAL	0	859	14	5	4	0
QUAL	0	860	11	4	3	0
QUAL	0	861	16	4	5	2
QUAL	0	862	9	2	2	1
QUAL	0	863	10	2	4	0
QUAL	0	864	8	3	3	1
QUAL	0	865	19	8	6	1
QUAL	0	866	12	7	1	1
QUAL	0	867	10	2	5	0
QUAL	0	868	10	4	5	0
QUAL	0	869	14	5	4	1
QUAL	0	870	13	4	5	1
QUAL	0	871	7	2	4	0
QUAL	0	872	13	3	5	1
QUAL	0	873	9	1	5	1
QUAL	0	874	9	3	3	1
QUAL	0	875	11	4	4	1
QUAL	0	876	9	0	3	1
QUAL	0	877	14	6	6	1
QUAL	0	878	12	3	4	0
QUAL	0	879	15	4	4	0
QUAL	0	880	17	4	5	1
QUAL	0	881	14	7	3	0
QUAL	0	882	15	7	4	0
QUAL	0	883	11	2	2	1
QUAL	0	884	11	4	4	0
QUAL	0	885	11	3	4	2
QUAL	0	886	12	2	7	0
QUAL	0	887	4	1	2	0
QUAL	0	888	11	4	5	0
QUAL	0	889	18	7	7	0
QUAL	0	890	14	5	4	1
QUAL	0	891	12	6	3	0
QUAL	0	892	12	5	4	1
QUAL	0	893	10	4	3	0
QUAL	0	894	16	5	5	0
QUAL	0	895	5	3	2	1
QUAL	0	896	10	4	2	0
QUAL	0	897	12	6	3	1
QUAL	0	898	9	3	0	0
QUAL	0	899	12	5	1	0
QUAL	0	900	9	3	5	1
QUAL	0	901	19	9	6	1
QUAL	0	902	11	6	2	0
QUAL	0	903	8	3	3	1
QUAL	0	904	13	6	5	0
QUAL	0	905	14	6	5	1
QUAL	0	906	8	4	2	2
QUAL	0	907	7	1	4	0
QUAL	0	908	16	8	6	0
QUAL	0	909	9	3	2	0
QUAL	0	910	9	4	3	0
QUAL	0	911	7	0	2	1
QUAL	0	912	18	4	5	0
QUAL	0	913	8	1	4	0
QUAL	0	914	13	5	6	1
QUAL	0	915	11	5	2	2
QUAL	0	916	9	3	2	0
QUAL	0	917	11	8	1	0
QUAL	0	918	11	5	2	0
QUAL	0	919	7	1	3	0
QUAL	0	920	12	4	2	2
QUAL	0	921	7	4	2	0
QUAL	0	922	6	3	2	0
QUAL	0	923	11	2	3	0
QUAL	0	924	13	1	5	0
QUAL	0	925	11	4	3	0
QUAL	0	926	13	2	6	1
QUAL	0	927	8	4	1	0
QUAL	0	928	15	7	5	0
QUAL	0	929	4	2	1	0
QUAL	0	930	10	2	3	1
QUAL	0	931	6	0	2	0
QUAL	0	932	3	3	0	1
QUAL	0	933	11	3	5	2
QUAL	0	934	6	2	2	0
QUAL	0	935	9	4	4	0
QUAL	0	936	16	6	5	0
QUAL	0	937	12	5	4	2
QUAL	0	938	4	1	1	1
QUAL	0	939	8	6	1	0
QUAL	0	940	10	4	3	0
QUAL	0	941	7	2	3	0
QUAL	0	942	11	3	3	0
QUAL	0	943	11	5	4	2
QUAL	0	944	4	0	3	1
QUAL	0	945	10	6	3	0
QUAL	0	946	7	2	2	1
QUAL	0	947	8	2	2	2
QUAL	0	948	12	4	3	0
QUAL	0	949	12	8	3	2
QUAL	0	950	9	3	1	0
QUAL	0	951	10	4	2	0
QUAL	0	952	7	3	1	2
QUAL	0	953	7	4	1	2
QUAL	0	954	6	2	0	1
QUAL	0	955	14	5	5	0
QUAL	0	956	8	2	4	0
QUAL	0	957	12	4	4	1
QUAL	0	958	9	3	3	0
QUAL	0	959	10	3	3	1
QUAL	0	960	8	2	1	0
QUAL	0	961	4	1	2	0
QUAL	0	962	11	6	2	4
QUAL	0	963	11	5	4	0
QUAL	0	964	9	2	3	1
QUAL	0	965	3	1	2	0
QUAL	0	966	9	5	2	1
QUAL	0	967	9	4	2	0
QUAL	0	968	10	4	5	1
QUAL	0	969	13	3	5	1
QUAL	0	970	9	4	2	1
QUAL	0	971	10	6	2	1
QUAL	0	972	16	7	7	0
QUAL	0	973	6	2	1	1
QUAL	0	974	10	4	2	0
QUAL	0	975	12	2	4	1
QUAL	0	976	7	3	1	0
QUAL	0	977	10	5	2	2
QUAL	0	978	11	5	3	0
QUAL	0	979	12	4	6	0
QUAL	0	980	8	2	3	1
QUAL	0	981	4	1	2	0
QUAL	0	982	9	3	4	0
QUAL	0	983	9	3	0	1
QUAL	0	984	10	7	2	0
QUAL	0	985	10	3	3	1
QUAL	0	986	8	3	3	0
QUAL	0	987	8	1	4	0
QUAL	0	988	9	6	0	0
QUAL	0	989	10	2	4	0
QUAL	0	990	5	0	1	0
QUAL	0	991	5	1	1	1
QUAL	0	992	8	5	3	1
QUAL	0	993	7	3	2	0
QUAL	0	994	5	1	1	0
QUAL	0	995	14	5	7	0
QUAL	0	996	14	5	4	1
QUAL	0	997	10	6	0	0
QUAL	0	998	3966	1146	941	226
