DP	[2]id	[3]bin	[4]number of genotypes	[5]fraction of genotypes (%)	[6]number of sites	[7]fraction of sites (%)
DP	0	1	253324	17.728578	0	0.000000
DP	0	2	233400	16.334220	14036	5.299604
DP	0	3	152914	10.701504	14202	5.362281
DP	0	4	120461	8.430319	13829	5.221446
DP	0	5	103413	7.237235	12866	4.857844
DP	0	6	89240	6.245355	10852	4.097414
DP	0	7	79430	5.558814	9747	3.680196
DP	0	8	87761	6.141849	8823	3.331320
DP	0	9	40311	2.821117	7712	2.911837
DP	0	10	30958	2.166559	6933	2.617708
DP	0	11	26380	1.846173	6136	2.316783
DP	0	12	22092	1.546082	5754	2.172551
DP	0	13	19572	1.369723	5197	1.962243
DP	0	14	17886	1.251730	5083	1.919200
DP	0	15	15792	1.105184	4779	1.804418
DP	0	16	14076	0.985092	4272	1.612988
DP	0	17	11986	0.838826	4046	1.527657
DP	0	18	10845	0.758974	3762	1.420427
DP	0	19	9549	0.668275	3746	1.414386
DP	0	20	8684	0.607739	3328	1.256560
DP	0	21	7569	0.529707	3538	1.335850
DP	0	22	6464	0.452375	3445	1.300736
DP	0	23	6044	0.422982	3181	1.201057
DP	0	24	5237	0.366505	3097	1.169341
DP	0	25	4706	0.329344	2977	1.124032
DP	0	26	3897	0.272727	2870	1.083632
DP	0	27	3742	0.261879	2718	1.026241
DP	0	28	3428	0.239904	2722	1.027752
DP	0	29	3123	0.218559	2472	0.933359
DP	0	30	2985	0.208902	2425	0.915613
DP	0	31	2664	0.186437	2455	0.926940
DP	0	32	2263	0.158373	2157	0.814423
DP	0	33	2203	0.154174	2240	0.845762
DP	0	34	1975	0.138218	2409	0.909571
DP	0	35	1934	0.135349	2231	0.842364
DP	0	36	1700	0.118972	2107	0.795545
DP	0	37	1452	0.101616	1870	0.706060
DP	0	38	1290	0.090279	1941	0.732868
DP	0	39	1153	0.080691	1949	0.735888
DP	0	40	1270	0.088879	1868	0.705305
DP	0	41	1034	0.072363	1716	0.647914
DP	0	42	1033	0.072293	1640	0.619218
DP	0	43	911	0.063755	1661	0.627147
DP	0	44	844	0.059066	1582	0.597319
DP	0	45	784	0.054867	1622	0.612422
DP	0	46	637	0.044580	1478	0.558052
DP	0	47	645	0.045140	1555	0.587125
DP	0	48	592	0.041430	1449	0.547102
DP	0	49	556	0.038911	1460	0.551255
DP	0	50	595	0.041640	1390	0.524825
DP	0	51	515	0.036042	1265	0.477629
DP	0	52	522	0.036532	1395	0.526713
DP	0	53	453	0.031703	1226	0.462904
DP	0	54	381	0.026664	1246	0.470455
DP	0	55	382	0.026734	1238	0.467434
DP	0	56	359	0.025124	1144	0.431943
DP	0	57	330	0.023095	1119	0.422503
DP	0	58	324	0.022675	967	0.365112
DP	0	59	276	0.019316	894	0.337550
DP	0	60	289	0.020225	753	0.284312
DP	0	61	247	0.017286	778	0.293751
DP	0	62	217	0.015186	816	0.308099
DP	0	63	216	0.015117	864	0.326222
DP	0	64	210	0.014697	712	0.268831
DP	0	65	236	0.016516	710	0.268076
DP	0	66	213	0.014907	768	0.289975
DP	0	67	206	0.014417	659	0.248820
DP	0	68	176	0.012317	697	0.263168
DP	0	69	174	0.012177	614	0.231829
DP	0	70	121	0.008468	677	0.255616
DP	0	71	159	0.011127	542	0.204644
DP	0	72	130	0.009098	617	0.232962
DP	0	73	130	0.009098	522	0.197093
DP	0	74	111	0.007768	541	0.204267
DP	0	75	112	0.007838	639	0.241269
DP	0	76	92	0.006439	593	0.223900
DP	0	77	108	0.007558	511	0.192939
DP	0	78	89	0.006229	546	0.206154
DP	0	79	60	0.004199	489	0.184633
DP	0	80	57	0.003989	464	0.175194
DP	0	81	68	0.004759	440	0.166132
DP	0	82	97	0.006788	393	0.148386
DP	0	83	65	0.004549	456	0.172173
DP	0	84	69	0.004829	383	0.144610
DP	0	85	52	0.003639	396	0.149519
DP	0	86	63	0.004409	375	0.141590
DP	0	87	54	0.003779	413	0.155937
DP	0	88	42	0.002939	414	0.156315
DP	0	89	42	0.002939	372	0.140457
DP	0	90	42	0.002939	403	0.152162
DP	0	91	39	0.002729	371	0.140079
DP	0	92	24	0.001680	398	0.150274
DP	0	93	39	0.002729	364	0.137436
DP	0	94	35	0.002449	307	0.115915
DP	0	95	17	0.001190	394	0.148763
DP	0	96	34	0.002379	417	0.157448
DP	0	97	27	0.001890	336	0.126864
DP	0	98	24	0.001680	343	0.129507
DP	0	99	35	0.002449	322	0.121578
DP	0	100	29	0.002030	282	0.106475
DP	0	101	33	0.002309	306	0.115537
DP	0	102	24	0.001680	293	0.110629
DP	0	103	17	0.001190	319	0.120446
DP	0	104	23	0.001610	321	0.121201
DP	0	105	20	0.001400	288	0.108741
DP	0	106	23	0.001610	253	0.095526
DP	0	107	10	0.000700	276	0.104210
DP	0	108	13	0.000910	272	0.102700
DP	0	109	10	0.000700	316	0.119313
DP	0	110	7	0.000490	328	0.123844
DP	0	111	7	0.000490	273	0.103077
DP	0	112	7	0.000490	281	0.106098
DP	0	113	10	0.000700	260	0.098169
DP	0	114	10	0.000700	265	0.100057
DP	0	115	11	0.000770	307	0.115915
DP	0	116	9	0.000630	261	0.098546
DP	0	117	9	0.000630	245	0.092505
DP	0	118	11	0.000770	214	0.080800
DP	0	119	7	0.000490	231	0.087219
DP	0	120	7	0.000490	225	0.084954
DP	0	121	3	0.000210	233	0.087974
DP	0	122	5	0.000350	218	0.082311
DP	0	123	3	0.000210	182	0.068718
DP	0	124	6	0.000420	239	0.090240
DP	0	125	4	0.000280	197	0.074382
DP	0	126	3	0.000210	206	0.077780
DP	0	127	1	0.000070	204	0.077025
DP	0	128	2	0.000140	198	0.074759
DP	0	129	1	0.000070	185	0.069851
DP	0	130	1	0.000070	207	0.078157
DP	0	131	0	0.000000	210	0.079290
DP	0	132	0	0.000000	197	0.074382
DP	0	133	0	0.000000	178	0.067208
DP	0	134	1	0.000070	189	0.071361
DP	0	135	1	0.000070	206	0.077780
DP	0	136	2	0.000140	151	0.057013
DP	0	137	0	0.000000	132	0.049840
DP	0	138	1	0.000070	182	0.068718
DP	0	139	0	0.000000	159	0.060034
DP	0	140	0	0.000000	159	0.060034
DP	0	141	0	0.000000	158	0.059656
DP	0	142	1	0.000070	166	0.062677
DP	0	143	1	0.000070	202	0.076270
DP	0	144	1	0.000070	192	0.072494
DP	0	145	0	0.000000	168	0.063432
DP	0	146	0	0.000000	152	0.057391
DP	0	147	0	0.000000	161	0.060789
DP	0	148	0	0.000000	165	0.062299
DP	0	149	0	0.000000	147	0.055503
DP	0	150	1	0.000070	180	0.067963
DP	0	151	0	0.000000	152	0.057391
DP	0	152	0	0.000000	170	0.064187
DP	0	153	0	0.000000	115	0.043421
DP	0	154	0	0.000000	125	0.047197
DP	0	155	0	0.000000	149	0.056258
DP	0	156	0	0.000000	120	0.045309
DP	0	157	0	0.000000	118	0.044554
DP	0	158	0	0.000000	119	0.044931
DP	0	159	0	0.000000	116	0.043798
DP	0	160	0	0.000000	119	0.044931
DP	0	161	0	0.000000	115	0.043421
DP	0	162	0	0.000000	126	0.047574
DP	0	163	0	0.000000	101	0.038135
DP	0	164	0	0.000000	108	0.040778
DP	0	165	0	0.000000	100	0.037757
DP	0	166	0	0.000000	94	0.035492
DP	0	167	0	0.000000	84	0.031716
DP	0	168	0	0.000000	92	0.034737
DP	0	169	0	0.000000	88	0.033226
DP	0	170	0	0.000000	98	0.037002
DP	0	171	0	0.000000	120	0.045309
DP	0	172	0	0.000000	122	0.046064
DP	0	173	0	0.000000	138	0.052105
DP	0	174	0	0.000000	98	0.037002
DP	0	175	0	0.000000	96	0.036247
DP	0	176	0	0.000000	89	0.033604
DP	0	177	0	0.000000	80	0.030206
DP	0	178	0	0.000000	90	0.033981
DP	0	179	0	0.000000	99	0.037380
DP	0	180	0	0.000000	88	0.033226
DP	0	181	0	0.000000	88	0.033226
DP	0	182	0	0.000000	99	0.037380
DP	0	183	0	0.000000	94	0.035492
DP	0	184	0	0.000000	86	0.032471
DP	0	185	0	0.000000	62	0.023409
DP	0	186	0	0.000000	93	0.035114
DP	0	187	0	0.000000	78	0.029451
DP	0	188	0	0.000000	90	0.033981
DP	0	189	0	0.000000	85	0.032094
DP	0	190	0	0.000000	89	0.033604
DP	0	191	0	0.000000	91	0.034359
DP	0	192	0	0.000000	51	0.019256
DP	0	193	0	0.000000	67	0.025297
DP	0	194	0	0.000000	71	0.026808
DP	0	195	0	0.000000	80	0.030206
DP	0	196	0	0.000000	83	0.031338
DP	0	197	0	0.000000	71	0.026808
DP	0	198	0	0.000000	61	0.023032
DP	0	199	0	0.000000	75	0.028318
DP	0	200	0	0.000000	86	0.032471
DP	0	201	0	0.000000	70	0.026430
DP	0	202	0	0.000000	53	0.020011
DP	0	203	0	0.000000	61	0.023032
DP	0	204	0	0.000000	85	0.032094
DP	0	205	0	0.000000	64	0.024165
DP	0	206	0	0.000000	77	0.029073
DP	0	207	0	0.000000	39	0.014725
DP	0	208	0	0.000000	76	0.028695
DP	0	209	0	0.000000	76	0.028695
DP	0	210	0	0.000000	72	0.027185
DP	0	211	0	0.000000	64	0.024165
DP	0	212	0	0.000000	57	0.021522
DP	0	213	0	0.000000	56	0.021144
DP	0	214	0	0.000000	46	0.017368
DP	0	215	0	0.000000	43	0.016236
DP	0	216	0	0.000000	56	0.021144
DP	0	217	0	0.000000	46	0.017368
DP	0	218	0	0.000000	61	0.023032
DP	0	219	0	0.000000	52	0.019634
DP	0	220	0	0.000000	43	0.016236
DP	0	221	0	0.000000	58	0.021899
DP	0	222	0	0.000000	69	0.026052
DP	0	223	0	0.000000	51	0.019256
DP	0	224	0	0.000000	64	0.024165
DP	0	225	0	0.000000	40	0.015103
DP	0	226	0	0.000000	74	0.027940
DP	0	227	0	0.000000	41	0.015480
DP	0	228	0	0.000000	44	0.016613
DP	0	229	0	0.000000	50	0.018879
DP	0	230	0	0.000000	53	0.020011
DP	0	231	0	0.000000	59	0.022277
DP	0	232	0	0.000000	61	0.023032
DP	0	233	0	0.000000	69	0.026052
DP	0	234	0	0.000000	54	0.020389
DP	0	235	0	0.000000	53	0.020011
DP	0	236	0	0.000000	39	0.014725
DP	0	237	0	0.000000	46	0.017368
DP	0	238	0	0.000000	38	0.014348
DP	0	239	0	0.000000	47	0.017746
DP	0	240	0	0.000000	55	0.020766
DP	0	241	0	0.000000	50	0.018879
DP	0	242	0	0.000000	62	0.023409
DP	0	243	0	0.000000	42	0.015858
DP	0	244	0	0.000000	55	0.020766
DP	0	245	0	0.000000	41	0.015480
DP	0	246	0	0.000000	39	0.014725
DP	0	247	0	0.000000	33	0.012460
DP	0	248	0	0.000000	31	0.011705
DP	0	249	0	0.000000	43	0.016236
DP	0	250	0	0.000000	28	0.010572
DP	0	251	0	0.000000	35	0.013215
DP	0	252	0	0.000000	44	0.016613
DP	0	253	0	0.000000	36	0.013593
DP	0	254	0	0.000000	23	0.008684
DP	0	255	0	0.000000	26	0.009817
DP	0	256	0	0.000000	24	0.009062
DP	0	257	0	0.000000	33	0.012460
DP	0	258	0	0.000000	20	0.007551
DP	0	259	0	0.000000	37	0.013970
DP	0	260	0	0.000000	38	0.014348
DP	0	261	0	0.000000	34	0.012837
DP	0	262	0	0.000000	26	0.009817
DP	0	263	0	0.000000	30	0.011327
DP	0	264	0	0.000000	40	0.015103
DP	0	265	0	0.000000	41	0.015480
DP	0	266	0	0.000000	49	0.018501
DP	0	267	0	0.000000	37	0.013970
DP	0	268	0	0.000000	20	0.007551
DP	0	269	0	0.000000	19	0.007174
DP	0	270	0	0.000000	29	0.010950
DP	0	271	0	0.000000	34	0.012837
DP	0	272	0	0.000000	25	0.009439
DP	0	273	0	0.000000	26	0.009817
DP	0	274	0	0.000000	23	0.008684
DP	0	275	0	0.000000	27	0.010194
DP	0	276	0	0.000000	30	0.011327
DP	0	277	0	0.000000	16	0.006041
DP	0	278	0	0.000000	24	0.009062
DP	0	279	0	0.000000	31	0.011705
DP	0	280	0	0.000000	17	0.006419
DP	0	281	0	0.000000	19	0.007174
DP	0	282	0	0.000000	18	0.006796
DP	0	283	0	0.000000	34	0.012837
DP	0	284	0	0.000000	30	0.011327
DP	0	285	0	0.000000	24	0.009062
DP	0	286	0	0.000000	28	0.010572
DP	0	287	0	0.000000	25	0.009439
DP	0	288	0	0.000000	35	0.013215
DP	0	289	0	0.000000	20	0.007551
DP	0	290	0	0.000000	21	0.007929
DP	0	291	0	0.000000	14	0.005286
DP	0	292	0	0.000000	24	0.009062
DP	0	293	0	0.000000	9	0.003398
DP	0	294	0	0.000000	23	0.008684
DP	0	295	0	0.000000	20	0.007551
DP	0	296	0	0.000000	17	0.006419
DP	0	297	0	0.000000	14	0.005286
DP	0	298	0	0.000000	15	0.005664
DP	0	299	0	0.000000	6	0.002265
DP	0	300	0	0.000000	13	0.004908
DP	0	301	0	0.000000	28	0.010572
DP	0	302	0	0.000000	18	0.006796
DP	0	303	0	0.000000	19	0.007174
DP	0	304	0	0.000000	19	0.007174
DP	0	305	0	0.000000	17	0.006419
DP	0	306	0	0.000000	19	0.007174
DP	0	307	0	0.000000	7	0.002643
DP	0	308	0	0.000000	12	0.004531
DP	0	309	0	0.000000	17	0.006419
DP	0	310	0	0.000000	25	0.009439
DP	0	311	0	0.000000	19	0.007174
DP	0	312	0	0.000000	12	0.004531
DP	0	313	0	0.000000	21	0.007929
DP	0	314	0	0.000000	10	0.003776
DP	0	315	0	0.000000	10	0.003776
DP	0	316	0	0.000000	17	0.006419
DP	0	317	0	0.000000	14	0.005286
DP	0	318	0	0.000000	17	0.006419
DP	0	319	0	0.000000	16	0.006041
DP	0	320	0	0.000000	13	0.004908
DP	0	321	0	0.000000	8	0.003021
DP	0	322	0	0.000000	10	0.003776
DP	0	323	0	0.000000	12	0.004531
DP	0	324	0	0.000000	14	0.005286
DP	0	325	0	0.000000	19	0.007174
DP	0	326	0	0.000000	26	0.009817
DP	0	327	0	0.000000	12	0.004531
DP	0	328	0	0.000000	14	0.005286
DP	0	329	0	0.000000	12	0.004531
DP	0	330	0	0.000000	9	0.003398
DP	0	331	0	0.000000	8	0.003021
DP	0	332	0	0.000000	11	0.004153
DP	0	333	0	0.000000	11	0.004153
DP	0	334	0	0.000000	14	0.005286
DP	0	335	0	0.000000	10	0.003776
DP	0	336	0	0.000000	11	0.004153
DP	0	337	0	0.000000	5	0.001888
DP	0	338	0	0.000000	8	0.003021
DP	0	339	0	0.000000	12	0.004531
DP	0	340	0	0.000000	9	0.003398
DP	0	341	0	0.000000	8	0.003021
DP	0	342	0	0.000000	12	0.004531
DP	0	343	0	0.000000	8	0.003021
DP	0	344	0	0.000000	7	0.002643
DP	0	345	0	0.000000	10	0.003776
DP	0	346	0	0.000000	12	0.004531
DP	0	347	0	0.000000	12	0.004531
DP	0	348	0	0.000000	4	0.001510
DP	0	349	0	0.000000	6	0.002265
DP	0	350	0	0.000000	7	0.002643
DP	0	351	0	0.000000	11	0.004153
DP	0	352	0	0.000000	7	0.002643
DP	0	353	0	0.000000	5	0.001888
DP	0	354	0	0.000000	5	0.001888
DP	0	355	0	0.000000	9	0.003398
DP	0	356	0	0.000000	8	0.003021
DP	0	357	0	0.000000	4	0.001510
DP	0	358	0	0.000000	5	0.001888
DP	0	359	0	0.000000	8	0.003021
DP	0	360	0	0.000000	5	0.001888
DP	0	361	0	0.000000	8	0.003021
DP	0	362	0	0.000000	5	0.001888
DP	0	363	0	0.000000	13	0.004908
DP	0	364	0	0.000000	9	0.003398
DP	0	365	0	0.000000	9	0.003398
DP	0	366	0	0.000000	8	0.003021
DP	0	367	0	0.000000	3	0.001133
DP	0	368	0	0.000000	17	0.006419
DP	0	369	0	0.000000	6	0.002265
DP	0	370	0	0.000000	17	0.006419
DP	0	371	0	0.000000	5	0.001888
DP	0	372	0	0.000000	11	0.004153
DP	0	373	0	0.000000	11	0.004153
DP	0	374	0	0.000000	9	0.003398
DP	0	375	0	0.000000	9	0.003398
DP	0	376	0	0.000000	6	0.002265
DP	0	377	0	0.000000	4	0.001510
DP	0	378	0	0.000000	7	0.002643
DP	0	379	0	0.000000	3	0.001133
DP	0	380	0	0.000000	7	0.002643
DP	0	381	0	0.000000	10	0.003776
DP	0	382	0	0.000000	3	0.001133
DP	0	383	0	0.000000	9	0.003398
DP	0	384	0	0.000000	3	0.001133
DP	0	385	0	0.000000	3	0.001133
DP	0	386	0	0.000000	7	0.002643
DP	0	387	0	0.000000	8	0.003021
DP	0	388	0	0.000000	14	0.005286
DP	0	389	0	0.000000	4	0.001510
DP	0	390	0	0.000000	10	0.003776
DP	0	391	0	0.000000	3	0.001133
DP	0	392	0	0.000000	8	0.003021
DP	0	393	0	0.000000	12	0.004531
DP	0	394	0	0.000000	9	0.003398
DP	0	395	0	0.000000	8	0.003021
DP	0	396	0	0.000000	8	0.003021
DP	0	397	0	0.000000	10	0.003776
DP	0	398	0	0.000000	12	0.004531
DP	0	399	0	0.000000	13	0.004908
DP	0	400	0	0.000000	10	0.003776
DP	0	401	0	0.000000	7	0.002643
DP	0	402	0	0.000000	15	0.005664
DP	0	403	0	0.000000	9	0.003398
DP	0	404	0	0.000000	10	0.003776
DP	0	405	0	0.000000	7	0.002643
DP	0	406	0	0.000000	6	0.002265
DP	0	407	0	0.000000	5	0.001888
DP	0	408	0	0.000000	7	0.002643
DP	0	409	0	0.000000	4	0.001510
DP	0	410	0	0.000000	7	0.002643
DP	0	411	0	0.000000	13	0.004908
DP	0	412	0	0.000000	3	0.001133
DP	0	413	0	0.000000	6	0.002265
DP	0	414	0	0.000000	9	0.003398
DP	0	415	0	0.000000	5	0.001888
DP	0	416	0	0.000000	5	0.001888
DP	0	417	0	0.000000	7	0.002643
DP	0	418	0	0.000000	15	0.005664
DP	0	419	0	0.000000	7	0.002643
DP	0	420	0	0.000000	9	0.003398
DP	0	421	0	0.000000	10	0.003776
DP	0	422	0	0.000000	2	0.000755
DP	0	423	0	0.000000	13	0.004908
DP	0	424	0	0.000000	4	0.001510
DP	0	425	0	0.000000	7	0.002643
DP	0	426	0	0.000000	10	0.003776
DP	0	427	0	0.000000	10	0.003776
DP	0	428	0	0.000000	11	0.004153
DP	0	429	0	0.000000	7	0.002643
DP	0	430	0	0.000000	3	0.001133
DP	0	431	0	0.000000	10	0.003776
DP	0	432	0	0.000000	2	0.000755
DP	0	433	0	0.000000	5	0.001888
DP	0	434	0	0.000000	4	0.001510
DP	0	435	0	0.000000	1	0.000378
DP	0	436	0	0.000000	6	0.002265
DP	0	437	0	0.000000	2	0.000755
DP	0	438	0	0.000000	6	0.002265
DP	0	439	0	0.000000	3	0.001133
DP	0	440	0	0.000000	8	0.003021
DP	0	441	0	0.000000	10	0.003776
DP	0	442	0	0.000000	15	0.005664
DP	0	443	0	0.000000	5	0.001888
DP	0	444	0	0.000000	14	0.005286
DP	0	445	0	0.000000	9	0.003398
DP	0	446	0	0.000000	4	0.001510
DP	0	447	0	0.000000	12	0.004531
DP	0	448	0	0.000000	7	0.002643
DP	0	449	0	0.000000	7	0.002643
DP	0	450	0	0.000000	8	0.003021
DP	0	451	0	0.000000	7	0.002643
DP	0	452	0	0.000000	3	0.001133
DP	0	453	0	0.000000	9	0.003398
DP	0	454	0	0.000000	3	0.001133
DP	0	455	0	0.000000	5	0.001888
DP	0	456	0	0.000000	13	0.004908
DP	0	457	0	0.000000	8	0.003021
DP	0	458	0	0.000000	7	0.002643
DP	0	459	0	0.000000	13	0.004908
DP	0	460	0	0.000000	7	0.002643
DP	0	461	0	0.000000	4	0.001510
DP	0	462	0	0.000000	7	0.002643
DP	0	463	0	0.000000	9	0.003398
DP	0	464	0	0.000000	7	0.002643
DP	0	465	0	0.000000	4	0.001510
DP	0	466	0	0.000000	7	0.002643
DP	0	467	0	0.000000	8	0.003021
DP	0	468	0	0.000000	10	0.003776
DP	0	469	0	0.000000	5	0.001888
DP	0	470	0	0.000000	3	0.001133
DP	0	471	0	0.000000	3	0.001133
DP	0	472	0	0.000000	4	0.001510
DP	0	473	0	0.000000	2	0.000755
DP	0	474	0	0.000000	3	0.001133
DP	0	475	0	0.000000	7	0.002643
DP	0	476	0	0.000000	2	0.000755
DP	0	477	0	0.000000	8	0.003021
DP	0	478	0	0.000000	3	0.001133
DP	0	479	0	0.000000	1	0.000378
DP	0	480	0	0.000000	4	0.001510
DP	0	481	0	0.000000	11	0.004153
DP	0	482	0	0.000000	1	0.000378
DP	0	483	0	0.000000	3	0.001133
DP	0	484	0	0.000000	5	0.001888
DP	0	485	0	0.000000	5	0.001888
DP	0	486	0	0.000000	12	0.004531
DP	0	487	0	0.000000	5	0.001888
DP	0	488	0	0.000000	3	0.001133
DP	0	489	0	0.000000	5	0.001888
DP	0	490	0	0.000000	8	0.003021
DP	0	491	0	0.000000	1	0.000378
DP	0	492	0	0.000000	2	0.000755
DP	0	493	0	0.000000	4	0.001510
DP	0	494	0	0.000000	2	0.000755
DP	0	495	0	0.000000	1	0.000378
DP	0	496	0	0.000000	2	0.000755
DP	0	497	0	0.000000	2	0.000755
DP	0	498	0	0.000000	5	0.001888
DP	0	499	0	0.000000	2	0.000755
DP	0	500	0	0.000000	3	0.001133
DP	0	501	0	0.000000	2	0.000755
DP	0	502	0	0.000000	3	0.001133
DP	0	503	0	0.000000	2	0.000755
DP	0	504	0	0.000000	3	0.001133
DP	0	505	0	0.000000	7	0.002643
DP	0	506	0	0.000000	1	0.000378
DP	0	507	0	0.000000	2	0.000755
DP	0	508	0	0.000000	2	0.000755
DP	0	509	0	0.000000	1	0.000378
DP	0	511	0	0.000000	2	0.000755
DP	0	512	0	0.000000	3	0.001133
DP	0	513	0	0.000000	1	0.000378
DP	0	514	0	0.000000	4	0.001510
DP	0	515	0	0.000000	5	0.001888
DP	0	516	0	0.000000	1	0.000378
DP	0	518	0	0.000000	3	0.001133
DP	0	519	0	0.000000	2	0.000755
DP	0	520	0	0.000000	1	0.000378
DP	0	521	0	0.000000	2	0.000755
DP	0	523	0	0.000000	2	0.000755
DP	0	524	0	0.000000	1	0.000378
DP	0	525	0	0.000000	1	0.000378
DP	0	526	0	0.000000	5	0.001888
DP	0	527	0	0.000000	5	0.001888
DP	0	528	0	0.000000	3	0.001133
DP	0	529	0	0.000000	3	0.001133
DP	0	530	0	0.000000	2	0.000755
DP	0	531	0	0.000000	4	0.001510
DP	0	532	0	0.000000	2	0.000755
DP	0	533	0	0.000000	2	0.000755
DP	0	534	0	0.000000	3	0.001133
DP	0	535	0	0.000000	1	0.000378
DP	0	536	0	0.000000	2	0.000755
DP	0	538	0	0.000000	4	0.001510
DP	0	539	0	0.000000	4	0.001510
DP	0	540	0	0.000000	5	0.001888
DP	0	542	0	0.000000	1	0.000378
DP	0	543	0	0.000000	3	0.001133
DP	0	545	0	0.000000	1	0.000378
DP	0	546	0	0.000000	1	0.000378
DP	0	547	0	0.000000	3	0.001133
DP	0	549	0	0.000000	2	0.000755
DP	0	551	0	0.000000	2	0.000755
DP	0	552	0	0.000000	1	0.000378
DP	0	553	0	0.000000	1	0.000378
DP	0	554	0	0.000000	1	0.000378
DP	0	555	0	0.000000	1	0.000378
DP	0	557	0	0.000000	2	0.000755
DP	0	558	0	0.000000	3	0.001133
DP	0	559	0	0.000000	2	0.000755
DP	0	560	0	0.000000	3	0.001133
DP	0	562	0	0.000000	1	0.000378
DP	0	563	0	0.000000	1	0.000378
DP	0	564	0	0.000000	1	0.000378
DP	0	565	0	0.000000	2	0.000755
DP	0	566	0	0.000000	2	0.000755
DP	0	567	0	0.000000	2	0.000755
DP	0	568	0	0.000000	2	0.000755
DP	0	569	0	0.000000	1	0.000378
DP	0	571	0	0.000000	2	0.000755
DP	0	573	0	0.000000	1	0.000378
DP	0	575	0	0.000000	1	0.000378
DP	0	581	0	0.000000	1	0.000378
DP	0	582	0	0.000000	1	0.000378
DP	0	583	0	0.000000	1	0.000378
DP	0	584	0	0.000000	3	0.001133
DP	0	588	0	0.000000	1	0.000378
DP	0	589	0	0.000000	2	0.000755
DP	0	590	0	0.000000	1	0.000378
DP	0	591	0	0.000000	4	0.001510
DP	0	592	0	0.000000	2	0.000755
DP	0	593	0	0.000000	3	0.001133
DP	0	595	0	0.000000	1	0.000378
DP	0	599	0	0.000000	1	0.000378
DP	0	600	0	0.000000	1	0.000378
DP	0	601	0	0.000000	1	0.000378
DP	0	603	0	0.000000	1	0.000378
DP	0	604	0	0.000000	2	0.000755
DP	0	606	0	0.000000	2	0.000755
DP	0	607	0	0.000000	2	0.000755
DP	0	609	0	0.000000	1	0.000378
DP	0	610	0	0.000000	1	0.000378
DP	0	611	0	0.000000	1	0.000378
DP	0	614	0	0.000000	1	0.000378
DP	0	618	0	0.000000	1	0.000378
DP	0	621	0	0.000000	1	0.000378
DP	0	623	0	0.000000	3	0.001133
DP	0	628	0	0.000000	1	0.000378
DP	0	629	0	0.000000	1	0.000378
DP	0	630	0	0.000000	1	0.000378
DP	0	632	0	0.000000	1	0.000378
DP	0	633	0	0.000000	1	0.000378
DP	0	637	0	0.000000	1	0.000378
DP	0	644	0	0.000000	1	0.000378
DP	0	648	0	0.000000	1	0.000378
DP	0	649	0	0.000000	2	0.000755
DP	0	652	0	0.000000	1	0.000378
DP	0	653	0	0.000000	2	0.000755
DP	0	655	0	0.000000	1	0.000378
DP	0	656	0	0.000000	1	0.000378
DP	0	657	0	0.000000	2	0.000755
DP	0	660	0	0.000000	1	0.000378
DP	0	661	0	0.000000	1	0.000378
DP	0	663	0	0.000000	1	0.000378
DP	0	664	0	0.000000	2	0.000755
DP	0	665	0	0.000000	1	0.000378
DP	0	666	0	0.000000	1	0.000378
DP	0	668	0	0.000000	1	0.000378
DP	0	673	0	0.000000	2	0.000755
DP	0	675	0	0.000000	1	0.000378
DP	0	678	0	0.000000	1	0.000378
DP	0	680	0	0.000000	1	0.000378
DP	0	682	0	0.000000	2	0.000755
DP	0	683	0	0.000000	1	0.000378
DP	0	684	0	0.000000	1	0.000378
DP	0	686	0	0.000000	1	0.000378
DP	0	690	0	0.000000	1	0.000378
DP	0	692	0	0.000000	1	0.000378
DP	0	694	0	0.000000	1	0.000378
DP	0	695	0	0.000000	2	0.000755
DP	0	696	0	0.000000	2	0.000755
DP	0	697	0	0.000000	1	0.000378
DP	0	699	0	0.000000	1	0.000378
DP	0	700	0	0.000000	1	0.000378
DP	0	704	0	0.000000	1	0.000378
DP	0	710	0	0.000000	1	0.000378
DP	0	720	0	0.000000	1	0.000378
DP	0	721	0	0.000000	1	0.000378
DP	0	725	0	0.000000	1	0.000378
DP	0	726	0	0.000000	1	0.000378
DP	0	728	0	0.000000	2	0.000755
DP	0	739	0	0.000000	1	0.000378
DP	0	743	0	0.000000	1	0.000378
DP	0	745	0	0.000000	1	0.000378
DP	0	756	0	0.000000	1	0.000378
DP	0	759	0	0.000000	1	0.000378
DP	0	764	0	0.000000	1	0.000378
DP	0	766	0	0.000000	2	0.000755
DP	0	773	0	0.000000	1	0.000378
DP	0	774	0	0.000000	1	0.000378
DP	0	775	0	0.000000	1	0.000378
DP	0	776	0	0.000000	1	0.000378
DP	0	778	0	0.000000	2	0.000755
DP	0	779	0	0.000000	1	0.000378
DP	0	781	0	0.000000	2	0.000755
DP	0	782	0	0.000000	1	0.000378
DP	0	783	0	0.000000	2	0.000755
DP	0	784	0	0.000000	2	0.000755
DP	0	785	0	0.000000	1	0.000378
DP	0	786	0	0.000000	1	0.000378
DP	0	787	0	0.000000	2	0.000755
DP	0	789	0	0.000000	3	0.001133
DP	0	790	0	0.000000	2	0.000755
DP	0	792	0	0.000000	2	0.000755
DP	0	794	0	0.000000	2	0.000755
DP	0	801	0	0.000000	2	0.000755
DP	0	802	0	0.000000	2	0.000755
DP	0	804	0	0.000000	2	0.000755
DP	0	806	0	0.000000	1	0.000378
DP	0	813	0	0.000000	1	0.000378
DP	0	846	0	0.000000	1	0.000378
DP	0	870	0	0.000000	1	0.000378
DP	0	879	0	0.000000	1	0.000378
DP	0	909	0	0.000000	1	0.000378
DP	0	914	0	0.000000	1	0.000378
DP	0	916	0	0.000000	1	0.000378
DP	0	919	0	0.000000	1	0.000378
DP	0	927	0	0.000000	1	0.000378
DP	0	930	0	0.000000	1	0.000378
DP	0	948	0	0.000000	1	0.000378
